with mode=1, handoff cost coefficient = 1.0
133.96495937618172
134.02979499754628
134.0411202861377
134.05755515931634
134.07740023059182
134.12197511300687
134.13996607603346
134.15749966926208
134.20013872031603
134.21620510987037
134.2199938011519
134.23163365952692
134.2670724523668
134.27351382110604
134.29654975515007
134.30541637902013
134.31777024052212
134.33718896221606
134.34584508371222
134.35687577748757
134.4112695735372
134.42807846413322
134.4651507556094
134.48172318246716
134.50038165911536
134.54436950747373
134.58955533137762
134.60213320420058
134.6081861485563
134.63877407255714
134.65772505046453
134.6631554403313
134.66496782834204
134.72157986782764
134.8042980151695
134.8163369084028
134.85099261984132
134.887212055392
134.90670329069962
134.94169557047115
134.95091552974495
134.98935069211842
135.03237548341895
135.07822230015685
135.08769444672396
135.1882288722128
135.2438096644451
135.25182532364764
135.2552933564126
135.26434283806276
135.30304799983946
135.3285486066302
135.3361309137503
135.3803001513788
135.39429245641344
135.3973386676521
135.41295067674113
135.42252418316335
135.51942693842375
135.52215032560062
135.58920807072911
135.59666422515335
135.65111366734436
135.65999741996274
135.70139936136687
135.7003446891213
135.7134240844054
135.74651555714314
135.76118626391687
135.76444180893316
135.7712088997127
135.77572917080093
135.787235462873
135.8253254698171
135.84169122156817
135.850554827312
135.8617931781214
135.8796698614776
135.90883989122077
135.91665031646698
135.93518904990725
135.94387263061418
135.96892404684223
135.97688289193286
136.01810573199862
136.03060530668768
136.06203853123236
136.0708518983535
136.06936841790954
136.07315934577335
136.11402780380453
136.11913217531006
136.12447950072726
136.16657551736938
136.16817328177956
136.1777029913813
136.2115797592556
136.21059981088268
136.21181267662644
136.2119315067124
136.2226589322192
136.22259931283142
136.22255787605775
136.23819340752908
136.24522186990117
136.29392119550505
136.29058165279557
136.33107157897652
136.35369544014156
136.3523658898082
136.38322000569352
136.42564780504975
136.42952016032697
136.465173530215
136.50816115262006
136.50885562666758
136.5416555002803
136.58585003166036
136.58931774827673
136.60560552526138
136.61697782042683
136.6255442384037
136.62753300274494
136.6278926469713
136.64752342962743
136.67923779102856
136.68038910934357
136.7123682295985
136.74331378521723
136.75009179832634
136.75750197488094
136.7531092210309
136.76718240043903
136.77136042513607
136.7705672825973
136.78109683983791
136.78615207525138
136.78900606789705
136.7938583288753
136.83404290342588
136.8417414242807
136.84149663405793
136.85049286870833
136.85186176356396
136.85152928034654
136.85268406521232
136.85706883112937
136.8840656041014
136.88897170012993
136.89323734417513
136.89598704132527
136.89596454854728
136.92166899537003
136.92789160298614
136.974294291046
136.97374284648546
136.97576008093245
136.98145934465558
136.98789499891757
136.9874403628662
136.9895812004572
136.9905438845531
137.03298965107302
137.04191943386044
137.0508156654161
137.08126841006106
137.09661842615517
137.0979981731839
137.13242982298496
137.14555481810714
137.1831923504861
137.18611106614787
137.19062092590588
137.20841695676125
137.24474015508378
137.24456696877692
137.2501035989653
137.25243137531515
137.2558949952364
137.272957930519
137.30550329936256
137.30882056869677
137.31415697410327
137.35284987104038
137.39305908751516
137.43526833341662
137.43483940010276
137.45271579699022
137.4627884941696
137.47715881785706
137.47922748043587
137.49062639941926
137.49419619080456
137.49411019868643
137.49469910953394
137.4952598016985
137.49517674765846
137.49486646177223
137.49503652286853
137.50339373056127
137.5025560815195
137.51173280143604
137.52195372918
137.5325400806014
137.53603143189022
137.55634183458054
137.56673577254992
137.57714677203296
137.59096866792342
137.62129344244406
137.6214909955168
137.6509115239964
137.69959410929079
137.70071059831258
137.70487249898164
137.70715690911842
137.71422460999648
137.7329624338972
137.73589071212484
137.7709437820905
137.7784640010805
137.84628574502474
137.84514224101915
137.84980955551015
137.87338338788837
137.94826320860963
137.95534785123917
137.95608352012445
137.96543765379934
137.96546438829125
137.97157848855852
138.01107826809033
138.0511732705833
138.06646487649397
138.06478082020283
138.0671522758966
138.10632609566795
138.10289395271923
138.12242170585625
138.1493900124051
138.21331775627294
138.21894986156775
138.21899506932445
138.219875985154
138.22107285541108
138.24761020797322
138.24643630233268
138.2929968204391
138.29321700413124
138.33897312527037
138.3394061904467
138.3578124562667
138.40075763820954
138.43049081053178
138.46320752148412
138.46308115575778
138.4632132082696
138.46478042445844
138.4657812117383
138.46714885406192
138.5018938826194
138.52757861191088
138.55217252625448
138.55136493772457
138.60972803911457
138.64368029514162
138.64328149058957
138.67288971780758
138.6819891029466
138.6823191468186
138.70738633259876
138.7712430748179
138.77167055172853
138.77146336945788
138.80702864953534
138.81511953568696
138.85138950818842
138.86917299709071
138.87772107806637
138.87668390739094
138.8774332775366
138.87653076454305
138.88141725386077
138.88179483505917
138.91046078432822
138.91430381419505
138.94428696529752
139.0077255731494
139.00901000614857
139.04170529968783
139.04206219472863
139.05835335823596
139.05761945146753
139.09093336884624
139.11987398401283
139.12102700171116
139.1999063058862
139.1999753919399
139.19900996805814
139.19916288175475
139.200061854308
139.20847919925504
139.20823685070087
139.20862874723912
139.20795009198315
139.22559472756706
139.22677186525985
139.2269404295052
139.22822044460534
139.2346207065434
139.2425133584899
139.26745298851296
139.26624795825524
139.28335498739435
139.2889196051807
139.3163492726921
139.318794833422
139.36234616937912
139.36237249560645
139.36245586616923
139.37146480634573
139.40484898803982
139.41082018455634
139.41326443187998
139.43195936992166
139.46536122851828
139.46644341456107
139.48393268995852
139.49123961009602
139.53341252837424
139.53346057491927
139.54134746252927
139.54805687413037
139.5581247573541
139.55779298801488
139.55960410533865
139.55986916225223
139.57542594765437
139.59056535172857
139.59506442523303
139.62723205603046
139.62735455640492
139.62776769790668
139.63048725577465
139.65355999103681
139.69467699306756
139.69508274011676
139.71662013245225
139.73126714024312
139.7391167567119
139.73853457558
139.73924865683355
139.74060688854507
139.77366772779973
139.77401925309533
139.79041553541813
139.7972568244247
139.80355362803192
139.80669228152496
139.82234016389327
139.82038634626124
139.81654783967048
139.8254852379031
139.84169543163355
139.8443876263815
139.8442465024946
139.84443609608675
139.88818987423875
139.88979254888116
139.92695841627335
139.92688395806235
139.9352012689279
139.94288973223456
139.9426576930187
139.97925860086607
139.98183080002494
139.98242847372492
139.98510777909337
139.98672810683433
139.99628122207682
139.99591619650514
139.99420056515854
140.05021727425483
140.06263149254147
140.07224934134337
140.10224503828871
140.10461946987485
140.10288480785252
140.10471705819302
140.10503008146955
140.10437561173524
140.14173082952584
140.14824925983876
140.1484476133393
140.17890206092937
140.18035250624848
140.1876354684161
140.22253902604822
140.23837681892533
140.23962940416433
140.28009390293863
140.28010984988413
140.31901492754963
140.33514432873721
140.33503735086146
140.33390124026673
140.3415307720705
140.40156641358269
140.40235906825117
140.40318338877006
140.43445710441253
140.43436138254896
140.43199448673664
140.47612051518496
140.49673613841256
140.49707794533577
140.5157234840089
140.51742039542756
140.5813182528408
140.58218493258562
140.58927407952976
140.5915009033924
140.59130127273485
140.59224061970036
140.58988369351223
140.60137107941625
140.6004337615005
140.6341008082821
140.6354708779448
140.6355680479072
140.6457439003459
140.6674454718698
140.66701437264484
140.6667375555899
140.69432374194474
140.69654777954176
140.69735191990816
140.7513008155523
140.7512045368805
140.7883218733655
140.80132305877544
140.83250563028741
140.83360130169905
140.87136898970283
140.87030258830634
140.9261036209989
140.92473888752943
140.93916097542527
140.93941338022387
140.9400469789345
140.9502353910625
140.9542464007801
140.9555531738014
140.97727542774757
140.98303359797015
140.98373477782178
140.98098836003257
140.98026456729482
140.98891750480877
140.9880146135127
140.9900932560214
141.0008182488443
140.99994395073168
141.0079248994682
141.03655155039039
141.035921952611
141.03517431615913
141.03650602034747
141.03810019308216
141.05333859450923
141.0682202681884
141.08682894370165
141.08426307144984
141.0958343469133
141.1237295934402
141.12476032181016
141.15425782498247
141.16920192763334
141.16908259873892
141.17772971226606
141.17852944775925
141.17846378217263
141.17800034335343
141.17780212907107
141.17960306827962
141.17956555024324
141.17954941701637
141.20745844508076
141.2193397934913
141.22005145160875
141.22150314218078
141.2208884333347
141.21880700991272
141.22102233588518
141.23453883086816
141.2338023378835
141.2368440094906
141.23890888831818
141.239611143456
141.23760318178864
141.239611143456
