with mode=3, handoff cost coefficient = 1.0
133.96495937618172
134.0470682996064
134.06029648878427
134.31526045262007
134.4022225704229
134.41105014329293
134.85348894755805
134.8935585149403
134.90050165747138
135.14046013237854
135.1527143368798
135.19157035979617
135.1981068058329
135.36475614796035
135.36970937129914
135.37164557960887
135.58206266665758
135.58040833284187
135.5807023782949
135.63728643879395
135.69285725342957
136.44945015547555
136.45520062390958
136.4551957749923
136.64443734631402
136.80466216789057
137.62143920960511
137.68727184529078
137.70877146771667
137.74106975740324
138.10709874116466
138.41476628911886
138.64400980480087
138.64967126032175
138.66516560219864
138.6651662614329
138.6651662614329
138.6850678541068
138.6850678541068
138.6850678541068
138.7105978903379
139.4800650041292
139.48005651932067
139.62584365844356
139.62588407813513
139.6252069130017
139.62490705948682
139.62490705948682
139.62490705948682
139.62490705948682
139.63615297771673
139.63615297771673
140.28322612576756
140.28322612576756
140.28390299074732
140.28388619060277
140.28388619060277
140.28388619060277
140.31863566964964
140.31766156956823
140.32253050148884
140.33075619168292
140.33075619168292
140.3271237903387
140.35767539374248
140.38219991300525
140.38507579725865
140.38508173791257
140.38084291703274
140.6102388589286
140.61024416050523
140.61023891123085
140.60859006091604
140.61194025323348
140.61194025323348
140.61194025323348
140.6118392354768
140.6118392354768
140.6118392354768
140.6118392354768
140.61660193889895
140.6228053911797
140.6272648801048
140.62692624590937
140.627688193575
140.6336527690243
140.6336527690243
140.63364861398372
140.6324859634965
140.63502886508525
140.63502886508525
140.63502886508525
140.63502886508525
140.63502886508525
140.63502886508525
140.63502886508525
140.63502886508525
140.63502886508525
140.63502886508525
140.63611852720635
140.63611852720635
140.63746069433876
140.63804124956704
140.6380418368194
140.63766235921454
140.63766235921454
140.63766235921454
140.63766235921454
140.63766235921454
140.63766235921454
140.63766235921454
140.63766235921454
140.63766235921454
140.63937480472075
140.63975239872565
140.639852294359
140.64266484016315
140.64242236193414
140.64232454415526
140.64232454415526
140.64232454415526
140.64232454415526
140.64232454415526
140.64232454415526
140.64232454415526
140.64232454415526
140.64232454415526
140.64232454415526
140.6448564011749
140.64484294303435
140.6448563689662
140.6448563689662
140.6448563689662
140.6448563689662
140.6448563689662
140.6448563689662
140.6448563689662
140.6448563689662
140.6448563689662
140.6448563689662
140.6448563689662
140.6448563689662
140.6448563689662
140.6448563689662
140.6448563689662
140.6448563689662
140.6448563689662
140.6448563689662
140.6448563689662
140.6448563689662
140.6448563689662
140.6448563689662
140.6448563689662
140.6448563689662
140.6448563689662
140.6448563689662
140.6448563689662
140.6448563689662
140.6448563689662
140.6448563689662
140.6448563689662
140.6448563689662
140.6448563689662
140.6448563689662
140.6448563689662
140.6448563689662
140.6448563689662
140.6448563689662
140.6448563689662
140.64630359294358
140.64630359294358
140.64630076358932
140.64630735934062
140.64630735934062
140.64797057690967
140.64797057690967
140.64828269081997
140.64828269081997
140.64828269081997
140.64828269081997
140.64828269081997
140.6584800958954
140.6584800958954
140.65755776955467
140.65691359576047
140.65691359576047
140.65691359576047
140.65691359576047
140.65691359576047
140.6585448679425
140.6585448679425
140.66010909822143
140.6601108273514
140.66010964324374
140.66010964324374
140.66010964324374
140.66010964324374
140.66010964324374
140.66010964324374
140.66010964324374
140.66010964324374
140.66010964324374
140.66010964324374
140.66010964324374
140.66010964324374
140.66010964324374
140.66010964324374
140.66010964324374
140.66010964324374
140.66010964324374
140.66010964324374
140.66010964324374
140.66010964324374
140.66010964324374
140.66010964324374
140.66010964324374
140.66010964324374
140.66010964324374
140.66010964324374
140.66010964324374
140.66010964324374
140.66010964324374
140.66010964324374
140.66010964324374
140.66010964324374
140.66010964324374
140.66010964324374
140.66010964324374
140.66010964324374
140.66010964324374
140.66010964324374
140.66010964324374
140.66010964324374
140.66219011057115
140.66219011057115
140.66219011057115
140.66218943876984
140.66218943876984
140.66218943876984
140.66218943876984
140.66218943876984
140.66218943876984
140.66218943876984
140.66218943876984
140.66218943876984
140.66218943876984
140.66218943876984
140.66218943876984
140.66218943876984
140.66218943876984
140.66218943876984
140.66218943876984
140.66218943876984
140.66218943876984
140.66218943876984
140.66218943876984
140.66218943876984
140.66218943876984
140.66218943876984
140.66218943876984
140.66218943876984
140.66218943876984
140.66218943876984
140.66218943876984
140.66218943876984
140.66218943876984
140.66218943876984
140.66218943876984
140.66218943876984
140.66218943876984
140.66218943876984
140.66218943876984
140.66218943876984
140.66218943876984
140.66218943876984
140.66218943876984
140.66218943876984
140.66218943876984
140.66218943876984
140.66218943876984
140.66218943876984
140.66218943876984
140.66218943876984
140.6646085464443
140.66460636691843
140.66382845433438
140.66382845433438
140.66382845433438
140.66382845433438
140.66382845433438
140.66382845433438
140.66382845433438
140.66382845433438
140.66382845433438
140.66382845433438
140.66382845433438
140.66382845433438
140.66382845433438
140.66382845433438
140.66382845433438
140.66382845433438
140.66382845433438
140.66382845433438
140.66382845433438
140.66382845433438
140.66382845433438
140.66382845433438
140.66382845433438
140.66382845433438
140.66382845433438
140.66382845433438
140.66382845433438
140.66382845433438
140.66382845433438
140.66382845433438
140.66382845433438
140.66382845433438
140.66382845433438
140.66382845433438
140.66382845433438
140.66382845433438
140.66382845433438
140.66382845433438
140.66382845433438
140.66382845433438
140.66382845433438
140.66382845433438
140.66382845433438
140.66382845433438
140.66382845433438
140.66382845433438
140.66382845433438
140.66382845433438
140.66382845433438
140.66382845433438
140.66382845433438
140.66382845433438
140.66382845433438
140.66382845433438
140.66382845433438
140.66382845433438
140.66382845433438
140.66382845433438
140.66382845433438
140.66382845433438
140.66382845433438
140.91641321067644
140.91642632420678
140.91642338720226
140.91627268777495
140.91627268777495
140.91627268777495
140.91627268777495
140.91627268777495
140.91627268777495
140.91627268777495
140.91627268777495
140.91627268777495
140.91627268777495
140.91627268777495
140.91627268777495
140.91627268777495
140.91627268777495
140.91627268777495
140.91627268777495
141.00694835563988
141.0069512339768
141.006948631632
141.00694790375297
141.00694790375297
141.00694790375297
141.00694790375297
141.00694790375297
141.00694790375297
141.00694790375297
141.00694790375297
141.00694790375297
141.00694790375297
141.00694790375297
141.00694790375297
141.00694790375297
141.00694790375297
141.00694790375297
141.00694790375297
141.00694790375297
141.00694790375297
141.00694790375297
141.00694790375297
141.00694790375297
141.00694790375297
141.00694790375297
141.00694790375297
141.00694790375297
141.00694790375297
141.00694790375297
141.00694790375297
141.00694790375297
141.00694790375297
141.00694790375297
141.00694790375297
141.00694790375297
141.00694790375297
141.00694790375297
141.00694790375297
141.00694790375297
141.00694790375297
141.00694790375297
141.00694790375297
141.00694790375297
141.00694790375297
141.00694790375297
141.00694790375297
141.00694790375297
141.00694790375297
141.00694790375297
141.00694790375297
141.00694790375297
141.00694790375297
141.00694790375297
141.00694790375297
141.2484256959683
141.2488493054498
141.2488532676656
141.24885034482205
141.24885034482205
141.24885034482205
141.25074834825926
141.25088700670892
141.251448916704
141.251448916704
141.251448916704
141.251448916704
141.251448916704
141.251448916704
141.251448916704
141.251448916704
141.251448916704
141.251448916704
141.251448916704
141.251448916704
141.251448916704
141.251448916704
141.251448916704
141.251448916704
141.251448916704
141.251448916704
141.251448916704
141.251448916704
141.251448916704
141.32854720402221
141.33030939036425
141.33030939036425
141.33045259881683
141.33046380712744
141.33046380712744
141.33046380712744
141.33046380712744
141.33046380712744
141.33046380712744
141.33046380712744
141.33046380712744
141.33046380712744
141.33046380712744
141.33046380712744
141.33046380712744
141.33046380712744
141.33046380712744
141.33046380712744
141.33046380712744
141.33046380712744
141.33046380712744
141.33046380712744
141.33046380712744
141.33046380712744
141.33046380712744
141.33046380712744
141.33046380712744
141.33046380712744
141.33046380712744
141.33046380712744
141.33046380712744
141.33046380712744
141.33046380712744
141.33046380712744
141.33046380712744
141.33046380712744
141.33046380712744
141.33046380712744
141.33046380712744
141.33046380712744
141.3655024790267
141.36559591102738
141.36587327502116
141.36602668954254
141.36602668954254
141.36602668954254
141.36602668954254
141.36602668954254
141.36602668954254
141.36602668954254
141.36602668954254
141.3655024790267
