with mode=0, handoff cost coefficient = 1.0
133.96495937618172
133.99752494582708
134.04709642227328
134.27951970351342
134.27951911407928
134.32486426983792
134.32348041747747
134.32283245895206
134.3099697700966
134.30759613858322
134.5369079329811
134.56033925664636
134.56033925664636
134.56113765610294
134.56113765610294
134.5304150336404
134.5304150336404
134.5282066702744
134.56113765610294
134.5634657935442
134.57981199802438
134.57887540028366
134.582666103162
134.62321129742833
134.63457986785608
134.63194996483227
134.6335018702354
134.6341675543252
134.65524471429774
134.65523948278084
134.65482729382833
134.67371596269444
134.6738424389254
134.67314696076568
134.69356625414332
134.69623087367117
134.6966545971603
134.81113280178457
134.81195233151797
134.8512755693714
134.8612735308471
134.861523440873
134.86479287043142
134.86479287043142
134.86419825440277
134.8650259565556
134.87101916094517
134.87225655154086
134.8722573077421
134.87760891561794
134.87919723605688
134.89335882278368
134.89639240792934
134.90562868473123
134.94478397990133
134.95841012429685
134.96088223525453
135.09624901846323
135.0962497500045
135.17262338746883
135.17436635108743
135.1928154740753
135.2310170691047
135.23093070158674
135.2309624292652
135.23134836875525
135.23134836875525
135.2313166410768
135.23114725044067
135.24222245947072
135.24217542599766
135.2421758039345
135.316274938066
135.32335500374623
135.32335500374623
135.32547355967358
135.35353962837397
135.35355605081057
135.3546370215659
135.35354377394464
135.3520380902703
135.35225921401383
135.35320099770166
135.3546370215659
135.35563601003338
135.35619749883344
135.3647200082142
135.36850351865488
135.4362178542277
135.43766595617606
135.43855283598924
135.43911105223472
135.4399561743579
135.44014343463888
135.4484817401278
135.44780540322694
135.4488586047503
135.44890430993112
135.44783209806087
135.44902986353426
135.45126218605682
135.45126263114525
135.4512169259644
135.45913507102537
135.45913841952188
135.4596629188684
135.46062858657749
135.46813990797898
135.46813990797898
135.47038405805966
135.4714732820763
135.4716119632582
135.4723892109684
135.47238940881462
135.4718645458405
135.47188343791908
135.47157128486185
135.49026942861636
135.49027000272025
135.4975661049637
135.50312920271458
135.50312960373995
135.50312986900678
135.50760306594304
135.52737362967935
135.52759422583355
135.52847947528542
135.53146669014777
135.5317774649216
135.55032519101994
135.5562888401216
135.56345065652815
135.5634679407186
135.56347288292835
135.56244399699526
135.5624441496126
135.5624441496126
135.5634679407186
135.5634679407186
135.5658660592906
135.56587559616776
135.56592113594246
135.58409446493545
135.584094504882
135.5858306090057
135.58781299039492
135.58781357776408
135.61712081949747
135.62620434445552
135.6327572671295
135.6329632368892
135.63361167079643
135.63361184118628
135.6336130770545
135.66248901607938
135.66282603989742
135.66944123228745
135.67204660622156
135.67202495924138
135.67202499082626
135.67209961442725
135.67368818415312
135.67373608646477
135.67374642126674
135.6737863978989
135.67704982467816
135.67704982467816
135.6773693472292
135.67736952083686
135.67737881180923
135.67734677468854
135.67839483994624
135.67839514754897
135.67839514754897
135.684990914303
135.68522189909248
135.6854471314652
135.68545289198207
135.68554216865158
135.68684869696324
135.6933959011972
135.69372529072493
135.69517406825616
135.69527064703504
135.7051866041563
135.70593700237336
135.70593700237336
135.706180420887
135.7160816280693
135.71615212766895
135.7161390647565
135.71614648117128
135.71614359907855
135.71614359907855
135.71619621853736
135.71687056507483
135.71768134516304
135.71768134516304
135.71768134516304
135.71768139953008
135.71764245559476
135.71973986825245
135.71967384186868
135.7195690860618
135.71962044504846
135.7207653048515
135.72117439241416
135.72170201872288
135.72453932212568
135.72453944246547
135.7246350176705
135.72739700610242
135.72801163958104
135.73015771622408
135.73015771622408
135.73192550476287
135.7325951421542
135.73324713597444
135.73342354906114
135.73458363233863
135.73855946269396
135.74086963515867
135.74086963515867
135.74106207026145
135.74221589379212
135.74358140102206
135.74358140102206
135.74481030731044
135.74713996966227
135.74714178048967
135.74973128283733
135.75144859068274
135.75253531977762
135.75253531977762
135.7547929668916
135.75502599395847
135.76384056640816
135.7639161851434
135.76449559221444
135.76433473709272
135.7643718080826
135.76445212030728
135.76444385995345
135.76449559221444
135.7645118692244
135.76460215893843
135.76459062507462
135.76456231314506
135.76487313034937
135.76498025042844
135.7649892303161
135.7658944397077
135.78299564091253
135.7830560467674
135.78323354398458
135.78332895247937
135.78335115796855
135.78335119862615
135.78655296397102
135.78700433674615
135.78700433674615
135.78750039513432
135.7885340397234
135.789208951668
135.79019039848896
135.79094610895328
135.79097718143123
135.79096819226345
135.79538232357962
135.79544020973736
135.79565016484474
135.7956707296293
135.79567093953935
135.7956587388777
135.8043622028481
135.80935133324772
135.81057922819917
135.8107541562721
135.815143465618
135.815143465618
135.81515699091932
135.81509659349618
135.8151304921667
135.81515374562457
135.81515381468878
135.83226875354785
135.83226876705754
135.835617369898
135.8357386584624
135.85284532848715
135.85347536577143
135.85352195266393
135.86849429588915
135.86916302796078
135.86934602268414
135.86939716869475
135.86944616219927
135.86944625164733
135.86955439283702
135.87061524030844
135.87061419664983
135.87126248012743
135.871285657373
135.872294581245
135.87286913843184
135.8762399491963
135.87623997970024
135.87644262909163
135.8765201129098
135.8765201567801
135.87652017731213
135.87757009737928
135.87762058588794
135.8787081222075
135.87929856515672
135.87932051228876
135.87946893137422
135.87950708916804
135.8795071475172
135.88007193729416
135.8800718903747
135.88054997516437
135.88152525949695
135.88333165742606
135.88333826870883
135.8867145357186
135.8877428588675
135.8920970308371
135.8920970308371
135.89244656053617
135.8942322578937
135.89432681348651
135.89751208927652
135.89770935191498
135.90270361874417
135.90286342218795
135.90286343217645
135.90286343217645
135.90294565304933
135.90298681834292
135.90298685345584
135.90319441616333
135.90331624927194
135.9204001053389
135.9204306000748
135.93475017395696
135.9349061005277
135.94972557846913
135.94972557846913
135.94963226453785
135.94968967938354
135.95400712090648
135.95410320066372
135.95416825901683
135.95429149061647
135.95446916332784
135.9550797134019
135.95521731972042
135.95521731972042
135.95521731972042
135.9554082532158
135.955560669237
135.9555631563527
135.95558284823954
135.95559221053452
135.95621409556844
135.96120880755177
135.96120923561887
135.96119573758463
135.9611965211327
135.96134226464935
135.96141078657857
135.96240664034366
135.962547537295
135.97689808123704
135.9768981070917
135.97693920814228
135.97698461496077
135.97699218710298
135.97700067608383
135.9774696089672
135.97747504039572
135.977475088599
135.97747169273907
135.97748945786765
135.9774896502798
135.97751292907034
135.97754271621295
135.97808968683415
135.97833485704206
135.97837022707745
135.9784063183265
135.9834023431232
135.98349971601556
135.98355448596251
135.98358670263698
135.98358674867603
135.98374967052536
135.98382064419718
135.99298685617262
135.9931494743489
135.9931494743489
135.99653970074615
136.0135848520397
136.0141414762967
136.0141902537202
136.01513103679306
136.01513666351948
136.01517010679416
136.01522088405653
136.0152457850926
136.01526827937087
136.01564547525876
136.01549655743264
136.01557814510056
136.01561448928476
136.01562204116422
136.01564547525876
136.0156454924911
136.01630234480888
136.01628763817595
136.01631747735016
136.0163174905193
136.01718101249426
136.01724196560718
136.01724196560718
136.0173181644927
136.01732321481526
136.01756010701226
136.0178135342778
136.0178202410544
136.0178301502011
136.01783026523313
136.01783029313657
136.02635409060284
136.0263969202266
136.0263969202266
136.02646680063103
136.0267509068118
136.0271898097093
136.02726165880455
136.02750746783704
136.02748171876493
136.0274875689375
136.0318667672081
136.03344708141807
136.03346719034377
136.0334752553046
136.03350244643423
136.03350246882405
136.03350398742572
136.0335322943298
136.0352330571087
136.03551253173367
136.0355382710631
136.03767428149123
136.03767428149123
136.03770107857403
136.0417224422865
136.04172500137818
136.0417138833601
136.04214415737485
136.0425754925336
136.04325833667082
136.0432760051899
136.04333856920664
136.04354670859462
136.04604707399446
136.04607800555746
136.05048309347194
136.05048309347194
136.05047767914655
136.05049267521943
136.05049245987217
136.0554633329233
136.05574986246603
136.05576013178856
136.05576013178856
136.0557725030983
136.05577271844558
136.05577271844558
136.0626410984806
136.0711769485418
136.0713262692159
136.07137021676988
136.07884941014277
136.07894826016036
136.0789723925152
136.08067514481587
136.08101738106848
136.08102511211126
136.08102548129511
136.08104201844867
136.08105674037384
136.08105692496687
136.08119893921906
136.08369799940715
136.08539870007192
136.08540439986584
136.08541756955336
136.08541756955336
