with mode=1, handoff cost coefficient = 1.0
158.1146569850532
158.132970324311
158.1536206089434
158.20341581763643
158.2510909282058
158.28789203501938
158.31471372149844
158.34450830687234
158.3956572035736
158.39801117060506
158.41510221710476
158.48939426671285
158.50747601946378
158.54040861361062
158.57679976846651
158.60456767620482
158.62656235053817
158.68592890622259
158.72771860225282
158.74013220339432
158.75577421006037
158.77434265051406
158.81091223015642
158.82165445597326
158.8513024008257
158.9029934129309
158.92599143484506
158.93753057958185
158.95047568339388
158.95858869937544
158.97528297605288
159.00022398162554
159.01340574954784
159.0278767705273
159.07237078461333
159.13608959193533
159.15139071877638
159.15372711335212
159.16938772500566
159.19815874857517
159.2224494308874
159.23757941396423
159.23794855736318
159.24666255222573
159.2615985609002
159.27191928809793
159.32091967426265
159.33157292780214
159.3672539386195
159.39866030227014
159.44471610185897
159.44336508154672
159.45497185596957
159.4585452175971
159.51090756772402
159.51462395308192
159.51330461461214
159.54466650917033
159.54392175407048
159.5498087147132
159.55390052824202
159.57702288876357
159.64163072028606
159.66024651950622
159.6724407402006
159.68329469726368
159.689747468751
159.71358770213453
159.71491888750356
159.73595716428554
159.74312571923872
159.74688380483468
159.75851051592838
159.76911536729486
159.77076056364433
159.77267979635425
159.7701930504792
159.82545079999448
159.82981439229485
159.83532328364353
159.84024898964978
159.87594411441216
159.9195149963717
159.93050979114537
159.9416880794213
159.98069318135336
159.98481340490713
159.98612736455163
160.0625793939293
160.09533467127898
160.10365468954495
160.12111990296611
160.13044924943088
160.1370395548688
160.14462899504048
160.21809589206526
160.23270453737314
160.2333094393612
160.25183311307543
160.2679830557051
160.26999537317099
160.28612863663847
160.3451273637312
160.38150965770998
160.43708133663068
160.4375685674703
160.49708620989873
160.49826113824096
160.51100596832495
160.52584372593253
160.56554636865522
160.58058038061196
160.5784955545436
160.61034778028835
160.61120227424672
160.64082855118124
160.6407509957608
160.65322832073926
160.67150636969086
160.6851898389797
160.6878535210003
160.69331927991476
160.7106183604094
160.75184064129058
160.76367515460504
160.77096639050188
160.77635129829503
160.79847324481707
160.81469921660928
160.86937330117186
160.8669306268366
160.91044524464428
160.9258215375945
160.92828165944277
160.9432593631425
160.9444975815568
160.94508394684598
160.94437377577597
160.9544313670684
160.9531665777395
160.95990052967258
160.95906529050123
160.96091415532845
160.9646291907229
160.98359590738136
160.9985308530154
161.05364015763078
161.05471317728455
161.05314358949025
161.05474973432865
161.07246774137292
161.07195964271023
161.07085144684893
161.08783044467512
161.09717475062953
161.09974943504903
161.0972957159329
161.1111346078296
161.11535599714486
161.11351365869814
161.12666823300688
161.14644868801295
161.1825860173726
161.1972023645689
161.22070831386233
161.22329715384345
161.22990917368134
161.28728142791047
161.31287436475384
161.34518769193238
161.36065793347296
161.38256555073428
161.38309641397908
161.3983091179561
161.398543537641
161.42151244889482
161.42660269051902
161.45530913838672
161.45342507220832
161.45211313364894
161.4562552844194
161.46103153863461
161.48202001632535
161.48135142296215
161.4900835964677
161.5038499786226
161.51099803794514
161.52299299350406
161.54025892342676
161.55347733536925
161.59381253867394
161.63972148544934
161.64412283876152
161.64448758115515
161.642612075474
161.66107840779182
161.66391122399702
161.67913337596963
161.69753282323254
161.7137893333653
161.763167067633
161.7905229934897
161.80514223591305
161.80904171000103
161.82488798645946
161.84032797239496
161.8533974666539
161.8554857335876
161.87108187693622
161.86895756614888
161.87577157943517
161.87659915000984
161.88204589455125
161.8807885560631
161.9206606772072
161.9213480885607
161.92300658273385
161.94241017572588
161.97292603405526
161.976800402226
161.9897240472517
162.0163453739995
162.016507589154
162.01821084346952
162.03263336764377
162.03914414340596
162.04988580879026
162.06426203650187
162.07398997593137
162.07162576716632
162.13275789112035
162.14904509949767
162.15271491806556
162.2074215150904
162.24959008539585
162.2605234006991
162.26832690349826
162.3283325210445
162.37280708782794
162.40004252621063
162.3999701655814
162.45683740514616
162.45855228749593
162.47557364160116
162.47889207916623
162.5089857628145
162.5089907873616
162.505850346999
162.54675652717788
162.59087011478502
162.60037824696164
162.60571024874156
162.62301555852568
162.63647182345227
162.6380713371625
162.6382067411475
162.66055759372702
162.6690541481292
162.696351648165
162.69698383593428
162.71211624860248
162.7402213070346
162.74917848902425
162.7517993560072
162.75858357584363
162.75760511176173
162.76447569496253
162.77936040123095
162.78721181243836
162.8023066550403
162.81938316966483
162.82028749916626
162.82209034625595
162.82697128706064
162.83102376782426
162.89436242823507
162.95025036581004
162.96656041504644
162.9676848037214
162.98560801038158
162.99603477564253
163.00782476025734
163.00777229355944
163.01062752354915
163.00963933119738
163.00929503319009
163.01793949339142
163.0319247465886
163.03240092160365
163.04995266047496
163.08166136186375
163.09873457998188
163.0987245739139
163.14278435181987
163.14294172570894
163.15142093835107
163.1528233138062
163.17050693516617
163.18462011476777
163.24056868309071
163.24218272201972
163.2543422276545
163.28566738467308
163.28422284688267
163.31341799488246
163.3428134847186
163.35935822963327
163.3747488568001
163.37417075026195
163.37693159970087
163.37748651389228
163.45942969085448
163.4580767235418
163.45780580365798
163.45852696300395
163.46069945975233
163.47077330877013
163.4853043442913
163.50072795716488
163.50063842818716
163.51539639387983
163.5143731904226
163.52166927991624
163.5241554924971
163.5242370682174
163.52351438464282
163.54132058848282
163.57154511671553
163.571344966741
163.61550102040002
163.62299672149706
163.6294216462238
163.63032849187826
163.67329182916103
163.67166712360324
163.67418230558332
163.67609547789894
163.67436044758088
163.6886618628044
163.7331782634877
163.77774136041802
163.77896753141312
163.78837016820648
163.79129477551007
163.78888926884954
163.79341068150507
163.7924059614022
163.79825286105742
163.79887559456506
163.81179214929497
163.85386256259704
163.85398074864415
163.86842220076653
163.88254633781037
163.88544474222735
163.88677501059223
163.8843881124265
163.88688214279773
163.89992370772683
163.90188527450528
163.90201208287905
163.9101924020234
163.91070194523127
163.97731333613444
163.9832801786989
163.9894881818664
164.00855278066533
164.00638633010658
164.01720604319598
164.01694499168525
164.01972080006624
164.02751000803607
164.02529401664927
164.07852047405098
164.07594242868467
164.13351704144347
164.13610266474865
164.1352443211439
164.16543123132266
164.1819374378863
164.18840556690145
164.18871844333944
164.20303726923723
164.20341009050898
164.2625069425372
164.26195840656572
164.26297674194592
164.2634073725957
164.26466280121528
164.26350741705807
164.263916885887
164.261337122964
164.30359753379145
164.3578415737979
164.39851430308678
164.4404314463537
164.4375222093387
164.43793402479955
164.44244615195967
164.44085228311823
164.4466250065801
164.453897792867
164.5077368901957
164.50549912430358
164.5063233780778
164.5503462173773
164.5536068105163
164.5527642495499
164.5594682921318
164.60178079796478
164.60024885168895
164.60046157804535
164.6156669792983
164.7141958827337
164.7361288632314
164.73874194805987
164.75338650165847
164.76202380750468
164.76112271903006
164.80402901135625
164.8178646046884
164.81550533412542
164.83713655766758
164.8400466209867
164.8397729405739
164.8534202144972
164.85235185988097
164.86821556543393
164.86833999392704
164.8684415258859
164.86894857464
164.86898496716498
164.86636573532718
164.86630846706947
164.88200632274314
164.88312939190996
164.882608599443
164.88870993348633
164.88962119137818
164.9154657421124
164.92242254614533
164.93312432378212
164.9428002007616
164.9442024793544
164.94482808027644
164.94809109305777
164.99629087452723
165.02066389594967
165.0198754523611
165.03182827832742
165.07259411764903
165.07503154735488
165.07590960470407
165.07674594091
165.0779871080064
165.07847329684273
165.09465109613174
165.0970522385165
165.09956015514896
165.1410463824405
165.14036859095103
165.1382135203319
165.15732323723958
165.15310301410716
165.1529627622456
165.1619179347434
165.1649253369811
165.16614755838384
165.19598586284715
165.2612259512232
165.25947033451797
165.25934863661448
165.26161630992013
165.26207794705104
165.26128536919288
165.25784108279936
165.26702804054037
165.2750660047053
165.27542436320644
165.3029011227828
165.31592786331635
165.31723421960913
165.3190878703896
165.3187684495598
165.3246155301279
165.32487255203523
165.38466176090526
165.3829082160091
165.38085555302442
165.37998880779153
165.3803084243015
165.38466176090526
165.38490000127044
165.38607160483167
165.38719129651125
165.38875277158476
165.38872061485176
165.38797898782187
165.39550904233406
165.39651717680655
165.41254600736215
