with mode=0, handoff cost coefficient = 1.0
158.1146569850532
158.11464536556386
158.11187564315514
158.10728824764462
158.10739103527987
158.1146569850532
158.1217660393104
158.12176529560813
158.14172192915672
158.15796286259058
158.19335829784742
158.21509615035066
158.22010474178882
158.22618866065184
158.2727809735585
158.28797132925118
158.33937875622541
158.34026514868265
158.34666836732487
158.34558301980985
158.34558311452884
158.3449408542805
158.34522749666522
158.34666836732487
158.34666713471518
158.35436666631404
158.35697192993612
158.35897290012934
158.36511859509136
158.39465005764595
158.39473821717598
158.4114669516489
158.41336663196662
158.4156005126233
158.41559640107798
158.4155965233408
158.41726472731511
158.4210669319905
158.4233783617559
158.4237073239937
158.42370725139628
158.4251468946184
158.4250810305366
158.4263320961042
158.42671154065883
158.42892000703384
158.4574523659191
158.45745269921656
158.4574532857942
158.45826281244666
158.45835236247058
158.45835177589294
158.46062028996928
158.46097007727244
158.4613791538717
158.46121192059357
158.46705005144415
158.46806568845625
158.55161541628974
158.55162276925273
158.55162297910357
158.55162548966237
158.55196935436
158.55166501172465
158.55077868197833
158.5702656107149
158.5721059925773
158.5723802590315
158.57464070665333
158.573694403229
158.5751709952135
158.57414517636977
158.59597413633105
158.60958569447962
158.62778482528006
158.6281971738836
158.6290090462358
158.655052719558
158.66605105932044
158.66807641301978
158.69660356540456
158.69766913272755
158.7200953667647
158.72079458861577
158.72100592040763
158.74093460267568
158.7409348775748
158.74093671587954
158.74068003882044
158.73989781198142
158.74093460267568
158.74194461153243
158.7421100246295
158.7415863849316
158.74130422098548
158.7413049389024
158.75478576713093
158.76021643211075
158.75978580762063
158.75989512653774
158.77330030086404
158.77330024342646
158.77331966126675
158.77364626644405
158.77364367541136
158.77398144725268
158.77541509236758
158.776765494906
158.79061122794315
158.79072592627452
158.790448242863
158.79991919532938
158.79991905674837
158.80020918359898
158.80082083913365
158.8064558982196
158.8068624453058
158.8071561951797
158.81021285839603
158.8103320805806
158.81034871228138
158.8103464919223
158.81983183328566
158.82000649642146
158.82055783589115
158.82095930982572
158.82165436162185
158.82174503399187
158.8637488963792
158.86375706985876
158.86443706273303
158.86443718378484
158.86461310585713
158.8650205520953
158.87477970445235
158.87492088672062
158.87486060856662
158.8881915043865
158.8881915737848
158.89478831161296
158.90895417257326
158.90895421701381
158.90901449516784
158.90912110800528
158.9091562039985
158.90933041377272
158.90928037279417
158.9093614358363
158.90959274624606
158.90989120499157
158.90988447373797
158.9098847686964
158.91000700783985
158.92332741179126
158.93506827109204
158.94008972698228
158.9400897580438
158.94123132653178
158.94109836984188
158.941104830216
158.94137250645167
158.94138145186972
158.94138147438954
158.94138151526923
158.94144734803953
158.94165478701396
158.94186110182343
158.95193177352368
158.95201078293525
158.95201087329588
158.95208005368818
158.95208006299956
158.95233229560466
158.9523644213417
158.95236461730522
158.9539309469034
158.95643119919052
158.96576022856667
158.96728024037162
158.97354601043884
158.97354581447536
158.9735507507428
158.98116627062979
158.9812983373979
158.9942819429105
158.99847066781055
159.00580603380968
159.00672997222813
159.0106992190875
159.05272196542685
159.0536009990769
159.05360107154092
159.0536662663953
159.06378078344883
159.0643264398736
159.06493531149502
159.06489686753557
159.07436523733537
159.07424865640883
159.08767085614585
159.0876709791773
159.08884509167063
159.08854550219806
159.08951369634443
159.08961270361453
159.103776659978
159.10377651748865
159.103982305621
159.10398228574974
159.10280307701873
159.10245238603005
159.10245481314604
159.10797159353274
159.1079717176342
159.1213542116277
159.12191880007725
159.1220545958323
159.12298676793762
159.12298683943942
159.12311035952501
159.12330364759612
159.12911373439113
159.12938277712368
159.13598108236374
159.13627391001944
159.13633782679392
159.13646335180357
159.13790616827168
159.14362870814176
159.14361100501665
159.14361105535986
159.14428912557497
159.1459127676849
159.1466640463568
159.14673038584357
159.14663213243367
159.1466740120577
159.14670181523607
159.1616319233275
159.1616367396858
159.16752675534687
159.1676760313793
159.16767616776238
159.1676965887447
159.1815478896533
159.19610242597244
159.1961143423382
159.1961435053588
159.19619913075246
159.19620090043975
159.20022726778404
159.20391802791335
159.20813580243635
159.20813591298298
159.2088863082322
159.20923647955925
159.20996350656281
159.21017739226514
159.21051765217226
159.21129840495524
159.21133702161507
159.21155739622867
159.21155757347276
159.211220398436
159.21465219637983
159.214279879566
159.227482606648
159.22768050566202
159.22770182068155
159.2278507813722
159.22818092825153
159.24158876906435
159.24174588844815
159.25631759649465
159.2564268416431
159.25633993496558
159.2597819358718
159.27262233289503
159.27305460616248
159.31515134707092
159.31575780043786
159.31575808379452
159.31575808943396
159.33028744751155
159.3301139502818
159.33918241176457
159.339193540464
159.3392960893339
159.33937694640434
159.38141316267132
159.3814579859168
159.3813858746415
159.3871120782865
159.390925142388
159.3909656803499
159.3923954059193
159.39561785332046
159.39560221636555
159.41014695611386
159.41014691130866
159.41014682389655
159.41022098046346
159.4102212677942
159.4102325300575
159.4253085857523
159.4301913724148
159.4306119437913
159.4344254926656
159.43442622843628
159.44265748073548
159.44286696792176
159.4454359213354
159.48746760618621
159.52942919524176
159.53034372676672
159.53783522630266
159.53784875516493
159.5408476152819
159.5408328049993
159.54083283691318
159.5408421531802
159.54506168496206
159.54457988131824
159.54435477347084
159.54435497377787
159.54996983069694
159.5499698318683
159.5497671665332
159.5498716364893
159.5498750706445
159.54996983069694
159.55000541434754
159.5500953434671
159.55116074438794
159.55124996885053
159.55125001367523
159.55122969306703
159.55122958216594
159.55122953734121
159.55124996885053
159.55130388922927
159.56179743945276
159.5655860228567
159.56559191944743
159.5655919239567
159.56557898672608
159.56563654792268
159.56563655303165
159.56909286463892
159.57958218021122
159.57958218514037
159.58050597654287
159.58063623207354
159.58067867692336
159.58069353892841
159.58070714411653
159.58072502112452
159.58129858764048
159.58514611947797
159.58514612680557
159.58514750772912
159.5871737621892
159.58717861300383
159.58719689494873
159.58810655668375
159.5891731440108
159.5900796309137
159.590149511128
159.5901605723193
159.5901471864148
159.5937810709869
159.5972420134223
159.5991070134387
159.599161721842
159.5992146227353
159.60027561969474
159.6002998098616
159.600350892866
159.60044016344003
159.60044016117214
159.6004518182516
159.6007206209031
159.60072318577727
159.6007433290578
159.60094050337628
159.6009846869743
159.6029299639902
159.605989506902
159.6076950643882
159.61803794807022
159.61804414130197
159.62852940160283
159.6285296863818
159.62852969048816
159.62957009274353
159.6295492790439
159.62954926941308
159.62953358794056
159.62976851846204
159.6307361271912
159.6334342544875
159.6334322318935
159.63345662328908
159.6334566255961
159.63345868092713
159.63345868694802
159.6334587065285
159.63345662328908
159.63869943966978
159.63920840507038
159.63920762666268
159.63921128730374
159.6392113114248
159.6392242947361
159.63923341681917
159.64056561436217
159.64056562089695
159.64056562530536
159.64153775403207
159.6415631200124
159.6422415362324
159.64266512419834
159.64266512648038
159.64342554148556
159.64342606484993
159.64343702518633
159.64533380486714
159.64532629998766
159.64625023080416
159.64625044074901
159.64759507950615
159.6476422816569
159.64832100744647
159.65021770033783
159.65024365720714
159.65034580357425
159.65035187560574
159.65037911985496
159.6503932998146
159.65039423569354
159.65191228730143
159.6519528270274
159.65198355857297
159.6519835665465
159.6520799717472
159.65212032068015
159.65212266702582
159.65212268527455
159.6521226870235
159.65324032388978
159.65322578759788
159.65323240338023
159.65325581213034
159.65340648523096
159.65341827406985
159.653427490859
159.6534253050357
159.65347365545134
159.65348291461768
159.65348533530815
159.65359063877222
159.65359485349143
159.653596697732
159.65439469117578
159.65439586984206
159.65445527011363
159.65447858596818
159.654483549569
159.65448952179753
159.6545212714715
159.65452401149523
159.6545269049683
159.65455247227268
159.65610949891777
159.65611558726505
159.65707339713003
159.65707343094846
159.65707429360987
159.65708396103628
159.65708395818376
159.65710910184936
159.65710910935866
159.65713491879433
159.66237753736328
159.6623829768627
159.66238297981843
159.66238380897974
159.66244028695905
159.662442867708
159.66244511717
159.66252089218943
159.66252098305796
159.6625224436052
159.66292475858134
159.6629498618875
159.66476945032147
159.66476935945292
159.6647693648504
159.664770893197
159.66477213878977
159.66476945032147
