with mode=3, handoff cost coefficient = 1.0
158.1146569850532
158.20537611723614
158.2053028319251
158.24861117033635
159.3393447962439
159.4171198593985
159.41708003392358
159.78006257470395
159.81305795837727
159.84761889374204
160.05119954057022
161.071087207839
161.08831981636115
161.27578053291663
161.4574089109576
161.6895574470086
162.0815667799049
162.44450281943543
162.64244810224824
163.00016358606305
163.0272438181921
163.05709995504398
163.43460200425275
163.43453252059646
163.43429396387214
163.44579605731656
163.45175190239092
163.79127626573535
163.7943429692821
163.7915488252806
163.80134502131673
163.80140204794367
163.80491317156475
163.81046127529768
163.85683015940296
163.8570516031529
163.8568315268544
163.8543758693428
163.9787062416879
163.9790137245356
164.1399300067192
164.15515636050154
164.15502801173312
164.47619194393434
164.47630262043836
164.47656024684068
164.49559302563625
164.4956432453176
164.49583887491175
164.4959482246387
164.4959482246387
164.4959482246387
164.70639085454778
164.71104877475474
164.71084002891374
164.71816099277873
164.71804007739024
164.71814064227584
164.7407556463214
164.7421350698532
164.75095128070194
164.74434830456346
164.74431692725892
164.74408760113008
164.74408760113008
164.74408760113008
164.74408760113008
164.74408760113008
164.8891105027767
164.89906643916444
164.92415609770012
164.92719600286563
164.93707302541998
164.93729559573342
164.9411276123973
164.96639392384887
164.9663213251046
164.96645221339998
164.96460686477994
164.9664466247145
164.98274103133255
164.98280408986906
164.9798655852943
164.98320408124235
164.98320408124235
164.98532228124836
164.98534633829695
164.9853226387106
164.99436014986767
164.99434670917142
164.99208029792544
164.99207270594627
164.99207270594627
165.00526145512129
165.00519693714295
165.02960689135006
165.02962605531144
165.02948307123057
165.02946103288122
165.02946103288122
165.02946103288122
165.02946103288122
165.02946103288122
165.02946103288122
165.02946103288122
165.02946103288122
165.0343400234462
165.03431368682106
165.0343670621707
165.03435778172542
165.03435778172542
165.05117560066896
165.04578928668218
165.04493030485247
165.0448736720574
165.04771398351016
165.05105077977464
165.05411694703636
165.05413156258447
165.05410392631615
165.06299609748635
165.06307178929643
165.0631090184172
165.0631248202822
165.0631248202822
165.0631248202822
165.0631248202822
165.0631248202822
165.0631248202822
165.0631248202822
165.0631248202822
165.0631248202822
165.0631248202822
165.0631248202822
165.0631248202822
165.0631248202822
165.0631248202822
165.0667320857878
165.0665950846318
165.0665950846318
165.06657864015304
165.07216099987542
165.07212108851363
165.07305167771796
165.0703982825432
165.0703982825432
165.0703982825432
165.0703982825432
165.07635057763318
165.07982149222175
165.09834527389046
165.09858502784064
165.09860306135477
165.09919607799694
165.09919607799694
165.09919607799694
165.09919607799694
165.09919607799694
165.09919607799694
165.09919607799694
165.09919607799694
165.1295549015011
165.1295218933752
165.12956940836443
165.13966176717514
165.1396453579185
165.14443617408148
165.1444124744229
165.14451880225212
165.14550652548812
165.14550652548812
165.14550652548812
165.14550652548812
165.14550652548812
165.14550652548812
165.15774233158695
165.15781702264005
165.15995990587848
165.15997665098402
165.15997665098402
165.15997665098402
165.15997665098402
165.15997665098402
165.15997665098402
165.15997665098402
165.15997665098402
165.15997665098402
165.15997665098402
165.15997665098402
165.15997665098402
165.15997665098402
165.15997665098402
165.15997665098402
165.15997665098402
165.15997665098402
165.15997665098402
165.15997665098402
165.15997665098402
165.15997665098402
165.15997665098402
165.15997665098402
165.15997665098402
165.15997665098402
165.15997665098402
165.15997665098402
165.15997665098402
165.15997665098402
165.15997665098402
165.15997665098402
165.15997665098402
165.15997665098402
165.15997665098402
165.15997665098402
165.15997665098402
165.15997665098402
165.15997665098402
165.15997665098402
165.15997665098402
165.15997665098402
165.15997665098402
165.15997665098402
165.15997665098402
165.15997665098402
165.15997665098402
165.15997665098402
165.15997665098402
165.15997665098402
165.15997665098402
165.15997665098402
165.15997665098402
165.15997665098402
165.15997665098402
165.15997665098402
165.15997665098402
165.15997665098402
165.15997665098402
165.15997665098402
165.15997665098402
165.15997665098402
165.15997665098402
165.15997665098402
165.15997665098402
165.15997665098402
165.15997665098402
165.15997665098402
165.15997665098402
165.15997665098402
165.15997665098402
165.15997665098402
165.15997665098402
165.15997665098402
165.15997665098402
165.15997665098402
165.15997665098402
165.15997665098402
165.15997665098402
165.16306758422044
165.1630672009181
165.16290952357483
165.16378917008922
165.16540768192075
165.165405217619
165.16537560982928
165.16537560982928
165.16537560982928
165.16537560982928
165.16537560982928
165.16537560982928
165.16537560982928
165.16537560982928
165.16537560982928
165.16537560982928
165.16537560982928
165.16537560982928
165.16537560982928
165.16537560982928
165.16537560982928
165.16537560982928
165.16537560982928
165.16537560982928
165.16537560982928
165.16537560982928
165.16537560982928
165.16537560982928
165.16537560982928
165.16537560982928
165.16537560982928
165.16537560982928
165.16537560982928
165.16537560982928
165.16537560982928
165.16537560982928
165.16537560982928
165.16537560982928
165.16704222225064
165.1673785489131
165.16760244997195
165.167398391637
165.167398391637
165.167398391637
165.167398391637
165.167398391637
165.167398391637
165.167398391637
165.167398391637
165.167398391637
165.167398391637
165.2278054347263
165.2278837059842
165.22901669419423
165.22897533282259
165.22897533282259
165.22897533282259
165.22897533282259
165.23180801267358
165.23231840346665
165.23235111939175
165.2323339250803
165.2323339250803
165.2323339250803
165.2323339250803
165.2323339250803
165.2323339250803
165.2323339250803
165.2323339250803
165.2323339250803
165.2323339250803
165.2323339250803
165.2323339250803
165.2323339250803
165.2323339250803
165.2323339250803
165.2323339250803
165.2323339250803
165.2323339250803
165.2323339250803
165.2323339250803
165.2323339250803
165.2323339250803
165.2323339250803
165.2323339250803
165.2323339250803
165.2323339250803
165.2323339250803
165.2323339250803
165.2323339250803
165.2323339250803
165.2323339250803
165.2323339250803
165.2323339250803
165.2323339250803
165.2323339250803
165.2323339250803
165.2323339250803
165.2323339250803
165.2323339250803
165.2323339250803
165.2323339250803
165.2323339250803
165.2323339250803
165.2323339250803
165.2323339250803
165.2323339250803
165.2323339250803
165.2323339250803
165.2323339250803
165.2323339250803
165.2323339250803
165.2323339250803
165.2323339250803
165.2323339250803
165.2323339250803
165.2323339250803
165.2323339250803
165.2323339250803
165.2323339250803
165.2323339250803
165.2323339250803
165.2323339250803
165.2323339250803
165.2323339250803
165.2323339250803
165.2323339250803
165.2323339250803
165.2323339250803
165.2323339250803
165.2335852411411
165.2335852411411
165.23400566420776
165.23400566420776
165.23400566420776
165.23403280728073
165.23403280728073
165.23403280728073
165.23403280728073
165.23403280728073
165.23403280728073
165.23403280728073
165.23403280728073
165.23403280728073
165.23403280728073
165.23403280728073
165.23403280728073
165.23403280728073
165.23403280728073
165.23403280728073
165.23403280728073
165.23403280728073
165.23403280728073
165.23403280728073
165.23403280728073
165.23403280728073
165.23403280728073
165.23403280728073
165.23403280728073
165.23403280728073
165.23403280728073
165.23403280728073
165.23403280728073
165.23403280728073
165.23403280728073
165.23403280728073
165.23403280728073
165.23403280728073
165.23403280728073
165.34051267382569
165.34094512130136
165.34095882218315
165.3409665033452
165.3409665033452
165.3409665033452
165.3409665033452
165.3409665033452
165.3409665033452
165.3409665033452
165.3409665033452
165.3409665033452
165.3409665033452
165.3409665033452
165.3409665033452
165.3409665033452
165.3409665033452
165.3409665033452
165.3409665033452
165.3409665033452
165.3409665033452
165.3409665033452
165.3409665033452
165.3409665033452
165.3409665033452
165.3409665033452
165.3409665033452
165.3409665033452
165.3409665033452
165.3409665033452
165.3409665033452
165.3409665033452
165.3409665033452
165.3409665033452
165.3409665033452
165.3409665033452
165.3409665033452
165.3409665033452
165.3409665033452
165.3409665033452
165.3409665033452
165.3409665033452
165.3409665033452
165.3409665033452
165.3409665033452
165.3409665033452
165.3409665033452
165.3409665033452
165.3409665033452
165.3409665033452
165.34270014277416
165.34440381300985
165.34458799085718
165.34550750595434
165.34548748363827
165.34548748363827
165.34548748363827
165.34548748363827
165.34982354704755
165.38752004613403
165.38752610302916
165.38873344082802
165.38896564474967
165.39510786540572
165.39509113603498
165.3950826402916
165.39429095434633
165.39429095434633
165.39429095434633
165.39429095434633
165.39429095434633
165.39429095434633
165.39429095434633
165.39429095434633
165.39429095434633
165.39429095434633
165.39510786540572
