with mode=1, handoff cost coefficient = 1.0
134.62879560027943
134.67294245571676
134.73184629034074
134.7385587759284
134.82895560938547
134.85789984215225
134.89822758977874
134.92166097676457
134.98199257681847
135.0003619758226
135.04106531223755
135.0469228498582
135.08814866983647
135.1177185722795
135.14679230916806
135.17159515713618
135.18623113124823
135.20648392824774
135.2586050145255
135.29710366562878
135.34093330367514
135.40170558573948
135.40517584379853
135.4556814658968
135.45957972927812
135.49074339045862
135.49568361412713
135.51040099176012
135.5340324478419
135.57966258093145
135.58843908624397
135.60718732786222
135.6083848047097
135.61490873009092
135.65384968084865
135.6623570800476
135.69063725945023
135.70766714060994
135.73278732163888
135.77768482694938
135.78126814800532
135.82288971084293
135.88100475875038
135.88148143265533
135.89060763592445
135.89643182858782
135.90079729661147
135.90758527714496
135.92241390983466
135.9252186652657
135.94141966739525
135.94329660305502
136.00041880532933
136.02445465749037
136.04087410157572
136.03937533186252
136.0417479467028
136.08218453841542
136.0825317615703
136.08972437432158
136.13006806538274
136.17431442309606
136.19275766906253
136.23290741434406
136.250850102528
136.26612430020643
136.29955112541847
136.3016761157063
136.32783696981437
136.33149629766893
136.37266065615523
136.41276307440722
136.41712031901037
136.41876105057628
136.45955654674665
136.4647335289844
136.4699092659164
136.4873061941507
136.50380115531044
136.59783286851484
136.66538475931395
136.6655773602673
136.7078710575035
136.7419703225924
136.76098398556158
136.81640017631722
136.83600380627828
136.8445480636835
136.90542693879866
136.94557725813345
136.98505030272432
137.02298122450426
137.04461794595218
137.09420439937432
137.14123812819224
137.15802187335544
137.210576570123
137.22440818711243
137.241106351961
137.2720591923311
137.31062448672995
137.36828884244647
137.3720938544527
137.39147751659445
137.4576784482116
137.47303880446384
137.5128078713431
137.552437925698
137.58646363958627
137.60681547455323
137.66559503189103
137.68063146218236
137.69906607519147
137.73361825017494
137.7339052076223
137.75514971913418
137.751774239038
137.79203801211034
137.85047966209686
137.85422287728153
137.8726723042259
137.88629811326692
137.8892830163749
137.94432931455538
137.98648575898997
138.0622014656336
138.10355971395802
138.10211131493645
138.1574570916095
138.1578619727453
138.15955034528673
138.1596583897503
138.17135592558708
138.17250931986501
138.21214706599218
138.2134451042823
138.22978253750088
138.26724714363922
138.32959710889278
138.3679885642395
138.38513487191713
138.41581752131557
138.45023529773215
138.45169695592895
138.53731872724413
138.55013486343591
138.58072351979897
138.61963990820635
138.6573048600351
138.65829053025274
138.65974577585465
138.6596298545094
138.6595455254142
138.67406986920523
138.6823598537096
138.70793630391836
138.7581532667084
138.7586318418243
138.7612720285259
138.78240260563626
138.85638312535667
138.85652495712515
138.86990933536777
138.8808124039801
138.88425611993443
138.88501621738834
138.90062866731128
138.9037950331611
138.92340377933232
138.9429558268872
138.94254500252504
138.94331956860898
138.95571800484186
138.99464062238465
139.03403852015276
139.04615923277427
139.0593972469828
139.09099067270012
139.09039637718502
139.10395667779244
139.14163883266534
139.1813717604963
139.18166621107505
139.20639083050753
139.20851175940084
139.21956328952066
139.22126908899924
139.23622000824852
139.23691892697127
139.25406678433015
139.25474144754472
139.25435626934467
139.25519116031873
139.25534758527562
139.3133538179781
139.35247960215014
139.35312553136535
139.36944352823826
139.37123007994506
139.3852975494221
139.38535819669795
139.41420766937304
139.427324272782
139.4396153331391
139.44247332105465
139.4594825121983
139.48667281300882
139.52668879117027
139.58030494354597
139.57827800079298
139.62056277725918
139.62363161111978
139.63668042246576
139.6544465657342
139.65809828789384
139.72131035233855
139.7204515635209
139.7357513770896
139.78795538066592
139.80181380254464
139.8026432885441
139.84203315727035
139.84223694436292
139.84359815967468
139.8827245541953
139.88401170519785
139.88386984811947
139.9401007905529
139.94089351616753
139.9410639278494
139.94049035132832
139.94034131995662
139.93914301206996
139.95090431601307
139.96443764397995
139.96530768129344
139.96507738366287
140.0025506718898
140.01437337236086
140.01440190945763
140.033068882978
140.0728798290383
140.07140333991245
140.1399676148525
140.15652055598804
140.1581101452463
140.17602131918014
140.1772578387982
140.22646724874218
140.31997529362414
140.3193323489201
140.36889380302233
140.3689134691938
140.4199091173979
140.47438828077222
140.47448022159801
140.51185975556612
140.52287425799656
140.5614548730471
140.57775719341055
140.61455340393584
140.6353511430559
140.68866577327435
140.707600532735
140.70596579224997
140.7070355400454
140.75843992691674
140.75714609115295
140.7747000283904
140.77715666130985
140.77778904959877
140.8144084128539
140.8535681595218
140.87171168593358
140.86881597439734
140.87072031174822
140.9092673598015
140.90925562803386
140.9736478079847
140.9844592263018
140.98405529947325
140.9851075800579
141.06034272140806
141.09660329159468
141.09761235871736
141.0964513383525
141.16392342265047
141.16442182485852
141.19421019187035
141.19520736779995
141.28608138098653
141.29745600935055
141.29894968563818
141.29956683227718
141.31682154192313
141.35394802220523
141.366318203767
141.37747704066254
141.3776821945921
141.4295480758797
141.52163887224913
141.548876112066
141.62647006015305
141.63630451608486
141.63506777244717
141.67148873398824
141.6725935066877
141.67266820096293
141.7089833508594
141.74085544792553
141.77670268968456
141.77549589952747
141.7857548694118
141.78365518730405
141.8017289376598
141.8199779753011
141.82012952894087
141.85858369499226
141.8761673341365
141.87734175906436
141.87757421871606
141.91417000905304
141.93299843746632
141.9497984530767
141.94848404630946
141.98400202992804
141.98417960913457
141.98311242219003
142.02322514380216
142.06136251347365
142.06219319605302
142.07797614350076
142.07751125381475
142.11255669860853
142.12506140715038
142.1360720862508
142.16663485746068
142.1689797001968
142.2030353719308
142.24159227405892
142.24172262314679
142.25335177761323
142.25374480765066
142.26862103156694
142.28640870652623
142.33625325115813
142.33582811454968
142.3377423078543
142.35469464192713
142.3715357672743
142.37201451767456
142.41094976214782
142.41082016738605
142.41214402481847
142.41366497606032
142.43186893074076
142.43113487452487
142.43075830076785
142.44676245405182
142.4466390811829
142.45903408962477
142.49622624609339
142.49556721010015
142.5125979228052
142.55935451096786
142.55956488586494
142.60675802101983
142.60821944307904
142.60931447464736
142.64721413344785
142.6472863064993
142.64633599223077
142.64649169279195
142.66230636400658
142.6804388285909
142.71017331274302
142.74577294435667
142.76380128572055
142.79175738512032
142.7933549874659
142.80413978996816
142.82007212484467
142.82080331307145
142.8213921475638
142.82188373227027
142.82254300777169
142.82346724714478
142.8613060758521
142.86119054200998
142.86276871977586
142.86289418311225
142.90713446312463
142.90606501230963
142.90649206910223
142.9388797332613
142.95071873220553
142.95092157970478
142.9687171436639
142.9850208970888
143.00300775540973
143.03059417557665
143.03226319205243
143.0325375051558
143.04382724793814
143.0428036837244
143.05808697476618
143.05741350333153
143.06779319044026
143.0687182276249
143.1123298078104
143.11241069516248
143.11187479168015
143.12847941411428
143.1693371561592
143.17154407422677
143.18138260507027
143.18268336703053
143.19552222460473
143.21037791177474
143.21172249195973
143.22685783835786
143.24062632018257
143.253273471756
143.29034191488802
143.2927954421035
143.30252554880988
143.342895203636
143.358061916264
143.37418965276464
143.38985847224524
143.40504488835865
143.42077489286436
143.42200065759195
143.46198968820954
143.48074627005656
143.50329338183226
143.55727380538872
143.5571688802024
143.57286742729625
143.62276566581494
143.62297889834716
143.65982096147494
143.66003240745698
143.6608927693835
143.67153914717395
143.67179120002078
143.68188924421545
143.70338222842219
143.70234915311124
143.7025743588904
143.70204759587477
143.71886325761326
143.71888778128115
143.71960639329723
143.72022925401737
143.74506380556244
143.785168878216
143.82462282369542
143.8774817830021
143.89925379672036
143.9006485784036
143.90018353531227
143.9002209426808
143.90941929238463
143.9089313497595
143.9481358611319
143.96327694391698
143.9946513223344
143.99472436135565
143.99444482482826
144.00849503226135
144.00983942012883
144.00783289690503
144.00785734975074
144.01864032217162
144.0616274546457
144.06196707445838
144.06203042456485
144.07851301763023
144.07794868069664
144.07799602370156
144.0790049528315
144.08929865005103
144.08917366165602
144.0886246646395
144.08913587922828
144.10523569326605
144.1046698774257
144.1272949762745
144.12862068680113
144.1507209482448
144.150653568317
144.1498863987189
144.14880117930247
144.14741501512975
144.163643151844
144.16392530774277
144.23085166225678
144.26783576369408
144.29530908267876
144.29641192516456
