with mode=3, handoff cost coefficient = 1.0
134.62879560027943
135.5729775617829
136.40192048259138
136.71246986677454
136.7527565564285
137.16452423481468
137.15413807976816
137.17387892770014
137.18724002785888
137.30091707506847
137.4845640074331
138.39315525881585
138.9514781550425
139.83937386545165
139.84096845982384
139.84984489198246
139.84974556230839
140.25864752311193
140.55768946571803
140.5808119723964
140.58077077550135
140.62492355698944
140.99037767928118
141.01954811400665
141.02307657513435
141.44695215771515
141.44747320723098
141.8496736898609
141.89155361590977
141.89120445564913
141.89208795283906
141.8920916535452
141.8920916535452
141.93745952229892
141.93745952229892
141.93745952229892
142.2402534828976
142.24537895047132
142.24525709776407
142.24525709776407
142.24807008945655
142.24807008945655
142.25137307982345
142.25149369963992
142.25240898865582
142.25196023884982
142.25196023884982
142.25196023884982
142.45932709946706
142.47451544601472
142.4835993902715
142.48634705370065
142.48738301610595
142.75969727051313
142.75969727051313
142.7695215197171
142.77306112508404
142.7735154118866
142.77360898206987
142.77361064783997
142.77361064783997
142.77361064783997
142.77361064783997
142.77361064783997
142.77361064783997
142.77361064783997
142.77874481128526
142.77905261420062
142.78605263489533
142.78605294169472
142.78605294169472
142.80479630333025
142.80435123213465
142.80435123213465
142.80360186816878
142.80360186816878
142.83711898879034
142.83738283657686
142.84020429437027
142.8516411274669
142.85171518069592
142.85202567826613
142.8520471222912
142.85449667732615
142.86003761027385
142.86136792186736
142.8615695496487
142.861880390376
142.86205374987597
142.86313550186998
142.86314905203045
142.86314905203045
142.86314905203045
142.86314905203045
142.86314905203045
142.86314905203045
142.86314905203045
142.86314905203045
142.86314905203045
142.86314905203045
142.86314905203045
142.86314905203045
142.86314905203045
142.86314905203045
142.86314905203045
142.86314905203045
142.86314905203045
142.86476107762692
142.86442445163345
142.86442445163345
142.86442445163345
142.86442445163345
142.86442445163345
142.86571454423444
143.0232865093154
143.0232865093154
143.02354151631434
143.02358507329703
143.02358507329703
143.02358507329703
143.02358507329703
143.02358507329703
143.02358507329703
143.02358507329703
143.02358507329703
143.02358507329703
143.02358507329703
143.02358507329703
143.02358507329703
143.02358507329703
143.03245576472338
143.25751624648873
143.2573780010971
143.25598854210543
143.25703715694976
143.25703715694976
143.25703715694976
143.25703715694976
143.25703715694976
143.2585676639824
143.2585676639824
143.25871098694765
143.2585350397794
143.2585350397794
143.2657615703226
143.2672142664081
143.29740873074442
143.29742144797464
143.2961424801363
143.2967714666616
143.2967714666616
143.2967714666616
143.2967714666616
143.29932100029964
143.29984211705732
143.30702714626622
143.30707175745985
143.30705622629208
143.30705942471164
143.30705942471164
143.30705942471164
143.30705942471164
143.30705942471164
143.30705942471164
143.30705942471164
143.30705942471164
143.30705942471164
143.30705942471164
143.30705942471164
143.30705942471164
143.30705942471164
143.30705942471164
143.30705942471164
143.30705942471164
143.30705942471164
143.30705942471164
143.30705942471164
143.30705942471164
143.30705942471164
143.30705942471164
143.30705942471164
143.30705942471164
143.30705942471164
143.30705942471164
143.30705942471164
143.30705942471164
143.30705942471164
143.30705942471164
143.30705942471164
143.30705942471164
143.30705942471164
143.30705942471164
143.30705942471164
143.30705942471164
143.30705942471164
143.30705942471164
143.30705942471164
143.30705942471164
143.30705942471164
143.30705942471164
143.30705942471164
143.30705942471164
143.30705942471164
143.30705942471164
143.30705942471164
143.30705942471164
143.30705942471164
143.30705942471164
143.30705942471164
143.30705942471164
143.30705942471164
143.30705942471164
143.30705942471164
143.30705942471164
143.30705942471164
143.30705942471164
143.30705942471164
143.30705942471164
143.30705942471164
143.30705942471164
143.30705942471164
143.30705942471164
143.30705942471164
143.30705942471164
143.30705942471164
143.44039264258245
143.44021711556428
143.4409508699278
143.44091980248498
143.44091980248498
143.53532975173712
143.53520319436356
143.53416286882063
143.53927465841898
143.54025347524208
143.54025347524208
143.54042794730492
143.54042794730492
143.54042794730492
143.54042794730492
143.54232659757707
143.54320298665897
143.54320569859843
143.54320569859843
143.54320569859843
143.54320569859843
143.54320569859843
143.54320569859843
143.54320569859843
143.54320569859843
143.54320569859843
143.54320569859843
143.55007388811183
143.5501327959275
143.55216343559786
143.55294496929142
143.55353200761215
143.55352762925483
143.5595275889657
143.5595275889657
143.5595275889657
143.55952758199982
143.55952758199982
143.55952758199982
143.55952758199982
143.55952758199982
143.55952758199982
143.55952758199982
143.55952758199982
143.55952758199982
143.55952758199982
143.55952758199982
143.55952758199982
143.55952758199982
143.55952758199982
143.55952758199982
143.55952758199982
143.55952758199982
143.55952758199982
143.55952758199982
143.55952758199982
143.55952758199982
143.55952758199982
143.55952758199982
143.56163657707128
143.56166483237013
143.5616654607329
143.56151508042484
143.56151508042484
143.56151508042484
143.56151508042484
143.56151508042484
143.67731024940224
143.689122332904
143.689122332904
143.6890696496637
143.68910108485957
143.68910108485957
143.68910108485957
143.68910108485957
143.68910108485957
143.68910108485957
143.68910108485957
143.68910108485957
143.69126914944414
143.69126914944414
143.69118111582645
143.6912037277096
143.6912037277096
143.6912037277096
143.6912037277096
143.6912037277096
143.6912037277096
143.6912037277096
143.6912037277096
143.6912037277096
143.6912037277096
143.6912037277096
143.6912037277096
143.6912037277096
143.6912037277096
143.6912037277096
143.6912037277096
143.6912037277096
143.6912037277096
143.6912037277096
143.6912037277096
143.6912037277096
143.6912037277096
143.6912037277096
143.6912037277096
143.6912037277096
143.6912037277096
143.6912037277096
143.6912037277096
143.6912037277096
143.6912037277096
143.6912037277096
143.6912037277096
143.6912037277096
143.6912037277096
143.6912037277096
143.6912037277096
143.6912037277096
143.6912037277096
143.6912037277096
143.6912037277096
143.6912037277096
143.6912037277096
143.6912037277096
143.6912037277096
143.6912037277096
143.6912037277096
143.6912037277096
143.6912037277096
143.69461077654395
143.69461077654395
143.6946539128675
143.694664991654
143.694664991654
143.694664991654
143.694664991654
143.694664991654
143.694664991654
143.694664991654
143.694664991654
143.694664991654
143.694664991654
143.694664991654
143.694664991654
143.694664991654
143.694664991654
143.694664991654
143.694664991654
143.694664991654
143.694664991654
143.694664991654
143.694664991654
143.694664991654
143.694664991654
143.694664991654
143.694664991654
143.694664991654
143.694664991654
143.694664991654
143.694664991654
143.694664991654
143.694664991654
143.694664991654
143.694664991654
143.694664991654
143.694664991654
143.694664991654
143.694664991654
143.694664991654
143.694664991654
143.694664991654
143.694664991654
143.694664991654
143.694664991654
143.694664991654
143.694664991654
143.694664991654
143.694664991654
143.694664991654
143.694664991654
143.694664991654
143.694664991654
143.694664991654
143.694664991654
143.694664991654
143.694664991654
143.694664991654
143.694664991654
143.694664991654
143.694664991654
143.694664991654
143.694664991654
143.694664991654
143.694664991654
143.694664991654
143.694664991654
143.694664991654
143.694664991654
143.694664991654
143.694664991654
143.694664991654
143.694664991654
143.694664991654
143.694664991654
143.694664991654
143.694664991654
143.694664991654
143.694664991654
143.694664991654
143.694664991654
143.694664991654
143.694664991654
143.694664991654
143.694664991654
143.694664991654
143.694664991654
143.75141269886655
143.75164703372135
143.7516374368052
143.75164702163318
143.75164702163318
143.75164702163318
143.75164702163318
143.75164702163318
143.75164702163318
143.75164702163318
143.75164702163318
143.75164702163318
143.75164702163318
143.75164702163318
143.75164702163318
143.75164702163318
143.75164702163318
143.75164702163318
143.75164702163318
143.75164702163318
143.75164702163318
143.75164702163318
143.75164702163318
143.75164702163318
143.75164702163318
143.75164702163318
143.75164702163318
143.75164702163318
143.75164702163318
143.75164702163318
143.75164702163318
143.75164702163318
143.75164702163318
143.75164702163318
143.75164702163318
143.7534976870912
143.7534216068681
143.84549587698953
143.84565395460385
143.8461426940283
143.84614511867676
143.84614511867676
143.84614511867676
143.84614511867676
143.84614511867676
143.84614511867676
143.84614511867676
143.84614511867676
143.84614511867676
143.84614511867676
143.84614511867676
143.84614511867676
143.84614511867676
143.84614511867676
143.84614511867676
143.84614511867676
143.84614511867676
143.84614511867676
143.84614511867676
143.84549587698953
