with mode=0, handoff cost coefficient = 1.0
134.62879560027943
134.72715521247162
134.75533234388018
134.7491205079502
134.75868590917048
134.7784163517029
134.7783392778399
134.77826872450993
134.79770502801077
134.82084623168564
134.82344730885958
134.81836426084
134.83894302510834
135.03530133170435
135.04153505998374
135.04449966490458
135.04200924662
135.04247991323555
135.06747970004366
135.0732359248232
135.0750119542253
135.0766249827633
135.0768080470543
135.07680956652158
135.07426686095124
135.07562188979736
135.13967092953487
135.1385823205385
135.1636480930717
135.16525855957872
135.16526034079286
135.16801702108606
135.16793056419422
135.26733178393582
135.28453637152532
135.28869975610868
135.28537265640932
135.2853807743979
135.28870108424107
135.41239589396525
135.41756673495377
135.41899901540245
135.419825106872
135.42152459860623
135.72824618602363
135.72373562729558
135.72465599572539
135.7270221127425
135.72702471477385
136.03476812080646
136.03233220502156
136.0430917555088
136.04309749682562
136.04309749682562
136.0430969226865
136.14352639208653
136.14596230787143
136.18831127850189
136.18918427259953
136.18611006099104
136.18335131179188
136.1863680546517
136.18563163711218
136.18918427259953
136.1895949172909
136.18959546474125
136.19378929846638
136.1937893223877
136.19378658995223
136.19778860645584
136.1977840430586
136.19730880766303
136.1973933306757
136.19782923057724
136.1976419117593
136.19704486561105
136.19797611037495
136.20415249120816
136.2041876022379
136.20385275290414
136.35612525621954
136.3561201143328
136.3582817112349
136.35828231105762
136.3584008719062
136.35829016938197
136.36178655107005
136.36223202377514
136.36223792397305
136.4108020135267
136.56240616570895
136.56259104584953
136.56435713195353
136.64896478257637
136.6508330959969
136.65066425841832
136.6508773091691
136.65088226334342
136.6564487850425
136.65631835369103
136.6564894885097
136.70424816279478
136.7044181847772
136.70982522178127
136.71389297017603
136.7606211470968
136.76045001227814
136.7554143400769
136.75451989886943
136.753647623988
136.7606211470968
136.83710798113214
136.83758844171746
136.83763522509727
136.8383997617736
136.83936381311204
136.83982675206133
136.83982696447436
136.86285300319042
136.86303104740534
136.89503909663694
136.8964147326576
136.93033584815083
136.93023021172428
136.93063411467185
136.93003551415921
136.93134627150965
136.93135336849008
136.93330300357553
136.93346845067617
136.93383037790926
136.933946513596
136.93397354642656
136.9340928990458
136.9349051947683
136.9352251854237
136.9352640778683
136.93526639722756
137.011313982945
137.01141624265165
137.012591204765
137.0134465358055
137.0134585364413
137.01355367480167
137.0131233084046
137.01339421740636
137.0137726692797
137.01396999464987
137.01856879649125
137.0200015001662
137.0200424069942
137.02214823266223
137.02224360799508
137.02278596434812
137.02272378039962
137.02274894142266
137.0229006855533
137.02289993631626
137.02332280992877
137.02339505369238
137.0231794778517
137.02352598154908
137.023940105224
137.0240773281528
137.02418892032708
137.02418951116417
137.02458244332712
137.03544451587126
137.03547702588514
137.0368509248305
137.0369348296276
137.03710232416609
137.03717392288343
137.068935678502
137.06938040852134
137.06958607333917
137.06976211891376
137.10195886832
137.1110261951062
137.11567311261652
137.15785283369215
137.1584614090177
137.16927222813845
137.17942865001746
137.1819473749601
137.19177502112382
137.2016826386598
137.20200328187735
137.2018977316468
137.20256081147414
137.20256081147414
137.233027656103
137.23304651395372
137.23429438566774
137.23452218195743
137.23528639350386
137.2448814255934
137.32117766961906
137.3211945389824
137.32804665589882
137.40392264380546
137.4048249038044
137.40493590957118
137.40520256919928
137.40513266376678
137.4051586091445
137.4091290849893
137.40889587618523
137.40920473240405
137.40904790345243
137.40982159374303
137.41367940878274
137.41367084310764
137.41370991412325
137.4167060114484
137.4203678065827
137.4201125900791
137.42009626600336
137.41940594340377
137.41940594340377
137.4203678065827
137.42061348671518
137.42139673386603
137.4214860672982
137.4215196925067
137.42153497371643
137.4215303585762
137.4212451148662
137.43640751088134
137.4366672510414
137.4366676738804
137.43678185837908
137.43689361125408
137.43703356777874
137.43704347291157
137.4371061566456
137.43714749552117
137.43714817115713
137.43714817115713
137.45434980911608
137.4545031166436
137.45499795842943
137.47816220415592
137.4781643501827
137.47833379576258
137.478885136903
137.5161363988356
137.5175122776975
137.5175610223945
137.5220238871669
137.52214134910838
137.52218674722081
137.52218674722081
137.52218674722081
137.5221998316245
137.52225376661602
137.5222883446334
137.53439268641495
137.53441520053443
137.53478818336134
137.53482181916132
137.53502254747013
137.53508623642261
137.53503579818766
137.5350684652449
137.55220653509713
137.5522290885737
137.55246655303523
137.55246678441898
137.55251068394537
137.55247277123246
137.55256495767082
137.55287298034506
137.55298215857655
137.55312635652177
137.55781318116
137.55792832631374
137.55978281953472
137.55993206524852
137.56017822259022
137.56020808270813
137.59836580690424
137.59839979103532
137.61550608252736
137.61550608252736
137.61629584623006
137.6163260477875
137.6167533810822
137.61684059022173
137.61680271663732
137.61686485639234
137.6169361215867
137.61694116729012
137.61685616443333
137.6168565082665
137.61680130322065
137.6169361215867
137.61693268876962
137.6169515428448
137.61695205273537
137.61695462581457
137.6169685566557
137.61701411925472
137.62715201225652
137.6271520590141
137.62722264377263
137.64621706760545
137.6652060712642
137.66523970113764
137.66529416004593
137.66530960339452
137.66534744852964
137.66535031135123
137.66539314983928
137.6653933169149
137.66568205785637
137.66568397997327
137.66568405118997
137.6657276625268
137.66573861160734
137.66573864805207
137.66575835669232
137.66576925085656
137.67430825079327
137.67434176176872
137.67434458534237
137.67431965079004
137.67432079553214
137.67433973804185
137.67434176176872
137.67860719634336
137.67861278613356
137.6786215801811
137.68240747162352
137.68243254716785
137.68253283822403
137.6825331023591
137.68362428281114
137.68362356579442
137.68362702220952
137.68362207704936
137.68370127085072
137.6837612396162
137.68378383190705
137.6838165948422
137.6838172989512
137.69345632605229
137.69391281466815
137.69391222530444
137.69391224757857
137.6939122689677
137.69391299512654
137.70350244393617
137.70350391340023
137.70355056469114
137.70355056469114
137.70355327722024
137.70355850137025
137.70355858565864
137.70355056469114
137.7035505903764
137.70376319856268
137.70377773703166
137.70380964477388
137.703836198986
137.70383529354794
137.70383533580224
137.7038486270518
137.70384998468842
137.7038746900791
137.70387469973463
137.70391860649738
137.70393802140404
137.70393787236176
137.7039557725106
137.70877025829373
137.70877792307238
137.70877813451867
137.70877815973992
137.70877817922016
137.70877025829373
137.70877226895138
137.70879558855233
137.70884033554148
137.70884668684928
137.70959831554478
137.70959855847036
137.70960143923242
137.70960144165716
137.70960474651406
137.70959831554478
137.7095992513419
137.7096076770189
137.7096131159562
137.70961541755466
137.7096181176396
137.7096181478381
137.70961918533857
137.7096131159562
137.70968139097414
137.70968148227018
137.70968343170793
137.7096859829211
137.70992159260015
137.70992159260015
137.70992221222244
137.70992337198118
137.7099235435223
137.70992159260015
137.70992161830458
137.70992274712273
137.7099254328885
137.70992691960296
137.71008584827348
137.71008612772823
137.71008615637268
137.71008661690968
137.71008759680723
137.71038844175357
137.71038847550233
137.7103905330354
137.71039076215405
137.71039108990652
137.71038844175357
137.7103893898987
137.71053751538713
137.71054011203935
137.71054012202904
137.71054014296928
137.71054216134908
137.71053751538713
137.71056703155088
137.7105673488951
137.71056743137513
137.71057097242743
137.71057097294792
137.71056703155088
