with mode=1, handoff cost coefficient = 1.0
158.04230447199623
158.06927127024002
158.1143813826418
158.1577292331941
158.21403168490372
158.2454302185937
158.2537056037121
158.2757319720268
158.30149261360646
158.32489622768765
158.33406861637556
158.35426828087643
158.3988747484043
158.40648257629547
158.4363722987718
158.46446578782655
158.47861890191612
158.50281402276926
158.51653861181654
158.53940696989233
158.54124013132466
158.5613238667048
158.56343367611237
158.58219314385678
158.5931676339086
158.6278120210645
158.64292239758825
158.65138020867207
158.67419042055974
158.6906635354656
158.70031627524378
158.71646481388242
158.74249042168947
158.77467463184198
158.83840289529732
158.8380745245101
158.87249037838532
158.88877264547762
158.91491256246417
158.91837293997528
158.9775379822905
158.97796647469704
159.0010872059743
159.01881440394305
159.01665416650548
159.01982136125667
159.03753482939703
159.08072937393825
159.08269913381355
159.13076891188422
159.1281513107773
159.17880345641979
159.19870915501494
159.2279992877372
159.2312544977824
159.24673482947478
159.28939917689786
159.29806856883812
159.32474382048346
159.33230312391086
159.33616833538593
159.36523120990682
159.36508259198618
159.394045699082
159.4060931344946
159.42083270826154
159.44695638317828
159.447169969931
159.47953062065056
159.4856293208358
159.48600120848883
159.50211014506112
159.52237646653015
159.5242865262375
159.5458625369111
159.571599139386
159.58486175502927
159.59535104615634
159.61497792073237
159.62828308308414
159.63372288651152
159.67752486318014
159.67779930492938
159.69030636648836
159.714239909994
159.74294419972694
159.7870958540364
159.78708243681533
159.79577030064917
159.79631401221334
159.81951834010525
159.81850720838477
159.8347171613902
159.849143480385
159.85349926695116
159.87515783363972
159.87895314958766
159.8853993441153
159.91658402486587
159.94631040061216
159.95348851868783
159.97394452043983
159.9918597231443
160.0009801553726
159.99921750446262
160.0301654053017
160.05338482077025
160.08230366626273
160.12012543488257
160.13060647583583
160.1466417299211
160.14852654466787
160.1597317834594
160.18217942740125
160.18812453332527
160.26019868340134
160.26227806671608
160.28542895437994
160.3074940657908
160.30681086139296
160.3137559364498
160.32915898059514
160.35510449266388
160.3544776253859
160.38533449789136
160.40477552879713
160.4040752949442
160.42556915976277
160.4379090489634
160.44970404621262
160.45289364881762
160.48576330807134
160.49095683910383
160.50912944204055
160.50893074443886
160.50849206789243
160.5167997591187
160.55753711505685
160.58570253948332
160.6183262758001
160.62964322239523
160.65232969506198
160.65532299670494
160.6556681785736
160.67347844334685
160.68790465372035
160.71630645115823
160.7177018195988
160.71704787084244
160.75678136279734
160.7663279945996
160.7780811659649
160.78763626715377
160.78937392006623
160.8212279977792
160.83142179915046
160.83274975245726
160.8705321292704
160.88785097290065
160.8946436157062
160.9257332744661
160.94636745288398
160.96215846442192
160.97200328523158
160.9758806700357
160.98499630101188
160.9952260448624
161.00088931937532
161.00266782166307
161.01496824863764
161.01495120520136
161.03933894157353
161.05072132535628
161.05267224809688
161.05981963110872
161.09777377966915
161.1060020176685
161.10313967908723
161.1136130387007
161.12436360935723
161.130828543599
161.1369769157754
161.1468680015678
161.14885381659212
161.150223773478
161.15872332334013
161.1599031264904
161.17102602482612
161.17362106809145
161.20069458354092
161.21010357162785
161.23277075590573
161.24396352181685
161.24458756609738
161.24513642724742
161.25528726340463
161.26397684691116
161.26886090830982
161.28741562129863
161.30310906178653
161.31246610394433
161.33371377876307
161.34300613416795
161.36621261171686
161.38445647715892
161.38425164460077
161.38417066887052
161.3843855946898
161.3901508894014
161.38997326218066
161.4172079601521
161.47152016734069
161.47423908027082
161.47389518306068
161.47801180844698
161.49334219673878
161.5021212529339
161.50084357957724
161.50145471943182
161.50854339091842
161.5332189954324
161.56751686125267
161.59473675669244
161.61070043839834
161.63469911804398
161.64770026623262
161.66398293164815
161.68149965856088
161.7188998264442
161.72296757742922
161.72316991284163
161.76604134573574
161.7649997388285
161.77382927258967
161.78608878579738
161.7933153597166
161.7929964326678
161.7909402005997
161.80910664398382
161.8156882164438
161.84376816604305
161.86719437051883
161.9030022419317
161.90416102926247
161.91330980377995
161.9215796229715
161.92234084352128
161.93875134832567
161.9830890317807
161.99465060903208
161.99625544693995
161.99631491124836
161.99865636564115
162.01176803547642
162.02683704782547
162.03570202813535
162.04710559456962
162.08072364654203
162.09595256433929
162.09726934390562
162.10880835379547
162.1068835221087
162.12950533768435
162.12906999142655
162.13850145613281
162.13928081847337
162.14735072415328
162.14965585940033
162.19365955130974
162.20579623860533
162.20550340688763
162.21523487011083
162.24840668980622
162.26950620564173
162.2695769523815
162.26941693420326
162.3003267940168
162.31380528497783
162.31641662444355
162.31832969443423
162.32993631803035
162.34081144984083
162.3444544505061
162.37151292003347
162.38268759356808
162.4171768123847
162.42627866366874
162.44804134727673
162.47088480710426
162.4751706783343
162.49241289520313
162.54235679743292
162.54334585296132
162.5441616616129
162.54822317446403
162.54773558725742
162.57026010925188
162.5729168165397
162.56982213886744
162.57074648297302
162.57234381447896
162.59504774010557
162.61160640087905
162.63356672110166
162.64738524299062
162.68655766733374
162.72097602595457
162.7228774375473
162.73604419548812
162.73291822856498
162.7629118839907
162.79780562052136
162.79388203613615
162.79448137140386
162.80450675521425
162.8147542993679
162.8163245189273
162.82414107896528
162.8241746045672
162.8243257638989
162.82610039873464
162.8253708847207
162.82517828182011
162.86038433884636
162.8600077720058
162.8604427379399
162.86959947944962
162.8700551355427
162.8698735944844
162.86976488367472
162.87990622485054
162.89513012525984
162.90672459001942
162.9072984337628
162.94504892571877
162.98651516340564
162.98672356252823
162.9880893727657
162.98913974109936
163.00842131196654
163.00824171767175
163.02385507964001
163.0249868887119
163.02501584379698
163.0261205810425
163.03855416163177
163.03564290220362
163.0445335754579
163.05473456106
163.07051050819862
163.07060847194705
163.0709933233483
163.0684630366404
163.0686359120926
163.07766213056507
163.11153778774053
163.1185590028949
163.1195115972432
163.1201331876961
163.11853729457056
163.13169827302139
163.13124694722578
163.13230860104818
163.13011962829756
163.13983068274
163.14216556144095
163.1565821441716
163.16170222620272
163.1790209769827
163.18599738055153
163.18955134246542
163.18897549307522
163.19981103288842
163.21083566718968
163.2253081721682
163.22642714404844
163.23746721342835
163.23761822261218
163.23825390955255
163.23952737460837
163.23723973837858
163.24594126207072
163.25239849882888
163.2572540318002
163.2641384902639
163.30626770027152
163.3427836800955
163.35615647713695
163.35555784169193
163.37053595477525
163.37286070033608
163.39489057405393
163.39474680773193
163.40296649133907
163.40169237815047
163.41694714054648
163.432669845969
163.43276698517306
163.44153414120848
163.43913547002063
163.44905297997337
163.46342432417617
163.46302743718488
163.4754951126951
163.47570367666134
163.4744938690167
163.50079904604337
163.5274307170781
163.52874263473564
163.54103613005765
163.54661095673646
163.5514896649382
163.55213106132584
163.60473654493347
163.6044595988539
163.61072029273203
163.61354342316736
163.61507965896166
163.61390247346208
163.61231751316524
163.6318791380006
163.63653828085705
163.63837751241817
163.66392013873573
163.6628493134711
163.66082576504414
163.68812846897617
163.689024804997
163.68957053689283
163.7064575672238
163.73729655247502
163.75732470196775
163.75908501461086
163.7566579500855
163.79893664232782
163.79830554337917
163.80054722814097
163.80226585074394
163.82314147477373
163.85208368835808
163.8665726671529
163.87402707103794
163.89610912237669
163.89638161625032
163.9344909795902
163.93959361678267
163.9398603103691
163.93820606721303
163.94586014457323
163.94770482915135
163.95576977044183
163.95938062849075
163.95912195550378
163.9840537428246
163.98489830301585
163.98618339629743
163.98260471426045
163.98136913716715
164.01562482476194
164.01566076883182
164.01348781052783
164.02228409959895
164.04314784047426
164.04254252764946
164.0500399128665
164.07164041625504
164.07791098805208
164.08350569238087
164.07974716713542
164.08375290890882
164.08128279787783
164.0810744722318
164.0822169692351
164.08219428376972
164.08375290890882
164.08842948105823
164.08818912030006
164.0884408140898
164.10022724330386
164.1050250557951
164.10460714689341
164.10538017618555
164.1046985944556
164.11533769852304
164.12284884224454
164.12783608766367
164.12820650293705
164.12945089744795
164.15096034604858
164.1606013692931
164.16108003132553
164.16376945199846
164.16910780127503
164.1704190677703
164.17039460936607
164.17054986614104
164.1712315934416
164.17755527827535
164.17804750683908
164.18438126414188
164.18438126414188
