with mode=3, handoff cost coefficient = 1.0
158.04230447199623
158.04230447199623
158.14196023167892
158.1622208929336
158.50968706999066
158.56191303059805
158.56804815990787
158.57139103892226
158.58014371346266
158.93486186132384
158.94961586752288
158.95037703130373
159.2809600558207
159.2819140687298
159.4000032400057
159.4001384528345
159.39887049677552
160.0570919634882
160.19516575343803
160.1950915114385
160.19635902832607
160.19635902832607
160.20920653739716
160.20920653739716
160.21647549269923
160.4304293321787
160.60883470890866
160.616889197636
160.6367107367484
160.66093407488182
160.6592157310249
160.86767000442586
160.86653406517317
160.87465120359732
160.87669750663855
161.07608420968572
161.0771883792507
161.07817257990575
161.07817257990575
161.09135876093612
161.2607689612623
161.26978372471032
161.41766160026722
162.01014892067644
162.3450218427992
162.34616170603445
162.54088406472857
162.54088406472857
162.54088406472857
162.54919065708452
162.54913812039547
162.54913812039547
162.54559915682518
162.54559915682518
162.54559915682518
162.54559915682518
162.54559915682518
162.73140156135875
162.73140156135875
162.73140156135875
162.7351533363677
162.7351533363677
162.7351533363677
162.8673709203989
162.8709043336118
162.8709043336118
162.86873229704327
162.8778796992249
162.87996120310578
162.8795942266693
162.88596441726955
162.88690885252925
162.88619499111687
162.88665892799892
162.88665892799892
162.88665892799892
162.88665892799892
162.88665892799892
162.88665892799892
162.88665892799892
162.88665892799892
162.88665892799892
162.9038026847463
162.90387815940772
162.90394843892656
163.13842185639456
163.17397238747574
163.1769179731344
163.17689589634082
163.17691970568342
163.17691970568342
163.18251666464866
163.18254068685533
163.18254068685533
163.18284210681097
163.18284210681097
163.18284210681097
163.40104963418105
163.4016199775147
163.39933802643353
163.39914042394747
163.39914042394747
163.60545108033062
163.60472956519646
163.6044737828756
163.60417029933552
163.60417029933552
163.60417029933552
163.60417029933552
163.60417029933552
163.60417029933552
163.60417029933552
163.60417029933552
163.60417029933552
163.60417029933552
163.60417029933552
163.60417029933552
163.60417029933552
163.60417029933552
163.60417029933552
163.60417029933552
163.60649145676211
163.60649145676211
163.60685692141644
163.6069684329085
163.6069684329085
163.60723425070086
163.60723425070086
163.60723425070086
163.60723425070086
163.60723425070086
163.60723425070086
163.60723425070086
163.60723425070086
163.60723425070086
163.60723425070086
163.60723425070086
163.60723425070086
163.60723425070086
163.60723425070086
163.60723425070086
163.60723425070086
163.60723425070086
163.60723425070086
163.60723425070086
163.60723425070086
163.60723425070086
163.60723425070086
163.60723425070086
163.60723425070086
163.60723425070086
163.60723425070086
163.60723425070086
163.60723425070086
163.60723425070086
163.60723425070086
163.60723425070086
163.60892908598564
163.60892908598564
163.60892908598564
163.61106055238872
163.61084734926536
163.61084734926536
163.61083562444858
163.61083562444858
163.61083562444858
163.61083562444858
163.61083562444858
163.61083562444858
163.61083562444858
163.61083562444858
163.61083562444858
163.61083562444858
163.61083562444858
163.61083562444858
163.61083562444858
163.61083562444858
163.61083562444858
163.61083562444858
163.61083562444858
163.61083562444858
163.61083562444858
163.61083562444858
163.61083562444858
163.61083562444858
163.61083562444858
163.61083562444858
163.61529371751695
163.61427944980466
163.61427724419323
163.61664391587652
163.61719502185088
163.618400956185
163.62676948666862
163.62571493401566
163.62574453713142
163.62574453713142
163.62574453713142
163.62574453713142
163.62574453713142
163.62574453713142
163.62574453713142
163.62574453713142
163.62574453713142
163.62574453713142
163.65098300318795
163.64819317717294
163.64912734778
163.64974631448652
163.64974631448652
163.64974631448652
163.64974631448652
163.64974631448652
163.64974631448652
163.65214169990065
163.65214169990065
163.65214169990065
163.65214169990065
163.65214169990065
163.65214169990065
163.65214169990065
163.6527740286442
163.6527740286442
163.6527740286442
163.6527740286442
163.6556071927157
163.65569671314182
163.65675160487015
163.6574954704457
163.65788039801348
163.65847853984823
163.65859978206453
163.65859978206453
163.65859978206453
163.65859978206453
163.65859978206453
163.65859978206453
163.65859978206453
163.65859978206453
163.65859978206453
163.65859978206453
163.65859978206453
163.65859978206453
163.65859978206453
163.65859978206453
163.65859978206453
163.65859978206453
163.65859978206453
163.65859978206453
163.65859978206453
163.65859978206453
163.65859978206453
163.65859978206453
163.65859978206453
163.65859978206453
163.65859978206453
163.65859978206453
163.65859978206453
163.65859978206453
163.65859978206453
163.65859978206453
163.65859978206453
163.65859978206453
163.65859978206453
163.6606559369916
163.6606559369916
163.6606559369916
163.6606559369916
163.6606559369916
163.6606559369916
163.6606559369916
163.6606559369916
163.6606559369916
163.6606559369916
163.6606559369916
163.6606559369916
163.6606559369916
163.6606559369916
163.6606559369916
163.6606559369916
163.6606559369916
163.6606559369916
163.6606559369916
163.6606559369916
163.6606559369916
163.6606559369916
163.6606559369916
163.6606559369916
163.6606559369916
163.6606559369916
163.6606559369916
163.6606559369916
163.6606559369916
163.6606559369916
163.6606559369916
163.6606559369916
163.6606559369916
163.72745333186708
163.72709872997996
163.72709872997996
163.72709899657792
163.72709899657792
163.72709899657792
163.72709899657792
163.7983032616384
163.7984757860561
163.7987289957191
163.79907084157537
163.79907084157537
163.79907084157537
163.79907084157537
163.79907084157537
163.85473770921055
163.8547770397123
163.8547606290742
163.8550033497057
163.8564519894183
163.8564519894183
163.8565556305845
163.8565556305845
163.8565556305845
163.8565556305845
163.8565556305845
163.8568395429864
163.8568395429864
163.8568395429864
163.8568395429864
163.8568395429864
163.8568395429864
163.8568395429864
163.8568395429864
163.8568395429864
163.8568395429864
163.8568395429864
163.8568395429864
163.8568395429864
163.8568395429864
163.8568395429864
163.8568395429864
163.8568395429864
163.8568395429864
163.8568395429864
163.8568395429864
163.8568395429864
163.8568395429864
163.8568395429864
163.8568395429864
163.8568395429864
163.8568395429864
163.8568395429864
163.8568395429864
163.8568395429864
163.8568395429864
163.8568395429864
163.8568395429864
163.8568395429864
163.8568395429864
163.8568395429864
163.8568395429864
163.8568395429864
163.8568395429864
163.8568395429864
163.8568395429864
163.8568395429864
163.8568395429864
163.8568395429864
163.8568395429864
163.8568395429864
163.8568395429864
163.8568395429864
163.8568395429864
163.8568395429864
163.8568395429864
163.8568395429864
163.8568395429864
163.8568395429864
163.8568395429864
163.8568395429864
163.8568395429864
163.8568395429864
163.8568395429864
163.8568395429864
163.8568395429864
163.8568395429864
163.8568395429864
163.8568395429864
163.8568395429864
163.8568395429864
163.8568395429864
163.90689324484615
163.90690767052396
163.90695434086686
163.90698100204133
163.90698100204133
163.90698100204133
163.90698100204133
163.90698100204133
163.90698100204133
163.90698100204133
163.90698100204133
163.90698100204133
163.90698100204133
163.90698100204133
163.90698100204133
163.90698100204133
163.90698100204133
163.90698100204133
163.90698100204133
163.90698100204133
163.90698100204133
163.90698100204133
163.90698100204133
163.90698100204133
163.90698100204133
163.90698100204133
163.90698100204133
163.90698100204133
163.90698100204133
163.90698100204133
163.90698100204133
163.9118341222697
163.91186165586342
163.9124228484943
163.91277014701495
163.91277014701495
163.91277014701495
163.91277014701495
163.91277014701495
163.91277014701495
163.91277014701495
163.91277014701495
163.91277014701495
163.91277014701495
163.91277014701495
163.91277014701495
163.91277014701495
163.91277014701495
163.91277014701495
163.91277014701495
163.91277014701495
163.91277014701495
163.91277014701495
163.91277014701495
163.91277014701495
163.9138233777164
163.9138264311059
163.9138264311059
163.9138264311059
163.9138264311059
163.9138264311059
163.9138264311059
163.9138264311059
163.9138264311059
163.9138264311059
163.9138264311059
163.9138264311059
163.9138264311059
163.9138264311059
163.9138264311059
163.9138264311059
163.9138264311059
163.9138264311059
163.9138264311059
164.09062324291827
164.09061424359646
164.09098114654148
164.09095836368218
164.09095836368218
164.09095836368218
164.09095836368218
164.09095836368218
164.09095836368218
164.09095836368218
164.09095836368218
164.09095836368218
164.09095836368218
164.09095836368218
164.09095836368218
164.09095836368218
164.09095836368218
164.09095836368218
164.09095836368218
164.09095836368218
164.09095836368218
164.09095836368218
164.09095836368218
164.09095836368218
164.09095836368218
164.09095836368218
164.09095836368218
164.09095836368218
164.09095836368218
164.09095836368218
164.09095836368218
164.09095836368218
164.09095836368218
164.09095836368218
164.09095836368218
164.09095836368218
164.09095836368218
164.09095836368218
164.09062324291827
