with mode=0, handoff cost coefficient = 1.0
158.04230447199623
158.10941284997247
158.1152026372552
158.2507477483281
158.25074006571626
158.2581013409094
158.28337736529215
158.33936111232765
158.3533794170817
158.33169688005424
158.33169688005424
158.33188188228547
158.33188188228547
158.35356441931293
158.3731287945926
158.37311392825515
158.36194322383167
158.38009762818513
158.3912683326086
158.39686439292072
158.39922650691253
158.40362875271865
158.4178004269012
158.41737847090457
158.40187810328345
158.4083461164884
158.42087815568703
158.4278030776277
158.41963848906815
158.53511560040587
158.4703959053517
158.4789897090346
158.506454637683
158.48731509603383
158.53511560040587
158.59260209957927
158.59354883142117
158.65122088119278
158.65122088119278
158.70846789666464
158.70944026132617
158.70943866265705
158.70916219165636
158.75785048363562
158.75860550148218
158.78213421349446
158.78222840540258
158.88943674425107
158.88966392794066
158.89746009285597
158.89743520261072
158.8974414767581
158.8939194171435
158.89450054046821
158.90016755222206
158.91400937409003
158.91391514226913
158.91263377114115
158.96940583561053
158.96940583561053
158.99173260584647
158.99173260584647
158.9942427807386
158.9942206062762
159.0427444098199
159.04289469212833
159.08804692989284
159.0894387207367
159.11051253406455
159.11060772608758
159.11182054240558
159.12452196161445
159.13037857240334
159.1261084399828
159.15444076140315
159.15444076140315
159.15638283517904
159.1570384153934
159.15825387082953
159.15662400795105
159.15663411028532
159.1585018832971
159.15854868416812
159.15849389868106
159.16453917796701
159.1615427575722
159.16154384848124
159.16154384848124
159.16168403844944
159.16453917796701
159.1715882648306
159.17161684392892
159.22488835873548
159.22617422446683
159.22617422446683
159.22739091474403
159.2274981134662
159.23429344816546
159.23582341679653
159.24607279150695
159.24928444346634
159.27473681275333
159.284706894288
159.2846979394195
159.2847147136015
159.28520879434626
159.3102587432701
159.3103245262375
159.33642166658333
159.33642030211888
159.38989418639147
159.4134330208435
159.41392043521248
159.41436370094036
159.4201898833488
159.42045456667225
159.41634470748107
159.41747788014345
159.4174785980524
159.41788911082102
159.42045456667225
159.42528213957965
159.42525660260526
159.42571220757415
159.42574515650944
159.42574856706577
159.42604603275117
159.42605180903644
159.42610212857593
159.42610677298111
159.42610677298111
159.42627660747664
159.4266932203616
159.4274067651697
159.42896678051767
159.42896678051767
159.428967739308
159.42928630169706
159.4292909327686
159.42871603342735
159.4288237006682
159.44127133346615
159.44150100907996
159.44150100907996
159.4413957720049
159.4413957720049
159.455785040444
159.4557918386477
159.4559304851409
159.45626908478775
159.45626908478775
159.45636393595137
159.4583046043493
159.46550473518514
159.47266843289663
159.47530835496758
159.48746556919423
159.48756848939706
159.48767365969937
159.50169645553223
159.50885196630614
159.5159638152714
159.5159631274383
159.5160145480959
159.51580676646878
159.52790820004117
159.52790820004117
159.5279090573191
159.52821407718372
159.52903694770535
159.53981265094748
159.54001931391045
159.54671012295304
159.5465587755527
159.54756142604282
159.54761157331848
159.548055483989
159.55085032346273
159.551392801191
159.55139756875295
159.56523309398077
159.5654346549859
159.5654346549859
159.577316825394
159.57732951615642
159.5767192052561
159.57655692054763
159.57656591348874
159.57664405247485
159.57732951615642
159.5773081840586
159.57731930900263
159.57735635205557
159.58091124435353
159.58091579049113
159.58091632465522
159.58091962841553
159.58225856192723
159.58225856192723
159.58225401578966
159.58522353710106
159.58517945897304
159.5852309906681
159.58529567606627
159.58533790515844
159.58561713426235
159.58561713426235
159.59164463882786
159.59423320520403
159.59492014283765
159.59492060217354
159.5964175744604
159.59650137305252
159.59654310751532
159.59652770703627
159.59648597257348
159.59649179534665
159.59649179534665
159.59654310751532
159.59722021727302
159.60392760528842
159.6039499930961
159.6040435281753
159.60532126079116
159.61175478651353
159.61176798402718
159.6118153979198
159.61211064970652
159.61211064970652
159.6127461855701
159.61276851515726
159.61276851515726
159.61578710884987
159.61578710884987
159.61578710884987
159.61578710884987
159.61578710884987
159.615799340181
159.6158190582582
159.615842938141
159.61590207034527
159.6159112221236
159.61736918672867
159.617408337083
159.617408337083
159.62104697179768
159.62283047850087
159.62295919131515
159.62328676806064
159.62328687171083
159.6234899046998
159.62349059511718
159.62349232685696
159.623494191799
159.62356969661826
159.6235578660164
159.6239726523155
159.62398798111076
159.62400109286258
159.62400109286258
159.62763626719945
159.62763623964722
159.62765044099987
159.62765044099987
159.63103129988642
159.63102931257248
159.63370323627794
159.6337382479207
159.64044106280545
159.64049019443667
159.64050039511665
159.64060671352044
159.64090423123895
159.64090423123895
159.6408768213233
159.64087865822336
159.64087865822336
159.640916166322
159.64091975362857
159.64093835037366
159.64095327248313
159.64095327248313
159.6409597179266
159.64115614089704
159.6410922097042
159.64116220466363
159.64127412359858
159.64127412359858
159.64127412359858
159.64127412359858
159.6418898346678
159.641890735697
159.6418933455489
159.64492479171113
159.64502449623933
159.64516196709008
159.64544503995526
159.64544981566664
159.64555216821006
159.65225141846298
159.6522669560836
159.65227194848742
159.6522723317596
159.65228107053773
159.65228107053773
159.65237906351803
159.65249523184798
159.65249532531703
159.65249541057236
159.6525278294434
159.6531289988087
159.65314348568603
159.6538032957767
159.653818533041
159.6574519108502
159.65748069708258
159.66035800692285
159.661014046462
159.66111180532343
159.66337075097894
159.66340134624377
159.66383544550382
159.66384798899952
159.66384958041235
159.6642725467255
159.66427548815346
159.66456054637416
159.664588619832
159.66459021135591
159.67128887498646
159.67134848259352
159.67134380621007
159.67160909640626
159.6732330184498
159.67407495954558
159.6741058436925
159.67408589872267
159.67673706441764
159.67708883071066
159.68040882991423
159.6832753803513
159.6832753803513
159.6832889782392
159.68349803452145
159.68358953825174
159.68366784744086
159.68730013918423
159.6873123658126
159.68731173520467
159.69095279408995
159.69095441692818
159.69103990106763
159.69350829840332
159.69362717250849
159.69365567522826
159.6963021368008
159.6978587997044
159.69794867994526
159.69835297924485
159.69836433549213
159.69949144469683
159.69963048628276
159.69988558094883
159.7004552750161
159.70060264587954
159.7035721188305
159.70357220526196
159.70358373813693
159.70665852635122
159.7066586020652
159.7066586020652
159.7066620544466
159.70670671708592
159.70955407652798
159.7101167575952
159.71315284756201
159.7131829191739
159.71583647636913
159.71589459862048
159.71589459862048
159.71589459862048
159.71589481881006
159.7159195073911
159.7159533269691
159.7159533269691
159.71665022399435
159.7168819907671
159.7169365112569
159.71693968865225
159.7169397992166
159.7181867383741
159.71823608657147
159.7182474328718
159.72128343513862
159.72128353414928
159.72128256240765
159.7230779514824
159.72320123194618
159.723203231913
159.7232032357156
159.72319188168916
159.72340562411568
159.72350426628157
159.723505161418
159.72715745978402
159.7273920700748
159.72746629281207
159.72753300695848
159.72864443177252
159.7293353947328
159.7293354612387
159.72933706663855
159.72933831189522
159.73044484559682
159.73044484559682
159.73045720090965
159.73051184518488
159.73104717355716
159.73104717355716
159.73105429202525
159.73105228069988
159.73108925664513
159.73120149112754
159.73129717568062
159.73251855128038
159.73292795143652
159.73292813805134
159.739634611417
159.7396897431596
159.7397862487071
159.73978757407505
159.7426332152393
159.7426377163124
159.74443486880625
159.74739427514788
159.74739426990368
159.7497889012341
159.7498297544952
159.75162535511447
159.75162535511447
159.75164548663312
159.75274907371133
159.7527610805716
159.7557952153208
159.75862485645595
159.75862492432296
159.75867826172464
159.75867826172464
159.7598850755643
159.75999375169175
159.75999378121125
159.76151375879752
159.76454679533876
159.76460553341352
159.76461389032494
159.76545150877035
159.76546580514696
159.76546580514696
159.7684972870047
159.76857256408675
159.76857997029884
159.76884681621806
159.76885610792627
159.76885610792627
159.77180062651894
159.7718078486272
159.77182001068965
159.77182258191496
159.77181459140292
159.7718151946528
159.7749854383379
159.7752086034177
159.7757528038463
159.77857442734896
159.778584060476
159.78172571737696
159.7816997500632
159.78451434003182
159.7871543920061
159.78717875224052
159.7871830824497
159.78718312771025
159.78718738170534
159.78720449751467
159.7872043779869
159.78720550304993
159.78720953401293
159.78830232150378
159.7885517032615
159.788558895693
159.788921753465
159.78892245893076
159.78892237103696
159.7889632285223
159.7889632285223
159.78907068261697
159.7957897482451
159.7994584894324
159.80207679904694
159.80207810276391
159.80207679904694
