with mode=0, handoff cost coefficient = 1.0
158.38525989969568
158.38451714014056
158.38352168064137
158.3832504199147
158.4775646646994
158.47756265222108
158.46761792535077
158.47644838740666
158.726898818232
158.72512034937878
158.73451938730156
158.73451927991795
158.72647000859763
158.72675101883496
158.7853429541503
158.80764011157217
158.79803539661276
158.80903063033202
158.793706301026
158.80495292134685
158.84488443940538
158.8997825702967
159.304175440759
159.3062825211488
159.31441937194495
159.47984208411432
159.52784220800828
159.52785888260945
159.52785888260945
159.56549156191696
159.58384503301403
159.59131286192496
159.59142031445757
159.59203573669154
159.7486281383439
159.76130203583384
159.75900563395786
159.76581717488122
159.75215388063378
159.75221547579807
159.75785125224553
159.7781228272363
159.77409172634128
159.78035042246373
159.7701574152131
159.76551028044398
159.76966439021766
159.81489332158273
159.82500596733902
159.83000811107425
159.82913396001288
159.83303128362047
159.84148781620453
159.8212110324026
159.82123047967627
159.82953798134972
159.8524386440515
159.86179406832
159.90902828462626
159.9099649046443
159.94757066955316
159.9440050520414
159.9440167392209
160.08253744353536
160.17649198756675
160.17682920166234
160.1923057273126
160.1945302641634
160.19760830309176
160.19785832668924
160.1985408240453
160.2017172210307
160.20172330769824
160.3338209174946
160.35153009713224
160.351851400964
160.62037574878178
160.634076774615
160.62678037083592
160.62594650977897
160.65128897456972
160.67423594069447
160.67445739323944
160.66499250583558
160.66499250583558
160.67708074365993
160.6788655770461
160.68175547332578
160.70212720407545
160.70212751823175
160.70232132189804
160.71508977028898
160.7185020210185
160.71806106605806
160.7212958052158
160.84355446662892
160.84545497956336
160.84466139332028
160.84564920942938
160.83492641586213
160.8451325973139
160.84479984066522
160.84479984066522
160.84564920942938
160.84599718134572
160.85086617765418
160.84585990009342
160.848207667178
160.84894296118168
160.85462230330643
160.86578692286812
160.86876137819957
160.8769131518687
160.8868601569586
160.8872076559624
160.8900063842999
160.89000659378667
160.89012484770154
160.88951934818922
160.89442711792663
160.89457829388334
160.90049638354733
160.9011367232438
160.9037148155162
160.89784331341488
160.8976326069774
161.1036376406353
161.1034886501289
161.10385129867177
161.10434732721984
161.10435266759
161.10499780066505
161.1001204424188
161.09986828128305
161.09991692796007
161.10200324398605
161.10499780066505
161.10763888564915
161.1086226643155
161.11460883471705
161.11526203067598
161.11657126366435
161.11672440528147
161.11689729185235
161.11688436354686
161.11688659634086
161.11690961514518
161.11758606903868
161.1176151582549
161.11799351383937
161.1191922246111
161.1179915066769
161.11783209938807
161.1179876453262
161.12207449202955
161.12232907599687
161.1223306791161
161.12241080259253
161.12241317717607
161.12426330023933
161.1544485894253
161.1563018179931
161.1599883536998
161.16033451926413
161.16280964777036
161.16617526552045
161.1664745906941
161.16656821325165
161.1665703455308
161.1666047845768
161.16666099488543
161.16836217441895
161.1680634889417
161.17213081023758
161.17144422068472
161.17325087521655
161.17765136079126
161.17765407320323
161.1801707096752
161.1837003223017
161.18420723844733
161.1890095041501
161.19159460354223
161.19159714430444
161.1911037822342
161.19110625289807
161.1929834194341
161.19286838349194
161.19451528561677
161.19490721441284
161.19491019699015
161.19533013693885
161.1955095880417
161.19842497034568
161.20093149228308
161.2017329988078
161.20155035574555
161.2019360675004
161.269548213966
161.27068867311846
161.27113221699202
161.27157111088593
161.27279918288545
161.27270030509806
161.27347819310046
161.2751898288841
161.37884146631868
161.3788437392517
161.37884599032736
161.37948830470887
161.37965294738916
161.3796321004808
161.37965294738916
161.37958512663064
161.3804103214435
161.38036298723785
161.38039075530068
161.38077562970278
161.38042835386312
161.38043110626813
161.3804357541961
161.38083070418045
161.3808339567511
161.3808362281835
161.38096899113103
161.38057488052777
161.3851606525731
161.38508418365393
161.38475768700204
161.38475950246504
161.38427992094535
161.3851606525731
161.3852167057045
161.38523926456512
161.3872790379557
161.38728026921206
161.38852528654647
161.3886601710648
161.38913900180032
161.38915479082394
161.38929104990694
161.38883987337178
161.39017646195987
161.39017081563125
161.3901954311856
161.44120305252906
161.44230182222216
161.44235161161924
161.4443560807545
161.45630947667502
161.45646388746277
161.45691506399797
161.45695347812486
161.45695359076447
161.45684652803234
161.45691994112698
161.45688493041462
161.45823387139282
161.45823475975345
161.45927245641087
161.4603527068777
161.46224597724682
161.46233109293357
161.46248513711802
161.46301877190203
161.46346622407222
161.46508688286985
161.4653969536449
161.4653576192007
161.465722299011
161.465722299011
161.4657241631952
161.46588615620664
161.49944560729088
161.49935446165236
161.49934804771658
161.49945862470554
161.51280651108897
161.51260102941995
161.51271944067796
161.51268068886523
161.5127162002891
161.51379146745776
161.51382898140423
161.51378875732672
161.51354885991665
161.51378875732672
161.51381533441906
161.51435902765067
161.51420651504432
161.51436523375
161.56612747188183
161.5681293893433
161.57036661902464
161.57028506788623
161.5702027220021
161.5724530099186
161.5734046258214
161.5736701358461
161.57384224131735
161.57558353204607
161.57580677686286
161.5758237346436
161.5758246186411
161.57621574392323
161.57626957655893
161.5767759480016
161.57677605437829
161.57705736058642
161.57693158328982
161.57672575213462
161.5768266194848
161.5769991725678
161.57708071303708
161.57708071303708
161.57675232485565
161.57699354058425
161.57699430234393
161.57708071303708
161.57708848498385
161.57708913693781
161.577059218272
161.5771401506086
161.57717313890817
161.57717604908055
161.5771840860281
161.57778339352706
161.57811329781615
161.57813940952047
161.5847669711484
161.5848455121253
161.58493015227808
161.58604921844992
161.5860698682363
161.58669393491957
161.58665911795907
161.586702190755
161.58665829380297
161.586702190755
161.5869022657375
161.58691250178757
161.5874439835535
161.58832262686326
161.58833401677578
161.58836274557106
161.58838046172303
161.58869918661748
161.58865369774733
161.58864729462053
161.5887100335771
161.5887189178816
161.5887209036445
161.5892739305234
161.5893299222338
161.58933035156252
161.58934487767777
161.5899170504493
161.5899591639997
161.59003841098752
161.59003738745002
161.59008912156082
161.59010233442
161.59015120506325
161.59015550813652
161.59026818366172
161.59126810076722
161.59135375841316
161.5913541769212
161.59135854658547
161.59141058858967
161.591421403072
161.59147063280116
161.59744160155094
161.59749736416555
161.59755967477994
161.59751023564928
161.59751080122535
161.59863686981043
161.59875068209334
161.60471585615667
161.60471628626232
161.6047212521542
161.60483343820096
161.60483546924425
161.6048386766753
161.60482338134057
161.60482316471627
161.60483343820096
161.60488903647726
161.60489341687236
161.6049548633951
161.60507452710468
161.6050980995615
161.60510515549507
161.60508684589183
161.61374735769903
161.61376833052452
161.61377650386822
161.6138037666123
161.6138144102629
161.61679394981252
161.616796376158
161.61679658286482
161.6168156926745
161.6168255827924
161.61681628349368
161.61681869848118
161.6168381089348
161.61684145027326
161.61683952388813
161.61981734092578
161.61984642713927
161.61985408190793
161.61986026470396
161.61986576456894
161.61987881594766
161.62018052602915
161.6202788998853
161.6202958897614
161.62029607567476
161.6332447621605
161.63324544683007
161.63326138290589
161.6462238705785
161.64622423324596
161.64623723302861
161.6464957482787
161.64678314414004
161.64679499738526
161.6468019128671
161.64680227169907
161.6467843550867
161.64728075806292
161.64730639375406
161.64730652674567
161.6473434412154
161.64758855422747
161.6475940016069
161.6476533000051
161.6476545601732
161.64765859789156
161.64767775302502
161.64767807996049
161.64767807996049
161.64807274026367
161.6510508333241
161.65103137663036
161.6510637016558
161.6510638235871
161.65107378686906
161.65132562420482
161.65134836165544
161.65136495613157
161.66432742550433
161.66433311567116
161.66487016457805
161.66487016457805
161.66487356079492
161.6648737278445
161.66488118043503
161.66487360162353
161.66489400876122
161.6653900421533
161.6658099069213
161.66581395994766
161.66578799645796
161.66579525418976
161.66579539811417
161.6658099069213
161.66581350863672
161.66583042048697
161.66583903388928
161.6658430158956
161.66583498408244
161.66563876398087
161.66564088036847
161.66712979562413
161.66712942000316
161.66713476067613
161.66713994791627
161.66714002323002
161.6671798300171
161.66718579201
161.66718610085553
161.66718711435553
161.66718504829248
161.66730441932575
161.6674608165498
161.66770864847518
161.66770870230528
161.66771001456115
161.6678350644415
161.6678407553804
161.66784911582235
161.66792013661492
161.6679300442244
161.6679301014159
161.66957966627558
161.66958745283534
161.66965403304198
161.66976471050157
