with mode=3, handoff cost coefficient = 1.0
158.38525989969568
158.49969778556033
159.33276431857155
159.40429717362198
159.45762607880823
159.52350703291322
159.6141391745511
160.87719047413145
160.9097927671732
160.9646322998498
160.9874555941689
160.99169860892334
161.69813297663433
162.79026863370743
162.87345911494066
162.87343937149387
162.87338398340623
162.90449380074426
163.19778209773344
163.21049009178162
163.2179694556208
163.21802937287748
163.21802966251215
163.21223978098183
163.22366107306522
163.49167836354664
163.52214468341558
163.53464270699646
163.58154521427832
163.62746742403127
163.6274436047927
163.63355274294545
163.63355274294545
163.68551174421347
163.81357486080807
163.82455393001
163.88711479230594
163.8871038355834
163.89438227946243
163.90236640808843
163.9021055024512
163.9021055024512
163.90316812215124
163.90862481192545
163.9934726375543
163.99911773911452
164.00288350894328
164.00287977438364
164.00287417212556
164.00973710633156
164.03746787722136
164.03745739507542
164.05185930197814
164.0672969187462
164.4054653045962
164.4740561451988
164.4750994677138
164.51425433167276
164.5142539858016
164.51775445495724
164.54447074579258
164.6055018228737
164.60550238498593
164.60616215554452
164.60619086131206
164.60831506036283
164.60831742443438
164.60818961406162
164.60818961406162
164.60818961406162
164.60818961406162
164.60818961406162
164.60818961406162
164.60818961406162
164.60818961406162
164.6103767582132
164.6104203451372
164.61044111143576
164.6442981784976
164.64203962492584
164.64207767402172
164.64184233726485
164.6469798346676
164.64698026964487
164.64697987134736
164.64695777763612
164.64695777763612
164.6491748780274
164.93819317233672
164.93817675820537
164.94222723144
164.94878435477244
164.9490250351996
164.9541468516413
164.95485602704244
164.95757351792116
164.95755236496902
164.95755236496902
164.96324272157062
165.21738423245154
165.2173826067935
165.2173701342182
165.2212339000067
165.2212529942462
165.44387769596588
165.4592939609457
165.459291524663
165.4581638522808
165.45814524714262
165.45814524714262
165.45814524714262
165.45814524714262
165.45814524714262
165.45814524714262
165.45814524714262
165.45814524714262
165.45814524714262
165.45814524714262
165.45814524714262
165.45814524714262
165.45814524714262
165.45814524714262
165.46095729679334
165.46096000844557
165.48053004690888
165.4805100097389
165.49460358058502
165.49459271476732
165.49460475918352
165.49457993752696
165.67770520448596
165.67773006488983
165.67635356133036
165.8535514188094
165.88360181387765
165.8836019046514
165.88361391988457
165.88361391988457
165.89164131841324
165.8895579902218
165.89164302536128
165.8912290358873
165.89929524648548
165.89930098831078
165.90018816163345
165.91110129393323
165.91138522320463
165.91140181076264
165.9114286399212
165.9114286399212
165.9114286399212
165.9140512099083
165.91487003320879
165.91485164968208
165.91881051682978
165.92184710927586
165.9262084352291
165.93115685628692
165.93117495727614
165.93153307665403
165.93153307665403
165.93153307665403
165.93153307665403
165.93331040459617
165.93331040459617
165.9333701816801
165.9333657041065
165.9333657041065
165.9333657041065
165.9333657041065
165.9333657041065
165.9333657041065
165.9333657041065
165.9333657041065
165.9333657041065
165.9333657041065
165.9333657041065
165.9333657041065
165.9333657041065
165.9333657041065
165.9540742805577
165.94696810390585
165.94696753766698
165.94696763566535
165.94696763566535
165.95403224070105
165.9540329156519
165.95586747905338
165.95586747905338
165.95586211246507
165.96560783138423
165.9732106328154
165.97321025116773
165.97240303200084
165.97240183545009
165.97240183545009
165.97240183545009
165.97240183545009
165.97240183545009
165.97240183545009
165.97240183545009
165.97240183545009
165.97240183545009
165.97240183545009
165.97240183545009
165.97240183545009
165.97240183545009
165.97240183545009
165.97240183545009
165.97240183545009
165.97240183545009
165.97240183545009
165.97240183545009
165.97240183545009
165.97240183545009
165.97240183545009
165.97240183545009
165.97240183545009
165.97240183545009
165.97240183545009
165.97240183545009
165.97240183545009
165.97240183545009
165.97240183545009
165.97240183545009
165.97240183545009
165.97240183545009
165.97240183545009
165.97240183545009
165.97240183545009
165.97240183545009
165.97240183545009
165.97417655504307
165.97483975469603
165.97557406587552
165.97563426331976
165.97563340852636
165.97563340852636
165.97563340852636
165.97563340852636
165.97563340852636
165.97563340852636
165.97563340852636
165.97563340852636
165.9775004671826
165.97749944114236
165.97749944114236
165.97749944114236
165.97749944114236
165.97749944114236
165.97749944114236
165.97749944114236
165.97749944114236
165.97749944114236
165.97749944114236
165.97749944114236
165.97749944114236
165.97749944114236
165.97749944114236
165.97749944114236
165.97749944114236
165.97749944114236
165.97749944114236
165.97749944114236
165.97749944114236
165.97749944114236
165.97749944114236
165.97749944114236
165.97749944114236
165.97749944114236
165.97749944114236
165.97749944114236
165.97749944114236
165.97749944114236
165.97749944114236
165.97749944114236
165.97749944114236
165.97749944114236
165.97749944114236
165.97749944114236
165.97749944114236
165.97749944114236
165.97749944114236
165.97749944114236
165.97749944114236
165.97749944114236
165.97749944114236
165.97749944114236
165.97749944114236
165.97749944114236
165.97749944114236
165.97749944114236
165.97749944114236
165.97749944114236
165.97749944114236
165.97749944114236
165.97749944114236
165.97749944114236
165.97749944114236
165.97749944114236
165.97749944114236
165.97749944114236
165.97749944114236
165.97749944114236
165.97749944114236
165.97749944114236
165.97749944114236
165.97749944114236
165.97749944114236
165.97749944114236
165.97749944114236
165.97749944114236
165.97749944114236
165.97749944114236
165.97749944114236
165.97749944114236
165.97749944114236
165.97749944114236
165.97749944114236
165.97749944114236
165.97749944114236
165.97749944114236
165.97749944114236
165.97749944114236
165.97749944114236
165.979276203277
165.97926698752335
165.97923295658833
165.98273904434717
165.98272805063726
165.98272805063726
165.98246756892635
165.98246756892635
165.98246756892635
165.98246756892635
165.98533372816777
165.98533372816777
165.9853398085696
165.98534244501863
165.9872258931612
165.9872312933258
165.98739004318998
165.98739004318998
165.98739004318998
165.98739004318998
165.98739004318998
165.98739004318998
165.98739004318998
165.98739004318998
165.98739004318998
165.98739004318998
165.98739004318998
165.98739004318998
165.98739004318998
165.98739004318998
165.98739004318998
165.98739004318998
165.98739004318998
165.98739004318998
165.98739004318998
165.98739004318998
165.98739004318998
165.98739004318998
165.98739004318998
165.98739004318998
165.98739004318998
165.98739004318998
165.98739004318998
165.98739004318998
165.98739004318998
165.98739004318998
165.98739004318998
165.98739004318998
165.98739004318998
165.98739004318998
165.98739004318998
165.98739004318998
165.98739004318998
165.98739004318998
165.98739004318998
165.98739004318998
165.98739004318998
165.98739004318998
165.98739004318998
165.98739004318998
165.99341144462966
165.99368100940205
165.99368994142384
165.99447968285833
165.99447968285833
165.99447968285833
165.99447968285833
165.99447968285833
165.99447968285833
165.99447968285833
165.99447968285833
165.99447968285833
165.99447968285833
165.99447968285833
165.99447968285833
165.99447968285833
165.99447968285833
165.99447968285833
165.99447968285833
165.99447968285833
165.99447968285833
165.99447968285833
165.99447968285833
165.99447968285833
165.99447968285833
165.99447968285833
165.99447968285833
165.99447968285833
165.99447968285833
165.99756887777886
165.99759667890748
165.9975941317341
165.99759966329563
165.99759966329563
165.99759966329563
165.99759966329563
165.99759966329563
165.99759966329563
165.99759966329563
165.99759966329563
165.99759966329563
165.99759966329563
165.99759966329563
165.99759966329563
165.99759966329563
165.99759966329563
165.99759966329563
165.99759966329563
165.99759966329563
165.99759966329563
165.99759966329563
165.99759966329563
165.99759966329563
165.99759966329563
166.00062084497043
166.00062301868078
165.99993740969072
166.00070151446823
166.00070151446823
166.00070151446823
166.00070151446823
166.00070151446823
166.00070151446823
166.00070151446823
166.00070151446823
166.00070151446823
166.00070151446823
166.00070151446823
166.00070151446823
166.00070151446823
166.00070151446823
166.00070151446823
166.00070151446823
166.00070151446823
166.00070151446823
166.00070151446823
166.00070151446823
166.00070151446823
166.00460561853916
166.00389717555063
166.0043738293506
166.00401179037686
166.00401179037686
166.00401179037686
166.00401179037686
166.00401179037686
166.00401179037686
166.00401179037686
166.00401179037686
166.00401179037686
166.00401179037686
166.00401179037686
166.00401179037686
166.00401179037686
166.00401179037686
166.00401179037686
166.00401179037686
166.00401179037686
166.00401179037686
166.00401179037686
166.00401179037686
166.00401179037686
166.00401179037686
166.00401179037686
166.00401179037686
166.00401179037686
166.00401179037686
166.00401179037686
166.00401179037686
166.00401179037686
166.00401179037686
166.00401179037686
166.00401179037686
166.00401179037686
166.00401179037686
166.00401179037686
166.00460561853916
