with mode=1, handoff cost coefficient = 1.0
158.38525989969568
158.4383495169388
158.4985668817253
158.52165091675963
158.53454043954454
158.5926879804862
158.60661059180012
158.64265880366503
158.67292854605168
158.72777890532362
158.7796255153538
158.8170181799146
158.8285661018296
158.89835332488335
158.9054254186127
158.96372277244092
159.078072274286
159.13478853374778
159.16554572205894
159.2151101696331
159.29402279989694
159.29988148211356
159.35465047741886
159.35098153890118
159.3552585075396
159.376760814224
159.42148527200848
159.4295860985147
159.44232809078926
159.47445162785482
159.4860016757819
159.5303105653084
159.56848966746253
159.57673455832017
159.58154554793714
159.58531710817599
159.6048903380366
159.69085955442156
159.70101043585385
159.7421837448075
159.74479786201331
159.74340625350305
159.80194690941107
159.8323425700642
159.83519982109152
159.86986985026869
159.88412974291765
159.9576046076579
159.9621375925457
159.96691370360006
159.97483297795003
159.97830324796175
160.0475857757538
160.05362584479295
160.05873409337912
160.06647327343333
160.06903681862664
160.09337286373173
160.12476964820115
160.12419745715482
160.13796027591312
160.1730192991468
160.22976800935902
160.2869826965606
160.2957217499601
160.30368160280682
160.34075571621162
160.34058708710575
160.34345098573922
160.3960984447426
160.40860185436856
160.41359734704085
160.42392884002933
160.45502550540618
160.50627424363788
160.51165281098793
160.52074960497546
160.52040253935456
160.52543487556628
160.57343175435747
160.6278060389299
160.6356335221771
160.68266805906006
160.68612811349118
160.70060696696652
160.7033736647275
160.7344176979323
160.79721040944975
160.8327008205714
160.83802217403934
160.84267648277157
160.90969353503326
160.97327068608166
160.99308723823546
160.99964442289226
161.02335684190427
161.02974701892373
161.0776640899505
161.07858602235999
161.12824349750272
161.13046342349773
161.18941960356156
161.1896849518701
161.1973995299859
161.20089266086237
161.20705363036544
161.26988536164868
161.28760087025347
161.28910819674368
161.34609399488758
161.35161608211635
161.35541783392736
161.3581017620604
161.35672100434604
161.36877254283803
161.40242159102309
161.40457317476586
161.40647265129292
161.42277809708207
161.42734027170619
161.42906602757597
161.44213168685255
161.45951415759305
161.4647876139725
161.48562001645806
161.48752305752313
161.48806718660217
161.49258287059328
161.49138127203972
161.49166158313568
161.49358221707536
161.49397565514704
161.49294960814575
161.50842887015398
161.56021053777545
161.5636776734059
161.60343454600883
161.6068969826162
161.68841338342068
161.6878543291158
161.68803742917885
161.68847694964325
161.74284395198364
161.74379553988533
161.75657919278555
161.7591174129431
161.77487658270533
161.80887147563533
161.85706233757872
161.85881288940854
161.87173062817263
161.91984166936157
161.9387627910422
161.95377190242465
161.97213168580436
162.00698866537684
162.00935341800385
162.04328334711695
162.0437348848567
162.04336848514373
162.0430214718068
162.04372978450618
162.04028459825068
162.04449274322081
162.05013604297784
162.0626329605532
162.06449801624365
162.06835847582605
162.1474132343264
162.1545548509006
162.1654566882968
162.16914946125002
162.21838981466712
162.25262004181744
162.27104243585882
162.2712021355311
162.28310030728355
162.33605908515332
162.34002636139613
162.3397344891124
162.34233752543534
162.34300562664677
162.34476057006327
162.34926714815074
162.41757672388152
162.4195843462492
162.4182077159151
162.4354883827553
162.48373424691883
162.484568468934
162.53343592730846
162.54607497052768
162.54729170055032
162.5492966592147
162.54924550554745
162.54987098693135
162.57779644933726
162.61116684211734
162.66352934176322
162.66601698181248
162.7161691149657
162.719418510155
162.72388313178277
162.72411071494716
162.77763706649867
162.77697740003333
162.8322275137918
162.83325117757408
162.86292784211187
162.9132578881784
162.91333360184325
162.99349758128938
163.04040375270378
163.04481477911764
163.09427547247955
163.09268209158134
163.09348668749547
163.093525249673
163.09525541524073
163.16455332431192
163.16593920888
163.20934446411508
163.24449921621857
163.2430284722405
163.26486856761596
163.26397126757496
163.26354934681805
163.26493319575516
163.26972524866048
163.28237154787578
163.2832821907184
163.29533321882903
163.2965255001381
163.33806632525767
163.34031533601907
163.40155590655635
163.40121619575473
163.40875385748365
163.45975767589434
163.4746814701515
163.47502905819357
163.47744006138507
163.50030372554022
163.4975268542507
163.50156464453264
163.57062924069027
163.57410216132297
163.57519541689646
163.59532423756528
163.67721919302127
163.71184226811783
163.78786000197047
163.83599071913363
163.8660813648366
163.91989542739964
163.96805400482853
163.96624189440442
163.96729930340942
163.97544997794893
163.97411222282702
164.00339067166493
164.00654956327028
164.00864712066243
164.08165093478476
164.08477507148788
164.0979800975457
164.09688681359307
164.09811321443536
164.09746368736396
164.0978512192316
164.10074773158985
164.10095233799868
164.09893814330343
164.0981133273181
164.09904081181546
164.10030435445182
164.15008456004358
164.15373288198938
164.15668894328843
164.1895563446323
164.19216192663472
164.22300011741686
164.24167124340292
164.243894552492
164.2422473230248
164.2447009998158
164.27308995111292
164.27121147846083
164.3057507293377
164.3266565362286
164.35687081248426
164.35743590151466
164.3591083469309
164.37193713675157
164.36832232776464
164.38625079039198
164.38812453072254
164.39174710330587
164.39479088216012
164.40609236038978
164.44219799851228
164.45428266649654
164.45453480077265
164.46985046589816
164.47378841487648
164.4938093928592
164.49429524020618
164.49597495312128
164.54430857814694
164.54854500200918
164.550129786098
164.55517087342398
164.58246027440904
164.6316431805986
164.6395099613953
164.64697468348083
164.65214263449488
164.6548944374228
164.66186710102556
164.66540515163922
164.67542192056277
164.67720216877987
164.67494115242886
164.67328251359123
164.67748354449066
164.75584823638337
164.7586591168568
164.77103354560822
164.7706305915073
164.76895468987587
164.8045835438008
164.82023092008546
164.82072997122467
164.82201739281825
164.82433480041033
164.83987573008594
164.83938238963725
164.83886229221199
164.84261533214632
164.87443129322756
164.87295052073532
164.90349768942914
164.90266310992897
164.90289060146674
164.90967296504587
164.91247638585097
164.92449100552045
164.92203693990552
164.9414874943904
164.94321447279182
164.94416122144096
164.94580963357808
164.9478952466627
164.94841715385542
164.94736443816396
164.945279874146
164.94886130730998
164.96473593876763
164.96526947841514
164.96475029652342
164.9678675691804
164.97722236997822
164.97968613855656
164.98231104052653
164.9878175675199
165.02524912322616
165.02345044071185
165.03045152692576
165.02929401445175
165.03310991753668
165.07527893620087
165.07832952777773
165.07964273203982
165.08108996309298
165.09282108119578
165.09602032022707
165.0986105332758
165.1531311967225
165.17024473096728
165.1752970495038
165.17809850443183
165.1754773520715
165.17773145072795
165.17856869718318
165.1792625159441
165.1767871069917
165.18190522542957
165.18663077872387
165.18648715538407
165.18322348948033
165.18321194387346
165.2008720007804
165.19944360907675
165.2337469990309
165.23612126971037
165.23932799379722
165.23994382620924
165.25916725147815
165.25803147896136
165.27265912101757
165.2878070252505
165.29149404940424
165.29549226391302
165.31261703988733
165.3622153723157
165.39294505146069
165.4292805048717
165.4311761290099
165.448292305667
165.447640341907
165.45297505088354
165.4557957648381
165.47001081871215
165.47655955034392
165.47464465084764
165.47519031330683
165.50819802412695
165.52495394048964
165.5381836900772
165.57157398440273
165.60502448666767
165.65570249510532
165.65670103053773
165.6562616033686
165.65920708298023
165.6688524092938
165.68095762743974
165.68335601297198
165.72379042564438
165.7609699112462
165.7614248800219
165.7636784364192
165.76702664021954
165.76700618071305
165.7657390675107
165.7680454039063
165.7682265594048
165.8042203059389
165.80377203237083
165.80452073128507
165.80568941497592
165.80977183256311
165.84191653622793
165.8440864683435
165.8439893175996
165.84426261387625
165.84699383818577
165.86408675711866
165.8800170062695
165.882640582883
165.8827336103226
165.89766510798455
165.89722322452502
165.8965049728542
165.91094540045353
165.91135150811866
165.94679287322847
165.96021480341355
165.96086684348387
165.96182371129566
165.96487549497002
165.96394147175153
165.96330789422632
165.9736258549057
165.97265541864215
165.9746558725015
165.97720214388428
165.97932697187028
165.9784717736508
165.9774494244067
165.97729825089408
165.9756708787578
165.97932697187028
165.98116002092178
165.98201798857806
165.98122854199093
165.98179294782076
165.9890143289262
165.99685438368778
165.99690848691392
166.01175845238114
166.0131915896399
166.03171355217577
166.05034203345778
166.05018286557404
166.05080776879257
166.05260721873876
166.0534576825162
166.07195352513187
166.07436593471965
166.0744929923538
166.07464491586046
166.09131452854638
166.09055191706034
166.091342471939
166.10010103568885
166.10019586290989
166.10864364012656
166.11616793059775
166.1158400475226
166.11684696677673
