with mode=3, handoff cost coefficient = 1.0
174.22586431126973
174.946687004406
176.08347473974794
177.14563253766792
177.85927314550074
177.95229841985926
178.53526452038454
178.5797458792885
178.57967091689727
179.1517548032781
179.15179900077055
179.77111370588057
179.77111831512605
179.80854887267603
179.80854461114163
179.88940674800375
179.9691664496633
179.98159375000162
180.4662166039245
180.48378347201225
180.94022282377904
181.1449488445925
181.20227525504083
181.59673055919507
181.5870041652001
181.61167634714
181.61500642346127
181.61244776175036
181.61248396073634
181.61248396073634
181.61248396073634
181.61248396073634
181.64138621196346
181.82365332578559
181.82305071419458
181.82014770824
181.82304458313547
181.86626719950922
181.87540377012039
181.88889354284396
181.8824626803559
181.88241851449015
181.88243792266655
181.88243792266655
181.88243792266655
181.88243792266655
182.17555205161005
182.17529738912282
182.4580290981441
182.6985640056876
182.75493783929775
182.75503778857055
182.75493846033754
182.74676108910043
182.74676108910043
182.75157651140427
182.9684066371769
182.97373873204455
182.9739896020772
182.9740440928638
182.97391518675582
182.97391518675582
182.97391518675582
182.97391518675582
182.97391518675582
182.98449767367507
183.00244094060514
183.000848895154
183.00061375218135
183.0069395345171
183.0169011823898
183.01833248081942
183.01824400598997
183.03407208106017
183.0351589702716
183.0353987273968
183.03549426117277
183.03549426117277
183.03549426117277
183.03549426117277
183.03549426117277
183.03549426117277
183.03549426117277
183.03549426117277
183.03549426117277
183.03549426117277
183.03549426117277
183.04319088596324
183.04228414533918
183.04235138120978
183.04486124947346
183.04486124947346
183.04568794772928
183.04543672427602
183.04672019540513
183.05267972953138
183.05266277350051
183.05330810545993
183.05709749926268
183.05709749926268
183.05709749926268
183.062298391718
183.06218568292027
183.06519220789585
183.0639203044695
183.0639203044695
183.06404599062375
183.06404599062375
183.06404599062375
183.06404599062375
183.06404599062375
183.06404599062375
183.06404599062375
183.06760414417582
183.067708381804
183.06970481829373
183.07063144338113
183.07071923394514
183.0708421727936
183.0708421727936
183.0708421727936
183.07309579273945
183.0730967083596
183.07350059217183
183.07938846292095
183.07958667204147
183.07870955457523
183.08974748923296
183.0897989595908
183.09162157332128
183.09241713862608
183.09236645198396
183.09218137347236
183.09218137347236
183.09218137347236
183.09218137347236
183.09218137347236
183.0944233955774
183.09435942415558
183.09428536529325
183.09428536529325
183.09428536529325
183.09428536529325
183.09428536529325
183.09428536529325
183.09428536529325
183.09428536529325
183.09428536529325
183.09428536529325
183.09428536529325
183.09428536529325
183.09428536529325
183.09428536529325
183.09428536529325
183.09428536529325
183.0983202198773
183.11222886237704
183.11415817290737
183.11527358715563
183.11501132046908
183.11501132046908
183.11698530471432
183.11698530471432
183.11698530471432
183.1172893336761
183.1172893336761
183.1175618858694
183.1175618858694
183.1175618858694
183.1175618858694
183.1175618858694
183.1236287697131
183.12371980301373
183.12206538509378
183.12627820885996
183.12627820885996
183.1329874015392
183.13278652857542
183.13361252480496
183.13705986933394
183.1370260275822
183.1368984523114
183.13687180610648
183.13687180610648
183.13687180610648
183.13687180610648
183.13687180610648
183.13687180610648
183.13687180610648
183.13687180610648
183.13687180610648
183.13687180610648
183.13687180610648
183.13687180610648
183.13687180610648
183.13687180610648
183.13687180610648
183.13687180610648
183.13687180610648
183.13687180610648
183.13687180610648
183.13687180610648
183.13687180610648
183.13687180610648
183.13687180610648
183.13687180610648
183.13687180610648
183.13687180610648
183.13687180610648
183.13687180610648
183.13687180610648
183.13687180610648
183.13687180610648
183.13687180610648
183.13687180610648
183.13687180610648
183.13687180610648
183.13687180610648
183.13687180610648
183.13687180610648
183.14665900447886
183.146608116405
183.14495767685023
183.14623416863185
183.14623416863185
183.14623416863185
183.14623416863185
183.14950972910918
183.14947201114705
183.14958275179444
183.14938344491827
183.14938344491827
183.14938344491827
183.1524384466612
183.1547941788358
183.15483984133388
183.15410625072352
183.15454331379595
183.15454331379595
183.15454331379595
183.15454331379595
183.15454331379595
183.15454331379595
183.15454331379595
183.15454331379595
183.15454331379595
183.15454331379595
183.15454331379595
183.15606822208755
183.15606822208755
183.15606822208755
183.15606822208755
183.23855181574265
183.2382765366097
183.23930555844322
183.23892665963697
183.2451969774165
183.24705920809984
183.24426302755583
183.25108698704474
183.2509845052028
183.25134814360214
183.25147092505642
183.25373863022736
183.25373863022736
183.25372755935865
183.25466959262815
183.25466959262815
183.25466959262815
183.25466959262815
183.25466959262815
183.25587267332327
183.25581375527514
183.25587253465238
183.25587253465238
183.25587253465238
183.25587253465238
183.25587253465238
183.25587253465238
183.25587253465238
183.25587253465238
183.25587253465238
183.25587253465238
183.25587253465238
183.25587253465238
183.25587253465238
183.25764787700552
183.25764787700552
183.25764787700552
183.25764787700552
183.25764787700552
183.25794308881532
183.25794308881532
183.25869876032138
183.25869876032138
183.25869876032138
183.25869876032138
183.25869876032138
183.25869876032138
183.25869876032138
183.25869876032138
183.25869876032138
183.25869876032138
183.25869876032138
183.25997491299583
183.25997491299583
183.25979982010287
183.25979982010287
183.25979982010287
183.25979982010287
183.25979982010287
183.25979982010287
183.25979982010287
183.25979982010287
183.25979982010287
183.25979982010287
183.25979982010287
183.25979982010287
183.25979982010287
183.25979982010287
183.25979982010287
183.25979982010287
183.25979982010287
183.25979982010287
183.25979982010287
183.25979982010287
183.25979982010287
183.25979982010287
183.25979982010287
183.25979982010287
183.25979982010287
183.25979982010287
183.25979982010287
183.25979982010287
183.25979982010287
183.25979982010287
183.25979982010287
183.25979982010287
183.25979982010287
183.32540274971635
183.32590262611907
183.32589937053223
183.32600481741193
183.32600481741193
183.32600481741193
183.32600481741193
183.32600481741193
183.32600481741193
183.32600481741193
183.32600481741193
183.32600481741193
183.32600481741193
183.32600481741193
183.32600481741193
183.32600481741193
183.32600481741193
183.32600481741193
183.32600481741193
183.32600481741193
183.32600481741193
183.32600481741193
183.32600481741193
183.32600481741193
183.32600481741193
183.32600481741193
183.32600481741193
183.32600481741193
183.32600481741193
183.32600481741193
183.32600481741193
183.32600481741193
183.32600481741193
183.32600481741193
183.32600481741193
183.32600481741193
183.32600481741193
183.32600481741193
183.32600481741193
183.32600481741193
183.32600481741193
183.32600481741193
183.32600481741193
183.32600481741193
183.32600481741193
183.32600481741193
183.32600481741193
183.32600481741193
183.32600481741193
183.32600481741193
183.32600481741193
183.32600481741193
183.32600481741193
183.32600481741193
183.32600481741193
183.32600481741193
183.32600481741193
183.32600481741193
183.32600481741193
183.32600481741193
183.32600481741193
183.32600481741193
183.32600481741193
183.32600481741193
183.32600481741193
183.32600481741193
183.32600481741193
183.32600481741193
183.32600481741193
183.32600481741193
183.32600481741193
183.32600481741193
183.32600481741193
183.32600481741193
183.32600481741193
183.32600481741193
183.32600481741193
183.32600481741193
183.32600481741193
183.32600481741193
183.32600481741193
183.32600481741193
183.32600481741193
183.32600481741193
183.32600481741193
183.32600481741193
183.32600481741193
183.32600481741193
183.32600481741193
183.32600481741193
183.32600481741193
183.32600481741193
183.32600481741193
183.32600481741193
183.32600481741193
183.32600481741193
183.32600481741193
183.32600481741193
183.32600481741193
183.32600481741193
183.32600481741193
183.32600481741193
183.32600481741193
183.32600481741193
183.32600481741193
183.32600481741193
183.32600481741193
183.32600481741193
183.32600481741193
183.32600481741193
183.32600481741193
183.32600481741193
183.32600481741193
183.32600481741193
183.32600481741193
183.32600481741193
183.32600481741193
183.32600481741193
183.32600481741193
183.32600481741193
183.32600481741193
183.32600481741193
183.32600481741193
183.32600481741193
183.32600481741193
183.32600481741193
183.32600481741193
183.32600481741193
183.32600481741193
183.32600481741193
183.32600481741193
183.32600481741193
183.32600481741193
183.32600481741193
183.32600481741193
183.32600481741193
183.32600481741193
183.32600481741193
183.32600481741193
183.32600481741193
183.32600481741193
183.32600481741193
183.32600481741193
183.32600481741193
183.32600481741193
183.32600481741193
183.32600481741193
183.32600481741193
183.32600481741193
183.32600481741193
183.32600481741193
183.32600481741193
183.32600481741193
183.32600481741193
183.32600481741193
183.32600481741193
183.32600481741193
183.32600481741193
183.32600481741193
183.32600481741193
183.32600481741193
183.32600481741193
183.32540274971635
