with mode=1, handoff cost coefficient = 1.0
174.22586431126973
174.24772945317142
174.25599551214833
174.28282253044202
174.30732572063
174.32257864012658
174.34766089634124
174.35821527925296
174.38713178327902
174.4111828268941
174.45166169595024
174.47574981900092
174.47900509226707
174.48671175696188
174.52665689436455
174.58179595082174
174.63076435241263
174.6578772966331
174.66699812854992
174.6857287407306
174.70854483921886
174.71298897758066
174.75085872868823
174.77575259319605
174.78177259837204
174.78950887511496
174.7980849265071
174.84169911649582
174.8479390039689
174.85128812546964
174.86151455400145
174.86467964077636
174.8956325058365
174.9244548940275
174.9357333486749
174.94809914519783
174.99331434206505
174.99792836770968
175.01507690656976
175.0472510301708
175.0673489481611
175.08756596554844
175.11162364254528
175.17808922637067
175.1825101030629
175.2299156742311
175.25417661050125
175.25825430608805
175.36805289744427
175.40812426338283
175.47632969816476
175.49184333359764
175.52682786631885
175.57213621840344
175.5727543023573
175.63600459064227
175.6837723089714
175.76213622294284
175.83370041480558
175.84753335544954
175.84744654641514
175.8573890646313
175.8605337233865
175.8694520696011
175.8984855377475
175.89858755968015
175.93602155063016
175.95422796996286
175.9580367552702
175.9567336523704
175.96949018379146
176.06394380128248
176.16021854475648
176.21067456182678
176.20966984401883
176.22231875866186
176.2229245203739
176.22587790923154
176.2365084989853
176.26337905015498
176.2905072839841
176.32449635629976
176.34041842808523
176.34429397879694
176.34351188773982
176.35507436554593
176.40305217608116
176.408213186758
176.41392930713818
176.43074958068624
176.4305044980787
176.4283525367596
176.43102971982103
176.46504672205455
176.4660081683508
176.48006934918925
176.49954124616795
176.4992093017854
176.50236014030793
176.5193579766109
176.5775389022984
176.57859286507346
176.58080660105924
176.58085229845935
176.60837580092286
176.6522242444793
176.66019744727373
176.66665803468047
176.6916873784136
176.7091137358994
176.72725318549237
176.7810034901926
176.78374338687345
176.7900359918894
176.80627332767023
176.81596133795404
176.84669599863795
176.84306161722577
176.87681864943707
176.87674782857877
176.90718281186074
176.9518216176118
176.95768943696154
176.97966364093438
176.98451271012823
177.06284539539433
177.07615954210388
177.0892433332939
177.08993776522308
177.09245993072258
177.13189213929914
177.1301863494844
177.13191271294787
177.13033511158034
177.13344681153222
177.15194946088067
177.15693840725748
177.16793882857067
177.1746754921579
177.17540563823724
177.17555913162877
177.1774198363535
177.20774575846417
177.23944916680026
177.24121810715414
177.24070280276328
177.2395206259677
177.27035093835292
177.2735564927674
177.27503519872454
177.29080151610398
177.29068492715817
177.33608056688922
177.33610302963842
177.34687384774693
177.37369238715655
177.38753796302467
177.4166529509925
177.42763664097262
177.42946916683937
177.48126354498473
177.48297888878488
177.52892689651256
177.57778311887415
177.58127169275141
177.58996780147726
177.63613264341393
177.6380717500519
177.63818571893356
177.6417617876126
177.6558142832656
177.65396150903442
177.65149755310608
177.72228996730877
177.72535639536102
177.73202424326894
177.744664773248
177.79393481282133
177.79704958832363
177.82612867911016
177.8572518911896
177.86002263069716
177.89136637562268
177.9009032064036
177.91284219731006
177.92582863039343
177.99711842001224
178.026003973923
178.03971635051334
178.0412570681474
178.04264239078847
178.0433847898944
178.0454257240454
178.05748318600408
178.08073173211292
178.11140692799205
178.13493588679398
178.13401195357406
178.14793005471992
178.1631264088702
178.1959450924872
178.19946949393642
178.2116840285771
178.24367240141504
178.29233316082318
178.2926750254712
178.30516512391773
178.31737289925934
178.31842051461487
178.36196060632975
178.40314460633323
178.41602857547085
178.42972042114994
178.43064132136257
178.4315902771881
178.44245455001834
178.4406267269058
178.47146198207105
178.4751047800735
178.47393023985143
178.47561364131798
178.48927396026053
178.58177369321544
178.64054660421817
178.68722752133138
178.7594512289824
178.79441516860797
178.81429655450515
178.8158685459413
178.8194048054696
178.81962931010722
178.89441971815907
178.9231775757096
178.95736582103686
178.96921054948854
178.97769644175716
178.9803439290232
179.02875436308366
179.02906400124277
179.1009797455284
179.1009591799835
179.1569650372541
179.15739407386297
179.16233314360514
179.16267463757669
179.1919849588963
179.26679838755084
179.3096576573342
179.3087968682715
179.31939828981317
179.36115022378794
179.4062952381443
179.4188142848432
179.44903526451603
179.51585467545726
179.51621206861924
179.51633770875438
179.56185885769116
179.563344534335
179.56368919516078
179.58050098671842
179.60817853325202
179.61047517102247
179.62019404027748
179.6205287701353
179.67888247698204
179.71804403260148
179.7179011977416
179.71899129136187
179.75665915876374
179.75599607005572
179.7991148922106
179.7995498171962
179.8123412614687
179.8258864118914
179.8913081156615
179.8916426984506
179.8915355214718
179.90320347659065
179.903333106146
179.93089652958326
179.93029104231573
179.95205519139105
179.95418138890102
180.0251693941472
180.05122018584257
180.10110307962626
180.09950286395727
180.13989615039117
180.15247122217104
180.15417185996313
180.1905232423037
180.21963918290132
180.26459638132914
180.26346115095697
180.29002501436787
180.28771665939746
180.29819543530266
180.29801657377834
180.29726908936559
180.2989820133338
180.30469449613202
180.34691916396517
180.40150287392137
180.4024779359181
180.41340507931977
180.41565640167858
180.43860043048107
180.4416949256477
180.45273470143917
180.4503151031832
180.49573048344058
180.5811019993959
180.5813754820308
180.57980760980536
180.6232742412501
180.62342310331826
180.65238102812043
180.70419819850827
180.7037954469962
180.71363584510584
180.71505446323545
180.7228563299637
180.75409892708217
180.7784861205223
180.77975007728782
180.78888576697443
180.79857685775022
180.80819843546294
180.81800753806488
180.8189919079951
180.81668043901757
180.82006750655069
180.87726224106163
180.87828265010288
180.87853600999986
180.9577864344257
181.00149537145506
181.02604529924406
181.05091484865036
181.0625338793222
181.0903305464906
181.13518398484086
181.1372306316563
181.1672798683558
181.16941271822634
181.22351918032402
181.3239155620421
181.32514602819978
181.3258516274969
181.3266664173372
181.37945751434478
181.3822504929042
181.42155125989376
181.41948266856983
181.43208062407163
181.43308377821137
181.43126415717794
181.43103383541788
181.45501899785535
181.4758803042786
181.5019822139173
181.5022862370363
181.53929786911735
181.53959566978085
181.55286041186042
181.55559069388687
181.6075204233467
181.6069890842482
181.6094135394123
181.6234411518911
181.6222972717512
181.66787486555486
181.68043292520292
181.68030000283994
181.6931298661148
181.69295509205776
181.70501709044893
181.7191521340032
181.71840860870816
181.71847396563993
181.72145882775575
181.7302926842073
181.7608818549868
181.76037792093646
181.7839121228876
181.8291835636474
181.82741247963892
181.8360713804346
181.835356397914
181.83569603375062
181.8358047889444
181.859910572296
181.88994936895435
181.90585057712127
181.90600570265147
181.92873316594117
181.93007971205313
181.93046421278774
181.94365407724274
181.98737535985262
181.98836810573295
181.9893968827027
182.00074858596463
182.00184455741862
182.01330390678459
182.0245086834072
182.0472369166826
182.10407631011313
182.1125806337325
182.11457007574427
182.15660919867142
182.18794577133397
182.1889207921381
182.18848631568088
182.18970161461536
182.21634009114985
182.21676310846482
182.2295651820935
182.28285641211835
182.28076691618563
182.27900881342643
182.29288000149694
182.3020930094029
182.30383626607443
182.32758611407746
182.38597389055303
182.38361392519442
182.38265047872127
182.38501760487034
182.44876724850462
182.4449548872579
182.44212094557017
182.48809625398408
182.48933458872827
182.49139239114902
182.49128208325493
182.49508211142674
182.49470351584773
182.4971886159436
182.5077469427163
182.50884999860614
182.5217588026172
182.56739086097673
182.56632223719092
182.56517171085682
182.5646563859989
182.59657894709127
182.60750716799384
182.62955165406638
182.63935269169897
182.6825822317111
182.6826192284072
182.68361848316817
182.68341618899444
182.6834063306432
182.74038489000736
182.742502340557
182.74206005915713
182.7410073373617
182.7453875202479
182.7668739581887
182.81549561091373
182.8477906140181
182.8484512016263
182.86769598477883
182.86631794082822
182.8664690778841
182.86751886353957
182.86828167712815
182.86644532441784
182.8777132301165
182.87540949214494
182.87308874001454
182.9118605119362
182.91727664733426
182.93387290245911
182.9308865916059
182.9312151052852
182.99477918409076
182.99660844767394
183.01851895448112
183.01630174995157
183.02007671061415
183.03709742594992
183.0358072009808
183.0371087263188
183.03804600903788
183.0388320260356
183.03783071960996
183.037383717262
183.03697823702598
183.03597398798183
183.0388320260356
183.04023101821602
183.05393973007565
183.06888699836801
183.06911258925106
183.06884659548444
183.07155135418978
183.07177378129288
