with mode=0, handoff cost coefficient = 1.0
174.22586431126973
174.21547645395088
174.25371101525042
174.25374359106155
174.2801061087573
174.32036589484574
174.320341258481
174.32585547556965
174.3648180855202
174.3628995438521
174.39053516351322
174.37817787007913
174.60607678887692
174.60794233386582
174.60150235815127
174.82645485416373
174.83046813054557
174.83041662937637
174.83117073266936
175.05136709154033
175.06565326876665
175.07513927712068
175.06720441569558
175.14483083164595
175.16566959902738
175.52698187222944
175.52778492841898
175.52012572518888
175.54406311358272
175.55165206479637
175.65485393732322
175.65484109164348
175.6527803947903
175.64023055515668
175.6422442471389
175.65485393732322
175.6543467848334
175.66292556205474
175.66292463901073
175.6651239609195
175.77621328426085
175.7758013833309
175.77621328426085
175.7758901709878
175.77682663740578
175.77687054174635
175.77686986491065
175.77484899939333
175.77478929517608
175.82618023408
175.8247674146261
175.8285945406048
175.87132272604407
175.8734851673287
175.88870608842913
175.8970217835706
175.89705692760876
175.90426958711697
175.91487117285473
176.02537197827075
176.02251953859553
176.02252172702563
176.02264757601836
176.02287063642078
176.07254455674183
176.0728601946179
176.07038502532916
176.07078112934693
176.073477286223
176.0735490986773
176.07355019046898
176.07942286840324
176.08000762263327
176.08147614905081
176.08493347609465
176.13255705475464
176.13959658036939
176.13926367593038
176.14020952872113
176.14022883995096
176.13998219341235
176.1400044976612
176.13715946316165
176.1327359317425
176.14022883995096
176.14067563571604
176.1408652015179
176.14086571989282
176.14086654139822
176.14285857902416
176.1427883905316
176.1427888268842
176.14435178720578
176.14498817224762
176.14614420279554
176.1461458565626
176.14576596057037
176.1466960318017
176.1470380797246
176.14724857446177
176.14805752453637
176.1718066360188
176.1729550807421
176.17307806313562
176.17352418811765
176.17288038058442
176.1758201321328
176.1770944198223
176.17804196406928
176.17803281070874
176.1784644684189
176.17839761311768
176.1783650796378
176.20127001394795
176.20127425937622
176.20449905425076
176.2046845935631
176.20476832644448
176.20483170196667
176.20316639187195
176.20689252810877
176.23281879699127
176.25514746196427
176.2548886530348
176.25435313946085
176.25382927772537
176.2540009285524
176.25514746196427
176.28247649987873
176.2827104879475
176.28254024157886
176.28258674361865
176.28404822659883
176.28404849162982
176.28435945480555
176.30277255070965
176.30307862484057
176.3144361403991
176.31442322315115
176.31446198932102
176.31446055939298
176.3144644089207
176.31478990519702
176.31248620925163
176.31345017092127
176.3184899870118
176.31849174277727
176.3189730939443
176.32000752015009
176.31996986551863
176.31987065578042
176.31987183386371
176.31992180558856
176.32028152326154
176.32057090211575
176.33861319824328
176.33874199910966
176.339253783878
176.3395183792507
176.33959964744582
176.33976107299856
176.3400390273805
176.3402190465206
176.34017016600524
176.34035734010453
176.34087466845892
176.34098435903076
176.36966934290095
176.3710097560569
176.37111182995048
176.37131789703324
176.37126872996575
176.37152029332722
176.37176590288266
176.37183103573784
176.3718015988646
176.37196241254412
176.3718875804861
176.38299928972145
176.3829618332347
176.3836794976288
176.38368043194563
176.38503219752002
176.38464617947764
176.38598184806403
176.38601656084668
176.38601747427393
176.38634347375915
176.3876600240993
176.38853732867057
176.43370111994727
176.43374503664916
176.43378511987822
176.43378530377947
176.44494030280327
176.44518491748912
176.44521427775612
176.446530975889
176.44778646337457
176.44832950345537
176.44833145843344
176.44840170018375
176.44840648007917
176.49362437539443
176.49319817021942
176.49345925255338
176.50447808883354
176.5047826264218
176.51574053871138
176.51705698853132
176.51767215877766
176.5180703162395
176.51861530991934
176.52381301258245
176.53475514543393
176.5349520733804
176.5348991165474
176.53945853285643
176.53945930364947
176.5395986601295
176.53961084160545
176.54050308664551
176.5406342096939
176.56909403365242
176.5690358192626
176.5693738480833
176.57074050517483
176.57111115676713
176.5711381631606
176.57094732890621
176.57107760302682
176.5710733573964
176.58252488868547
176.58263537118984
176.5827538931651
176.58275391910587
176.58369885369527
176.6280411836046
176.6280803927073
176.62811904395957
176.62817419446876
176.62827161741953
176.6281767406944
176.62803852471836
176.62787971373274
176.65619455369074
176.6561955668197
176.6564830244784
176.6567322459611
176.66757839089456
176.6676074510238
176.66760835764137
176.66767081256194
176.6793879063655
176.6909720603611
176.69097367660663
176.69499933154663
176.69497387405445
176.72298828682065
176.72269113115732
176.72259878750248
176.7226332769785
176.72689594078352
176.73786287351803
176.7379478730968
176.7380981701649
176.7381846392754
176.73877840075178
176.75677170643885
176.75664151567088
176.75631885876413
176.75705095992
176.75720069125614
176.7572586572134
176.75726026239266
176.7574194386445
176.75742038126708
176.75883610622586
176.75890665551964
176.78723049816287
176.7872349109043
176.788414833423
176.78841491537779
176.78841484639585
176.7895674465301
176.78962835915044
176.78984840428632
176.80238292151904
176.80249615368317
176.80365342274268
176.80372508902758
176.80380437776134
176.81464766226355
176.81459031144388
176.85981011968315
176.85979123992502
176.8599668789559
176.86004372787002
176.87146212037695
176.89972323979714
176.90010684331457
176.89989284055238
176.90061902519122
176.90053522595377
176.90053535169247
176.90092474464885
176.90115835885734
176.90145151196455
176.90145921976207
176.9020055604739
176.9021665257717
176.91299441629542
176.91300449338618
176.91337910298444
176.91341517360726
176.91357213194334
176.91357164807218
176.9138832812091
176.9139382227463
176.91390066710406
176.91434716371162
176.9144059061796
176.91435878065283
176.91435090905549
176.91439803458226
176.9144605769484
176.91458372592814
176.9145852595173
176.91482617275207
176.9163139436507
176.94445563306346
176.94477016458703
176.94505860624812
176.94844741690585
176.94875967923733
176.94889328289224
176.94929846281082
176.94934832862114
176.94906346016452
176.94906394277163
176.95051007222276
176.95051064868863
176.95157262602459
176.95165764251487
176.95173818015218
176.9517996961856
176.96257654378203
176.96318956643222
176.98042363728536
176.9803935581099
176.98003254874632
176.9800344175573
176.9800489394063
176.98060428508953
176.98072343493217
176.98072307113827
176.98060392129563
176.9805715458426
176.9804291633884
176.98072343493217
176.98687773962905
176.986897640332
176.99261823616845
176.9922493173046
176.99835395416935
176.9982679136591
176.99826772662735
177.00363381465777
177.00371875665743
177.00937233930256
177.00945789525076
177.0181717367939
177.0236438946259
177.0236963190803
177.02367896133222
177.03791541023966
177.03792848681294
177.03793993363152
177.03794066423015
177.039420238279
177.0394724877558
177.039501898328
177.0394850372187
177.03950163200585
177.0395014282463
177.03952992286986
177.03960823470925
177.0396628209528
177.039662983916
177.0397431550301
177.04524647992415
177.04526819407215
177.04526821632862
177.04542699696339
177.04534340109905
177.04538747686146
177.04554118288206
177.04562292415574
177.0472101520133
177.0698590857482
177.06987214995962
177.08388147171397
177.0892433213159
177.08939291552196
177.08939083356034
177.09507577771518
177.09508458387003
177.095085576635
177.0954248677492
177.09679677643118
177.09721602821742
177.09721620371482
177.0972908009125
177.09730556839486
177.09730585996954
177.09737005114698
177.10611041501028
177.10611107030815
177.10647376810607
177.106465067599
177.10646485637182
177.1290961556604
177.12910563813057
177.13058075909078
177.1305912160159
177.13092554770662
177.13092575893378
177.13162242371837
177.1319646764711
177.1321006662859
177.1321086964992
177.13778511355514
177.13791929445443
177.13792427730976
177.15996803999752
177.16000163195005
177.1600018150711
177.16000793095213
177.16146181866722
177.16146994502097
177.16628833721862
177.16631975897235
177.16632272075418
177.1663231194501
177.16643621661936
177.16679392075898
177.1810943509119
177.18190411046615
177.1819547238964
177.18209774285162
177.18211227035533
177.19074902494518
177.19074919032232
177.1907913607951
177.19642608078334
177.19646633652206
177.19656453140965
177.19727293991428
177.19733877876877
177.19726082736977
177.19760712662898
177.19767647133224
177.19766995394588
177.19784469863185
177.19789423998392
177.19789760397433
177.19817895755526
177.1982319590204
177.19829473699406
177.19828846449056
177.19829473699406
177.19823772200294
177.19829297218683
177.19834837513412
177.19834989822442
177.1983564156108
177.21234730149553
177.21234636533305
177.21248355338642
177.21304427184563
177.22111640522448
177.22107335683168
177.22244612138795
177.22247951042334
177.222479622434
177.22249249915512
177.222508964905
177.22257180304155
177.22249882644803
177.2233510568486
177.23731803883953
177.2374767718499
177.23747736149744
177.23743560067143
177.26006924332307
177.26004786746796
177.26005605498926
177.26023479609012
177.26037463755986
177.27431496983476
177.27431496983476
