with mode=0, handoff cost coefficient = 1.0
168.0155889081914
168.01543621102235
168.03730985467584
168.07175348184762
168.07067319423285
168.16397385334977
168.2108571733591
168.30954954259334
168.30880765833106
168.3081175198159
168.3195380539538
168.57085936140285
168.57124736667302
168.58316481155097
168.5693452361632
168.6031767312619
168.61044494503932
168.61831286435176
168.62240536144844
168.62243646709558
168.62243977815726
168.62285816358903
168.62285822086906
168.62058739204676
168.61917025971272
168.62328701944372
168.6235421106246
168.62495924295862
168.61604452091024
168.6003300201972
168.61174149662207
168.61172084163613
168.63539389259242
168.6566812418427
168.66085108738034
168.65973602698114
168.65095653671025
168.64989538535417
168.65867487562508
168.66175203009504
168.66176067376176
168.66176287529552
168.69505017062954
169.09362783918763
169.0888747799478
169.08604747927575
169.0920899551202
169.07293292903813
169.09362783918763
169.0950247002409
169.09502675154826
169.09549659480237
169.09629032612378
169.0971928652277
169.1462524369852
169.15025816223104
169.15297223425378
169.15305282184661
169.15307655471176
169.16385047825875
169.1637761981464
169.35776528349487
169.35646227700312
169.3597409280559
169.35974066639056
169.35966007879776
169.3630449594811
169.36304522114642
169.36501907907075
169.55573297239212
169.56888244319796
169.57266740478812
169.57319665978667
169.59033725106985
169.5865522894797
169.7033147464178
169.712440706198
169.71448017489436
169.7144842215173
169.7221605120067
169.72510414131224
169.7227218856224
169.72272412533215
169.76487851168866
169.7720569813596
169.77208053275214
169.76970252545235
169.77800334273553
169.7876521734492
169.7905120103108
169.7922957428454
169.79049893141087
169.7905833104898
169.79195319035097
169.7976190640792
169.79862784172644
169.9118734422669
169.91187414115873
169.9133089665385
169.91344829966997
169.9152560198474
169.91530806472596
169.9186768976667
169.91860447143233
169.95981418372014
169.97239796110966
169.97234591623112
169.9717438075292
169.9718082899477
169.97193990645022
169.9732567400294
169.97515457428437
169.97425243052095
169.98315588842914
169.98444121730623
169.9854944200101
169.98406115400036
169.98406189420234
170.03357661876606
170.03424484413864
170.03441077998465
170.04274981922055
170.0919383835745
170.09193983471093
170.0925766660063
170.12114947058765
170.11973758202672
170.120325369668
170.11669399116556
170.11630368644066
170.12114947058765
170.1426834487018
170.14286953662736
170.14542676537695
170.14618544184185
170.14569171228632
170.14631522823103
170.14468483212354
170.14470080471816
170.147922386151
170.15019968293308
170.15038460850622
170.15287996293551
170.1517904927739
170.15670159577604
170.1566144254645
170.23975430106148
170.24014014742085
170.2398553023083
170.24734421300545
170.25064508048013
170.25083374379892
170.27529790782086
170.28088594153436
170.28093849325455
170.2825424969506
170.28383158551077
170.28383621929163
170.2845555488567
170.287953258946
170.3023012290235
170.32666792966495
170.3317822753678
170.33178274569724
170.33178357114997
170.35598213151667
170.3593116730545
170.3585123534258
170.3612755338097
170.36425362473602
170.36425382633698
170.36979573594022
170.36979576642756
170.36981427788754
170.37103904990886
170.429195817432
170.4326578620931
170.43265860471735
170.43357996026415
170.43354775410157
170.4336142666226
170.4336142388684
170.4336142720704
170.4337671509865
170.4337740058909
170.43382452430535
170.4337740058909
170.43478768301165
170.4347800364328
170.4349697497035
170.4358218650425
170.4398689440369
170.4415063029254
170.5253894615172
170.52532179784225
170.52566701093104
170.52550040864185
170.53065272646788
170.53077993357758
170.5308475972525
170.53172450969785
170.53441255676302
170.5343679107617
170.53398033198653
170.5342197363446
170.53485011649872
170.55914058045607
170.56171085885126
170.56174388775597
170.5759543243483
170.6308720942674
170.63385295525978
170.635003642543
170.63500389922618
170.6491347788031
170.65066437410638
170.6508076492295
170.6506572144424
170.65065712911203
170.65070761287618
170.65129002147125
170.65151166143758
170.6536627271498
170.6536504124562
170.6538991335086
170.65389902638847
170.65557333055125
170.65547969817808
170.65584538476648
170.65584549188657
170.73901208431081
170.73901237268464
170.739781817632
170.73898908795968
170.76295367483243
170.7632276048051
170.76572759451204
170.76572673904488
170.76620414340505
170.84964666284185
170.84855795437636
170.9462572725562
170.94756566273082
170.947527211642
170.94919339926562
170.9493675749762
170.95065848276448
170.94979325551736
170.94952901753203
170.9496200981533
170.94969792754728
170.95319956891635
170.9531176967345
170.95341693491483
170.95341708361022
170.9534178104914
170.95345626577233
170.95345328935986
170.95399446038454
171.0511353428634
171.05107785247392
171.05106644711626
171.05102193104076
171.0510833802767
171.0511353428634
171.05119067923343
171.051924404412
171.05191619892236
171.0522421155101
171.05224211090993
171.053073076275
171.0530974910762
171.05309815103018
171.05309832749987
171.05422461521894
171.05423452630572
171.0543247854487
171.05426511053656
171.05464005052343
171.05530177777118
171.09677735882948
171.09781369658305
171.1264544541171
171.12688129773497
171.12702661958053
171.1274127133145
171.1275432400212
171.1281273199065
171.12814453007692
171.12864052803351
171.12950918236626
171.13080486375785
171.1428004082872
171.14279513793295
171.18427952666778
171.1842864727665
171.18428651928159
171.1842865615607
171.18429290968982
171.18430216769968
171.184440594754
171.18455504847583
171.18455514002525
171.18459262701245
171.1850361048905
171.18503606399972
171.18628746043277
171.18628749297798
171.21466153802012
171.2146723143547
171.2147955361984
171.21483078417248
171.21802033136768
171.2180203131881
171.21885788719908
171.2205113208484
171.22051136128096
171.22067153216005
171.22067159373137
171.22093994558043
171.22082526484297
171.2208068444241
171.2208726920432
171.22797261125356
171.27647476700054
171.276518835698
171.2765697363327
171.27659976682327
171.27724654900896
171.28038281353514
171.28346043045136
171.2954502929518
171.29558309329522
171.3227372934476
171.32280123983944
171.32281478604784
171.32989184722402
171.3319557104611
171.3319885905039
171.33221418588985
171.33221430991662
171.33222045252953
171.33239750847122
171.3325554625611
171.33288000312817
171.33289994255105
171.33292396268757
171.33295637053396
171.33279326314397
171.3329790275244
171.33504756630862
171.33502448213625
171.33533373014757
171.34529890047457
171.34530093545857
171.34601648097595
171.34609663750086
171.34611162181574
171.37345196480425
171.37344753676672
171.373998146092
171.38106553948325
171.3881058417131
171.38935011568995
171.38944007796405
171.38922771532722
171.38922816582087
171.38973236942886
171.39033878145764
171.39151755454586
171.39367813924994
171.39393516454243
171.39393577721907
171.3939736396448
171.39410507121573
171.40394602389873
171.4042975634131
171.40430183079445
171.40405169491635
171.40439922013655
171.40402822079716
171.4042960740186
171.40446389120012
171.40472221029324
171.40472221562476
171.4051546570256
171.40515468511188
171.4053775580706
171.40535288609362
171.40516434556025
171.40517364626768
171.45415796048147
171.4538567940023
171.45680906963722
171.45687896018867
171.4568596373004
171.45686822790947
171.45700150094495
171.45713181132788
171.45709780495514
171.45720028932894
171.45720377017182
171.4571340868263
171.45719583766424
171.45743103671606
171.45754713183294
171.45929730500438
171.45980493152058
171.4603619871794
171.46006994437886
171.46158156199704
171.46158159697154
171.4621080093687
171.46384996242392
171.4638499310882
171.46401490511158
171.46409522641858
171.4642211977515
171.46422275188002
171.4643848376817
171.4644911950838
171.46455241153944
171.51282711429195
171.5128420508228
171.5129965818581
171.51353297870543
171.51356100350097
171.52360579584797
171.52358593977627
171.52401147057006
171.52401906072214
171.5242296593708
171.52914400626378
171.5295978071985
171.52935640862358
171.52966259507525
171.5296626532194
171.52938798619832
171.5298241691994
171.55666009316414
171.556922027813
171.55696490303475
171.55696497092785
171.55702092533048
171.5574175650825
171.5582844688174
171.56249113844447
171.56288082598266
171.56294101176996
171.56293440729027
171.6043929013376
171.60450239160895
171.60456239754615
171.6045624590409
171.60468236394306
171.60468236072916
171.6048365298902
171.6050081456239
171.60496689938415
171.65395708942444
171.65821895689757
171.67021450968855
171.67042645926165
171.67052510526415
171.67079454362968
171.67084448740187
171.6707906762221
171.6708501663518
171.6709002080305
171.68083683605698
171.68083674444676
171.68085768980137
171.68085777652755
171.6808707478509
171.6808526519222
171.68085988545914
171.68099658978105
171.68205566800503
171.69405769275656
171.69378711976307
171.69377928676894
171.6938196354634
171.69382514632235
171.70577299539923
171.70670803690257
171.75397213449534
171.75402924953013
171.7540292900575
171.75405916822115
171.75501253572554
171.75778218069493
171.7577822073435
171.75778219771647
171.75782916907252
171.75801299269028
171.7580134926775
171.75885461058192
171.76262635768444
171.76196286636338
171.76199331720065
171.76314513262986
