with mode=3, handoff cost coefficient = 1.0
168.0155889081914
168.1103489812846
168.33506544264552
168.33505152269674
168.35438651572514
168.37222010541825
168.38467270797605
168.39293562865709
169.58672432808703
169.67593662781297
169.7158920386546
169.7311902035013
170.03947811713877
170.3281796614805
171.3793741989637
171.48276126332507
171.48275569132744
171.51514120286708
171.52359330172135
171.53697794923374
172.31007282461974
172.34833958610136
172.34438255767805
172.3443880623388
172.34426190547615
173.27261282530017
173.2726273579531
173.8374752150192
173.87108527552633
173.87870976706785
173.86808601546304
173.9194406230633
173.91943434532067
173.92638943856684
173.93076101517528
173.9314500920471
173.93145628241973
174.47105925815555
174.47090024031215
175.36127569117338
175.36098370906677
175.36099169791228
175.361279222955
175.361279222955
175.361279222955
175.361279222955
175.361279222955
175.40575627811825
175.40572174283548
175.41635221932523
175.41637817281705
175.4162419419409
175.4444738395425
175.62899682639562
175.63452239527868
175.80228550072334
175.80230211548542
175.80226293665595
175.79957195271504
175.79957195271504
175.79957195271504
175.79957195271504
175.79957195271504
175.79957195271504
175.80282359215744
175.81887985945554
175.81890323044394
175.81891021222015
175.96326793186466
175.99804067279752
175.99803538127344
176.30499335452464
176.30492007683114
176.30504465123158
176.32572480229265
176.32717345022687
176.34883548224184
176.3538504098761
176.35386707100002
176.3507154316255
176.354409610962
176.354409610962
176.354409610962
176.35955364145033
176.3592067204318
176.36174495317357
176.36206619437377
176.36399485137764
176.3645717890402
176.364579792038
176.36457469236115
176.36457469236115
176.36457469236115
176.36457469236115
176.36457469236115
176.36457469236115
176.36457469236115
176.36457469236115
176.36457469236115
176.36457469236115
176.36457469236115
176.36457469236115
176.36457469236115
176.36457469236115
176.36457469236115
176.36457469236115
176.37349952241152
176.36737141099542
176.3673965558686
176.36739348109788
176.36927941727333
176.36934633069663
176.37144200947014
176.37144168166282
176.3769108359829
176.37289222688452
176.37289222688452
176.37289222688452
176.37581952818493
176.39280851637636
176.40008902553285
176.40236981089063
176.40237161931722
176.4052146304186
176.4052120729254
176.40521255682748
176.407590415306
176.407591073332
176.40758608641983
176.40774430032587
176.40774430032587
176.40774430032587
176.53171100148808
176.53170303051567
176.53194604582526
176.65914427321442
176.65193380830428
176.65193673298566
176.6543016958192
176.6543016958192
176.65449912195828
176.65569110956991
176.65569110956991
176.65569110956991
176.65569110956991
176.65569110956991
176.6561085026851
176.6561085026851
176.6567587603848
176.6567587603848
176.6567587603848
176.6567587603848
176.6567587603848
176.6567587603848
176.6567587603848
176.6567587603848
176.6567587603848
176.6567587603848
176.6567587603848
176.6567587603848
176.6586057380709
176.65931001263402
176.65931001263402
176.65931001263402
176.65931001263402
176.65931001263402
176.65931001263402
176.65931001263402
176.75250293579424
176.75275036829714
176.75450798666378
176.75573537135608
176.75573537135608
176.75573564624227
176.75573564624227
176.75573564624227
176.85180056933024
176.85148615734613
176.8494753631008
176.8496400060867
176.8496400060867
176.8496400060867
176.8496400060867
176.8496400060867
176.8496400060867
176.8496400060867
176.8496400060867
176.851667729464
176.851667729464
176.851667729464
176.8514924504726
176.8514924504726
176.8514924504726
176.8514924504726
176.8514924504726
176.8514924504726
176.94268402785906
176.94268226112368
176.94262563331606
176.94128296445024
176.94128296445024
177.0229380181084
177.02293777714965
177.02594947481623
177.02667516108397
177.03070170600247
177.03360428520466
177.0361295490908
177.03612914853272
177.03596905669167
177.03648105670118
177.03648105670118
177.03648105670118
177.03648105670118
177.03648105670118
177.03648105670118
177.03648105670118
177.03648105670118
177.03648105670118
177.03869345469366
177.03921473221098
177.03920990451482
177.03920990451482
177.04172373764484
177.0416681321632
177.041713659055
177.04171488089048
177.04171488089048
177.04171488089048
177.04171488089048
177.04171488089048
177.04171488089048
177.04171488089048
177.04171488089048
177.043633414295
177.04363670471022
177.04363670471022
177.0443855728674
177.0443855728674
177.0443855728674
177.0443855728674
177.0443855728674
177.05216782757844
177.05215974563558
177.0522079253607
177.05220854286858
177.05220854286858
177.05220854286858
177.05220854286858
177.18146326745637
177.18231858263522
177.18098879070337
177.1814412430256
177.1814412430256
177.1814412430256
177.1830149380661
177.1830149380661
177.1830149380661
177.1920801443356
177.19229491357063
177.1944615920533
177.19446571626142
177.19446571626142
177.19449170961423
177.19449170961423
177.19449170961423
177.19722487408617
177.1976422230209
177.20009545347676
177.20009826303772
177.20069369154714
177.20030652770888
177.20030652770888
177.20030652770888
177.20030652770888
177.20030652770888
177.20030652770888
177.20030652770888
177.20030652770888
177.20030652770888
177.20030652770888
177.2620859728985
177.26250817332902
177.26249873977267
177.26164900258348
177.26164900258348
177.26164900258348
177.26164900258348
177.26164900258348
177.26164900258348
177.26164900258348
177.27232340519805
177.27304310950115
177.27103950099914
177.2729242990063
177.2729242990063
177.2729242990063
177.2729271562255
177.2729271562255
177.2729271562255
177.2729271562255
177.2729271562255
177.2729271562255
177.27453676808142
177.27453676808142
177.27510532204434
177.27510532204434
177.27510532204434
177.27659006178706
177.27659006178706
177.27659006178706
177.27661280092397
177.27661280092397
177.27661280092397
177.27778450010607
177.27778450010607
177.27778450010607
177.27855903135105
177.27855903135105
177.27855903135105
177.27853695094046
177.27853695094046
177.27853695094046
177.27853695094046
177.27853695094046
177.27853695094046
177.27853695094046
177.27853695094046
177.27853695094046
177.27853695094046
177.27853695094046
177.27853695094046
177.27853695094046
177.27853695094046
177.27853695094046
177.27853695094046
177.27853695094046
177.27853695094046
177.27853695094046
177.27853695094046
177.27853695094046
177.27853695094046
177.27853695094046
177.27853695094046
177.27853695094046
177.27853695094046
177.27853695094046
177.27853695094046
177.27853695094046
177.27853695094046
177.27853695094046
177.27853695094046
177.27853695094046
177.32976199902953
177.32975972520026
177.3296363662348
177.32963014762882
177.32963014762882
177.32963014762882
177.32963014762882
177.32963014762882
177.32963014762882
177.32963014762882
177.32963014762882
177.32963014762882
177.32963014762882
177.32963014762882
177.32963014762882
177.32963014762882
177.32963014762882
177.32963014762882
177.32963014762882
177.32963014762882
177.32963014762882
177.32963014762882
177.32963014762882
177.32963014762882
177.32963014762882
177.32963014762882
177.32963014762882
177.32963014762882
177.32963014762882
177.32963014762882
177.32963014762882
177.32963014762882
177.32963014762882
177.32963014762882
177.32963014762882
177.32963014762882
177.32963014762882
177.32963014762882
177.32963014762882
177.32963014762882
177.32963014762882
177.32963014762882
177.32963014762882
177.32963014762882
177.32963014762882
177.32963014762882
177.32963014762882
177.32963014762882
177.32963014762882
177.32963014762882
177.32963014762882
177.32963014762882
177.32963014762882
177.32963014762882
177.32963014762882
177.32963014762882
177.32963014762882
177.32963014762882
177.32963014762882
177.32963014762882
177.32963014762882
177.32963014762882
177.32963014762882
177.32963014762882
177.32963014762882
177.32963014762882
177.32963014762882
177.32963014762882
177.32963014762882
177.32963014762882
177.32963014762882
177.32963014762882
177.32963014762882
177.32963014762882
177.32963014762882
177.6101200765812
177.61011976076142
177.61076492611906
177.61077178088314
177.61077178088314
177.61077178088314
177.61077178088314
177.61077178088314
177.61077178088314
177.61077178088314
177.61077178088314
177.61077178088314
177.61077178088314
177.61077178088314
177.61077178088314
177.61077178088314
177.61077178088314
177.61077178088314
177.61077178088314
177.61077178088314
177.61077178088314
177.61077178088314
177.61077178088314
177.61077178088314
177.61077178088314
177.61077178088314
177.61077178088314
177.61077178088314
177.61077178088314
177.61077178088314
177.61077178088314
177.61077178088314
177.61077178088314
177.61077178088314
177.61077178088314
177.61077178088314
177.61077178088314
177.61077178088314
177.61077178088314
177.61077178088314
177.61077178088314
177.61077178088314
177.61077178088314
177.61077178088314
177.61077178088314
177.61077178088314
177.61077178088314
177.61077178088314
177.61077178088314
177.61077178088314
177.61077178088314
177.61077178088314
177.61077178088314
177.61077178088314
177.61077178088314
177.61077178088314
177.61077178088314
177.61077178088314
177.61077178088314
177.61077178088314
177.61077178088314
177.61077178088314
177.61077178088314
177.61077178088314
177.61077178088314
177.61077178088314
177.61077178088314
177.61077178088314
177.61077178088314
177.61077178088314
177.61077178088314
177.61077178088314
177.61077178088314
177.6101200765812
