with mode=1, handoff cost coefficient = 1.0
168.0155889081914
168.09141177264468
168.14041082677997
168.1633582768702
168.19574319644482
168.20454067432172
168.23731864083166
168.2553637465361
168.26972967045438
168.33328152129766
168.33740807252272
168.35001187391757
168.3763124863073
168.40644478391127
168.42879239401995
168.43362969153318
168.46351221682977
168.47014049651412
168.51825624804135
168.5592672753396
168.6050511972868
168.61843893254348
168.6877817674243
168.7800651622245
168.78966681016178
168.80715485612382
168.82551164508163
168.8363732690116
168.83867251490773
168.8505578845361
168.91263960800148
168.91727927878114
168.92913106067843
168.94153045810512
168.96532999885474
169.02242802333996
169.04780651297904
169.0916614233213
169.1465868332572
169.15605641957148
169.16496880861678
169.21643638702767
169.25823942539074
169.27001628944086
169.2884873793579
169.33274962985652
169.3707989082664
169.38043365961647
169.4433997272494
169.4456335150291
169.45275956390626
169.451400679224
169.45567066362955
169.4712114241779
169.52633582493579
169.57749280374617
169.59013437129997
169.60747628720654
169.64010734504643
169.6419583475806
169.74206098767954
169.7516959181073
169.75773451202787
169.8302061162045
169.9209397794221
169.94935396687058
169.95854835494598
169.96644020275667
170.0226367541434
170.0272578592168
170.06822215280553
170.11713739788968
170.15533127830673
170.16342329056928
170.17670424565335
170.1769234716048
170.18227880044606
170.201947264465
170.27277108683293
170.3519815006498
170.40706633207589
170.44863217008324
170.49714604101163
170.51400051759853
170.5161645542834
170.5418265712563
170.56042103449218
170.61309559117294
170.67139685184935
170.67556786578882
170.69479047274615
170.73140670325614
170.79679047285435
170.79606437535784
170.8112454575446
170.82094367317112
170.88085580396097
170.88016784206872
170.9225195843198
170.95686902011576
170.96129543710623
170.96621290321514
170.96920583756764
170.9804900040558
171.1123715254217
171.14448926765306
171.25241233353117
171.25283974348855
171.25324887813667
171.29542839613862
171.3089293453545
171.30809984367693
171.36271561022104
171.39359217581415
171.47386373934415
171.52588054326793
171.57087179435734
171.56952290421532
171.56560823467223
171.60326829291878
171.6046833600702
171.60949637711718
171.6281287225506
171.6801910046013
171.72099241268225
171.72105701187215
171.7379043186196
171.7393871934953
171.74051522706853
171.77095197041487
171.7723553043123
171.78396297942277
171.79910947920055
171.8672951330741
171.8772731483252
171.89306786488723
171.95407921482123
171.9549571483927
171.9555802046975
171.95967716977972
171.96129437555712
171.98916783626527
172.00329529306663
172.0118158572867
172.01202500364906
172.0100187570869
172.0139191246837
172.01216487612282
172.0382261813079
172.14309388851737
172.14343398812107
172.14880873575063
172.15159152494516
172.15128707810882
172.16448041946708
172.1688894585003
172.18041799028285
172.20805576016843
172.24829208061428
172.25904106213065
172.27551614137218
172.28844615068
172.3169547297478
172.32669921103422
172.36133236114802
172.41599064069442
172.42940371433738
172.47800217797388
172.47750774422968
172.51874160750003
172.51947670132063
172.5303905116134
172.5907292326836
172.66530099384974
172.6705517990109
172.6696647140978
172.72949602273496
172.80564793368458
172.80571620274713
172.89456468866396
172.89636857484277
172.94314224660963
172.95813626034462
172.96809146033533
172.98308436535487
172.98410926442264
172.9831680646062
173.08074279712952
173.09649434230084
173.13252977041302
173.13076456877263
173.16642586004113
173.2522063857053
173.31001456416794
173.34966256478694
173.36216954685077
173.37147510383184
173.3981593925718
173.40707707880037
173.43155442769313
173.43355635768592
173.43948095455266
173.47501033593858
173.47746967376236
173.48288000078708
173.48271247424034
173.48265454553902
173.48416880046662
173.49567932602167
173.51487930339906
173.51746255279477
173.51546682438328
173.54639766020847
173.54814138473182
173.61377831179416
173.62283625086746
173.6232238837863
173.6653423390866
173.66683360811075
173.6648959536484
173.73086147015778
173.73116941163494
173.74301183696923
173.83213399520992
173.87664425908395
173.9538508419765
173.97642469692556
174.0212796672551
174.0568470599389
174.0757299274598
174.09712708341138
174.098965026184
174.1001933149987
174.14096582213313
174.14180764825852
174.16687798020104
174.16551067410575
174.16636933113216
174.17008084056812
174.1725715352998
174.20947816415014
174.23013546110016
174.23180083801952
174.24216794742642
174.27648941833988
174.32057358733238
174.3160989053879
174.32660218825515
174.32860413012227
174.3290113323326
174.32686641226442
174.32732293704925
174.35221511740102
174.3786405171956
174.42370073515022
174.46925766385016
174.4721819722577
174.47439987145393
174.47375168225784
174.47398897461446
174.532993751532
174.55318977738048
174.5761388322196
174.57676968103485
174.61119502289878
174.62317263378677
174.73947006841217
174.7801750219074
174.82741307741642
174.87377079485856
174.87628780493336
174.87678406624218
174.87453506607935
174.8867565403666
174.88590511703586
174.88901416184075
174.9051799225865
174.90656090421896
174.90805181855671
174.91750187461452
174.96121861690432
174.96578561018697
174.96782374457638
174.967030196896
174.96712672919696
174.97841770421283
175.00273441740828
175.00067606772552
174.99977523612495
175.011587815555
175.01521994393653
175.02367302906427
175.024060635979
175.0428501227004
175.0888817684123
175.091456207054
175.09157557300222
175.13139788541315
175.1306167944188
175.13092648351085
175.13748504566473
175.16826399495665
175.16847367990349
175.167859521503
175.1768401903047
175.18727619289066
175.19046313422083
175.23079350483934
175.23923340199968
175.25346704618403
175.2549404627429
175.25469506293305
175.26766461414624
175.2951286814199
175.29603233799128
175.30210496580509
175.3032867143476
175.30357604074283
175.3043216226356
175.35085276911545
175.39841164677233
175.396422990199
175.4875296796111
175.48670920514442
175.49320957675664
175.49417843569128
175.4959118380829
175.49835385961612
175.49721148889552
175.51715633827197
175.51805496860223
175.54455526461916
175.55518808115016
175.5547058096568
175.55314561173995
175.55227853525392
175.5530338361223
175.59836183376035
175.61057061976143
175.6715496628463
175.67701246478248
175.67838883248106
175.68783813753913
175.73611978592047
175.73740210047492
175.7613691994116
175.7591515732048
175.7984192916765
175.84065435970766
175.83769377289755
175.8383676660941
175.84500478267108
175.8445712756295
175.84546499330588
175.84613477381518
175.8539984410275
175.8568717540737
175.87916089090623
175.89182491144456
175.89433482740398
175.89838138655097
175.90408683099463
175.90434454947115
175.9046404814915
175.9020329064254
175.95529266608753
175.95911256047773
175.96600394111616
175.96815322154603
175.96732157102494
176.03541505718158
176.04272937905432
176.04313735325917
176.04297365745447
176.05196947785612
176.05101313095471
176.06860431046013
176.07812321713
176.083255605488
176.13929750350897
176.14082604615092
176.18852883523684
176.19189194669022
176.20438798616993
176.20483466544755
176.20644104235532
176.20674145235841
176.22969545387508
176.22808968578408
176.2495729516644
176.2484146192372
176.24826847913877
176.25634181747412
176.2582368819136
176.30150537391057
176.29931213405092
176.3065887265858
176.3943931916465
176.39361425303272
176.40507697268905
176.41504574748222
176.4166546427268
176.41704522331457
176.43799417275423
176.43736892114282
176.43758671815843
176.44819356852264
176.44758340101862
176.44794710267425
176.4694326983016
176.48027772964832
176.47961612370628
176.4809190680728
176.49371946083113
176.51601050662387
176.51460341196142
176.5146766335032
176.60893501749817
176.60895705669623
176.62858593606956
176.63181231940106
176.63823239892977
176.63487932895703
176.63652417530332
176.68485804900374
176.68669330456464
176.6859901945459
176.72525692825286
176.72576598958887
176.7276187113508
176.7390347843204
176.7579596595358
176.7578503508832
176.77080286298
176.77127618213765
176.77792542890333
176.79628284430942
176.80210107909713
176.80367272288896
176.81174537885755
176.8116006270163
176.81272268184807
176.8258838396318
176.83978841797102
176.84513921478526
176.84457759194845
176.84614372124173
176.8417939102803
176.83966217523408
176.84845949691308
176.85788359057878
176.87868851559492
176.87975497387725
176.87521466305972
176.8861182014347
176.8857553456524
176.9551415667767
176.9930821179986
176.99467535687387
176.99378155727555
176.99537978102714
176.9941713167027
177.00259292971035
177.01593076323928
177.04182046746388
177.0433410034918
177.05021419102746
177.1205334801253
177.1199720078094
177.1208636592903
177.13673486992542
177.1459454629282
177.14967148105268
177.1636136544819
177.20350031084584
177.22251424646544
177.27440447364376
177.29131174592013
177.30482564470802
177.33537418013242
177.33771246945588
177.35070511312827
177.35135716991422
177.38629363553397
177.41782408089676
177.4328996351076
177.4458748015395
177.49058861651716
177.48908594086478
177.49057479828454
177.5039321219495
177.50393341063645
177.51138382704286
177.51442856278982
177.515561080977
177.51818431073653
177.51840780156994
177.5172702610521
177.52009272865286
177.52062816171718
177.52931910153498
