with mode=3, handoff cost coefficient = 1.0
185.61847426157178
186.36236740758
186.36252430792842
186.42702338712607
187.41298992480975
187.57903825651817
187.80425220467583
187.80303160269114
187.8116493391158
188.74506475251437
188.75131624220984
188.74842020432743
189.4548093345731
189.587694455608
189.58974274641946
189.94373195857696
189.95993134883764
189.9590291550411
189.96489790373218
190.65300850056462
190.65765809513013
190.6691967138141
190.68544493023524
190.6951806549796
190.6956010222301
191.21714786320894
191.2171793853069
192.33758975650085
192.33739024920465
192.34645598248056
192.34647034649913
192.346190748547
193.36958274804473
193.36827603772483
193.38850195676667
193.382457607491
193.3960041151318
193.39633073101965
193.39631487833523
193.39661329948117
193.39661329948117
193.39661329948117
193.39661329948117
193.39661329948117
193.39661329948117
193.39661329948117
193.39661329948117
193.39661329948117
193.39661329948117
193.43755215719432
193.43197367514114
193.43192577256886
193.76283337020735
193.75331522822216
194.2278014271377
194.23972066612475
194.69415714791893
194.73402998552666
194.73375589449904
194.7335102060061
194.73300186117388
194.73300186117388
194.73300186117388
194.73300186117388
194.76866508414562
194.8016218334642
194.8002431263919
194.81490214505865
194.81549936683743
194.83263052266258
194.83424278861608
194.8383080756153
195.13470267394516
195.14302847764333
195.1428224171596
195.14625086499782
195.37163238407732
195.37230944288888
195.37324282591672
195.37090746606017
195.38561101968673
195.39031811620248
195.39772858162374
195.39812219726284
195.39838779925464
195.4004999425967
195.4032365588341
195.40339007351452
195.40272738089917
195.40320097371904
195.40531184440567
195.40689086946702
195.58698708925812
195.58993539952897
195.59311022006537
195.59263624682958
195.60598777062194
195.60597655598818
195.60681243494722
195.6068236984015
195.6068236984015
195.6068236984015
195.60931659695652
195.6092468007093
195.60978923057235
195.60903421387906
195.60903421387906
195.60903421387906
195.60903421387906
195.60903421387906
195.60903421387906
195.60903421387906
195.62120312712108
195.6199699982891
195.62055878862213
195.62969491592958
195.6320875281441
195.63186506163999
195.63169799451867
195.80492318085584
195.80427561304504
195.80473992681078
195.80677297049903
195.80677297049903
195.80672343141265
195.80672343141265
195.80672343141265
195.80672343141265
195.80672343141265
195.80672343141265
195.80672343141265
195.80672343141265
195.80672343141265
195.80902237944804
195.80915936282526
195.80763287571716
195.80763287571716
195.80763287571716
195.80763287571716
195.80763287571716
195.80763287571716
195.80763287571716
195.80763287571716
195.80763287571716
195.80763287571716
195.80763287571716
195.80763287571716
195.80763287571716
195.80763287571716
195.80763287571716
195.80763287571716
195.80763287571716
195.80763287571716
195.80763287571716
195.80763287571716
195.80763287571716
195.80763287571716
195.80763287571716
195.92178154148087
195.92219661169054
195.92178499820017
195.9217914011678
195.9217914011678
195.9217914011678
195.9217914011678
195.9217914011678
195.92502967787567
195.9262412163622
195.9270178466286
195.92558504782892
195.92558504782892
195.92558504782892
195.92558504782892
195.92558504782892
195.92558504782892
195.93687037820655
195.94319816351106
195.94396397081437
195.94386793293444
195.94389611255576
195.94389611255576
195.94389611255576
195.94389611255576
195.94389611255576
195.94389611255576
195.94389611255576
195.94389611255576
195.94389611255576
195.94389611255576
195.94389611255576
195.94389611255576
195.94389611255576
195.94389611255576
195.94389611255576
195.94389611255576
195.94389611255576
195.94389611255576
195.94389611255576
195.94389611255576
195.94389611255576
195.9455027363058
195.94612155471378
195.94612155471378
196.13608067435928
196.13615590782268
196.13577281978866
196.13611547918077
196.13611547918077
196.13921832966426
196.14000183880242
196.14081701393727
196.14084519175552
196.14084519175552
196.14084519175552
196.14084519175552
196.14084519175552
196.14084519175552
196.14084519175552
196.2436644684934
196.24355696840053
196.244771138038
196.2447921941918
196.2447921941918
196.2447921941918
196.2447921941918
196.2447921941918
196.2447921941918
196.24685849542598
196.24696176318926
196.24702227847476
196.2472999884553
196.2472999884553
196.2472999884553
196.2472999884553
196.2472999884553
196.2472999884553
196.2472999884553
196.2472999884553
196.2472999884553
196.2472999884553
196.2472999884553
196.2472999884553
196.2472999884553
196.2472999884553
196.2472999884553
196.2472999884553
196.2472999884553
196.2472999884553
196.2472999884553
196.2472999884553
196.2472999884553
196.2472999884553
196.2472999884553
196.40146200206962
196.40281027591962
196.4027873958391
196.40281021968175
196.4049377704513
196.40488777750934
196.40488777750934
196.40490147951746
196.40490147951746
196.40490147951746
196.40490147951746
196.40490147951746
196.40490147951746
196.40490147951746
196.40490147951746
196.40490147951746
196.40490147951746
196.40490147951746
196.40490147951746
196.40490147951746
196.40490147951746
196.40490147951746
196.40490147951746
196.40490147951746
196.40490147951746
196.40490147951746
196.40490147951746
196.40716723918501
196.40716723918501
196.40727288798072
196.40727288798072
196.40727288798072
196.40727288798072
196.40727288798072
196.40727288798072
196.40727288798072
196.40727288798072
196.40727288798072
196.40727288798072
196.40727288798072
196.40727288798072
196.40727288798072
196.40727288798072
196.40727288798072
196.40727288798072
196.40727288798072
196.40727288798072
196.40727288798072
196.40727288798072
196.40727288798072
196.40727288798072
196.40727288798072
196.40727288798072
196.40727288798072
196.40727288798072
196.40727288798072
196.40727288798072
196.40727288798072
196.40727288798072
196.40727288798072
196.40727288798072
196.40727288798072
196.40727288798072
196.40727288798072
196.40727288798072
196.40727288798072
196.40727288798072
196.40727288798072
196.40727288798072
196.40727288798072
196.40727288798072
196.40727288798072
196.40727288798072
196.40727288798072
196.40727288798072
196.40727288798072
196.40727288798072
196.40727288798072
196.40727288798072
196.40727288798072
196.40727288798072
196.40727288798072
196.40727288798072
196.40727288798072
196.40727288798072
196.40727288798072
196.40727288798072
196.40727288798072
196.40727288798072
196.40727288798072
196.40727288798072
196.40727288798072
196.40727288798072
196.40727288798072
196.40727288798072
196.40727288798072
196.40727288798072
196.40727288798072
196.40727288798072
196.40727288798072
196.40727288798072
196.40727288798072
196.40727288798072
196.40727288798072
196.40727288798072
196.40727288798072
196.40727288798072
196.40727288798072
196.40727288798072
196.40727288798072
196.40727288798072
196.40727288798072
196.40970178350997
196.41098683955155
196.41113364346472
196.41144495330818
196.4116905235259
196.4116905235259
196.4116905235259
196.4116905235259
196.4116905235259
196.4116905235259
196.4132214268514
196.4132214268514
196.4132214268514
196.41517320422798
196.4154895755042
196.41886742530735
196.41853983474172
196.418474667935
196.41845664406944
196.41845664406944
196.41845664406944
196.41845664406944
196.41845664406944
196.41845664406944
196.41845664406944
196.41845664406944
196.4204772757759
196.4204772757759
196.42055062137047
196.42055062137047
196.42055062137047
196.42095821875512
196.42095821875512
196.42095821875512
196.42095821875512
196.42095821875512
196.42095821875512
196.42095821875512
196.42095821875512
196.42095821875512
196.42095821875512
196.42095821875512
196.42095821875512
196.42095821875512
196.42095821875512
196.42095821875512
196.42095821875512
196.42095821875512
196.42095821875512
196.42095821875512
196.42095821875512
196.42095821875512
196.42095821875512
196.42095821875512
196.42095821875512
196.42095821875512
196.42095821875512
196.42095821875512
196.42095821875512
196.42095821875512
196.42095821875512
196.42095821875512
196.42095821875512
196.42095821875512
196.42095821875512
196.42095821875512
196.42095821875512
196.42095821875512
196.42095821875512
196.42095821875512
196.42095821875512
196.42095821875512
196.42095821875512
196.42095821875512
196.42095821875512
196.42095821875512
196.42095821875512
196.42095821875512
196.42095821875512
196.42095821875512
196.42095821875512
196.42095821875512
196.42095821875512
196.42095821875512
196.42095821875512
196.42095821875512
196.42095821875512
196.42095821875512
196.42095821875512
196.42095821875512
196.42095821875512
196.42095821875512
196.42095821875512
196.42095821875512
196.42095821875512
196.42095821875512
196.42095821875512
196.42095821875512
196.42095821875512
196.42095821875512
196.75682878976923
196.75676712700363
196.75619885639654
196.75669097442864
196.75669097442864
196.75669097442864
196.75669097442864
196.75669097442864
196.75669097442864
196.75669097442864
196.75669097442864
196.75669097442864
196.75669097442864
196.75669097442864
196.75669097442864
196.75669097442864
196.75669097442864
196.75669097442864
196.75669097442864
196.75669097442864
196.75669097442864
196.75669097442864
196.75669097442864
196.75669097442864
196.75669097442864
196.75669097442864
196.75669097442864
196.75669097442864
196.75669097442864
196.75669097442864
196.75669097442864
196.75669097442864
196.75669097442864
196.75669097442864
196.75669097442864
196.75669097442864
196.75682878976923
