with mode=0, handoff cost coefficient = 1.0
185.61847426157178
185.62032919627794
185.62026674853905
185.67075603305477
185.77065635883534
185.76869421514112
185.7688056659773
185.78523578439274
185.9078727359236
185.9078994154431
185.90771003890913
185.91220944139096
186.06191039414986
186.05414625537583
186.053937642395
186.0540992878004
186.06429236917464
186.10707847537535
186.22828443899485
186.24523370648296
186.24955732192495
186.25922611317907
186.25919816905937
186.26234984700042
186.49140683525377
186.48419488339377
186.4841927617232
186.6979744074404
186.69641138824034
186.69592692632472
186.70459705093285
186.69765097977162
186.68423703158714
186.6562175467778
186.65630726150647
186.70459705093285
186.69967859426978
186.81198197704438
186.8122011695608
186.91447058193884
186.9437310630311
186.95181175024663
186.95186668634082
186.9518316114942
186.9539233537766
186.95769362740734
186.96413988585456
186.9642125337417
187.0612837040067
187.0609366109578
187.06206297192213
187.0621060250507
187.06405761243664
187.06430703892943
187.06728830891433
187.06911521176184
187.07401022289875
187.0721833200512
187.0721562263356
187.07209309100972
187.06954052275876
187.07401022289875
187.0748170670226
187.0754557518549
187.07547809329733
187.0762919809786
187.07597645898613
187.07692260858718
187.07782253178104
187.07847630928356
187.08751019055106
187.0875266551624
187.10151048567602
187.1075361290525
187.10773794062956
187.1083900272058
187.10858900127045
187.1456165378758
187.22211440656218
187.2227891270348
187.22621640198759
187.22624396964036
187.27481513792057
187.27566875041916
187.27631820932686
187.27721352865768
187.27879944844855
187.27925726292068
187.27933757340577
187.29133267372214
187.30348230052192
187.31633793262344
187.3163367262642
187.31535169014293
187.3153636866177
187.31444374739058
187.31633793262344
187.31634849631638
187.34443999904272
187.3454402562582
187.34621678546551
187.34626750276124
187.34601257359975
187.3462693622672
187.3463234124235
187.34638781163267
187.3470701097296
187.3702894585271
187.40906200965156
187.40931679872358
187.40938848667204
187.4482127431283
187.44793208119523
187.45065457104974
187.4686815984632
187.47046318126905
187.47299369728893
187.47323455973662
187.47323279932658
187.47681903606883
187.4818143782884
187.4834835446168
187.48375147575496
187.4838045872322
187.49290936158184
187.49282087206913
187.4938083202017
187.49414109936066
187.49398340922286
187.49483198414006
187.49554022063873
187.4965385449769
187.49654276275942
187.49660038742263
187.49683011842106
187.4975831496902
187.49758449868574
187.49762522927705
187.49762890096628
187.49763146257135
187.49766936843724
187.515690676995
187.51568932799944
187.51827204155407
187.51848115756934
187.52386290940518
187.52386352813383
187.52382535263752
187.52790093302502
187.5288375379397
187.52879998924172
187.52879892720304
187.52890886543977
187.52894641413775
187.54383954637532
187.54383689197488
187.5444238053018
187.54460430756907
187.58340789974096
187.58520171180203
187.58528584414643
187.58588445151275
187.58677939499017
187.58682229161798
187.58681631162648
187.58681736130853
187.58740727205875
187.5924959110907
187.5927369147959
187.59317838184293
187.59318308491183
187.59451064549918
187.59460611007106
187.59511609858887
187.59512481008056
187.59514339781967
187.59511673683386
187.6333359129011
187.63380985000003
187.63434778984652
187.6348817089854
187.63487242235885
187.637790099769
187.6378596628006
187.646543089119
187.64688614347662
187.64725610466908
187.6472513396808
187.64815767288468
187.6486031870421
187.64875075930718
187.64875313251218
187.64891140820347
187.6542417276157
187.66428654833024
187.68641721045827
187.68647249525563
187.68655340652896
187.68618663864646
187.6865583024994
187.71472456197148
187.71507570548948
187.71589858580387
187.71594186265122
187.71595457752443
187.71598406012453
187.7161074084966
187.7170254936496
187.71703125797308
187.72229258552773
187.72256778140576
187.72257878989114
187.72256985294933
187.72257225485725
187.72269628098692
187.72269733371004
187.72270008924974
187.7304679857278
187.73986868245706
187.7573137681354
187.7573097208224
187.75745526865734
187.7572370785204
187.7572489882347
187.7572418414285
187.75730415564342
187.75745526865734
187.75753254605317
187.75760933789186
187.765124762343
187.7651432740401
187.76516322898922
187.76519929755852
187.76519999333675
187.765240637858
187.7652942043722
187.76536282989355
187.76543265739392
187.76570688567432
187.7851596060932
187.78516051010453
187.78516301302017
187.7852062967328
187.7852075904719
187.78524677418585
187.78524832649018
187.79004392963523
187.8152334593566
187.81542238349914
187.8155579308921
187.81574396933127
187.81668356188158
187.8168616582577
187.8168249903938
187.8168733418175
187.81687345982812
187.81729326955482
187.81745405254478
187.81745527704956
187.8194631102826
187.83122653163736
187.8311881136375
187.83127805371095
187.8507315870618
187.85074016728225
187.85327361618747
187.85324747323168
187.85587976507364
187.8562875812683
187.86080150740696
187.8607986835393
187.8610071349027
187.86129378872806
187.86129547138341
187.86130948695043
187.86127099953472
187.8612152505625
187.861212609586
187.86219058076796
187.8624898238056
187.8624902331493
187.86250209474477
187.86339851753823
187.86335577465738
187.88280771573068
187.89148265413036
187.8914831574317
187.91667859384523
187.9204477021265
187.92059953486878
187.9206521172813
187.92059953486878
187.92435511455946
187.92461967678443
187.92461955775534
187.92458627091716
187.92459055565493
187.9440336140575
187.9440336093646
187.95158969567996
187.9628240221699
187.97691543400973
187.9768519235716
187.99091875623162
187.99958058518817
188.0102119076267
188.01021228610463
188.01120223152486
188.0112424601699
188.01124803442056
188.01586332603986
188.01586322738052
188.01599656454331
188.01660052753053
188.01664405680674
188.01674872143423
188.0173990127592
188.02100075425676
188.0210011698769
188.0210014653966
188.02100183274578
188.02100198884912
188.02101343649787
188.02104569257136
188.02112542154822
188.02120409403264
188.04640708176765
188.04832365108774
188.04832207822233
188.04844842923515
188.04848103385206
188.0486923244165
188.04906101739928
188.049938511832
188.0518278748729
188.052000001946
188.06371683075375
188.06372443560355
188.06386850203643
188.06396459454825
188.078028250912
188.0779611565469
188.07796118577795
188.07763364441442
188.0776872732068
188.07832894092053
188.07848727319794
188.07848885369378
188.07850357707497
188.07859764234075
188.07862688968282
188.07862728450016
188.07860615207807
188.07865097581072
188.07867317188737
188.07870001478284
188.08212552034027
188.0821334156397
188.0961725744423
188.09621673485825
188.0966274783241
188.09662689738556
188.09672247439744
188.1042353548837
188.10425797963572
188.10420646547243
188.1127163912535
188.1120268729651
188.1120302322944
188.11196216338914
188.11198748292787
188.11643230882135
188.11661522285596
188.11661526531657
188.11661527501212
188.11669755923867
188.11675244718708
188.116752518132
188.11676556036315
188.1171640799169
188.11715082420943
188.11715453399142
188.1171905188386
188.11711699404447
188.1171233864657
188.11726352445336
188.11728247523135
188.11740812076494
188.11740670006736
188.11758933050135
188.11764242734358
188.12935043274305
188.129592831416
188.1302843925203
188.13029785277263
188.13238937138175
188.13257904454468
188.13257812186015
188.13306461899475
188.13316120523956
188.13317209017922
188.13328022484643
188.13331891751722
188.13352585884638
188.15824224596855
188.16013596253035
188.16061351219827
188.16053877439933
188.1605502093592
188.18358713328882
188.18370312210163
188.1837456093446
188.1837776750598
188.20897049817222
188.22067913861375
188.22067927150647
188.22068045999498
188.22068726564373
188.2207078429309
188.2206673335722
188.22065525348984
188.22068960413722
188.22068975485863
188.22074863322428
188.22075901658667
188.22073065950974
188.2206683652444
188.24010166627528
188.24019443801706
188.24202889062508
188.2420563507381
188.24217150351564
188.24219160754274
188.24222595832424
188.2422403681051
188.24235962360652
188.24237251335106
188.24257094856893
188.24305288431634
188.24299298278817
188.24301613600284
188.24303389239984
188.24477888845786
188.24490283256623
188.24494067315908
188.2449850243997
188.244960368937
188.24807172536632
188.24835433782388
188.24835550793549
188.24988558317537
188.24983730311916
188.2498970778452
188.25421096104807
188.25423203850264
188.25451536157124
188.25486217668006
188.25486955638868
188.254869626086
188.2548496743179
188.25493133390052
188.25489472900605
188.25489996690067
188.25483776755559
188.25505870715008
188.25507218654568
188.2551553120007
188.2551675952949
188.25517753123836
188.25517740069193
188.25513909040586
188.25514704772542
188.2551675952949
188.255198970933
188.2559971084019
188.25601558789438
188.25753111243264
188.26724971855504
188.27427227984998
188.27427612930688
188.2743261563144
188.27559796404705
188.2756200052026
188.27562880123693
188.2757612125306
188.2757946277665
188.27582275295302
188.27582280674645
188.27582309384192
188.27658782427568
188.2765878409437
188.27659547846153
188.27659707716634
188.27659720342174
188.27661133593276
188.27668679648355
188.2766879622685
188.27668798294204
188.2766939777464
188.27669468682805
188.27770690468463
