with mode=1, handoff cost coefficient = 1.0
185.61847426157178
185.67921437032854
185.70820902933417
185.72723683486606
185.73457896528527
185.7434591502881
185.78325918217243
185.81783346506376
185.86149193697506
185.9197847389599
186.00156228193595
186.04959099635522
186.07426559560076
186.12489537740873
186.15303606379547
186.2030551487672
186.212212040784
186.2548847467508
186.26289554582405
186.27029835295858
186.34456554387756
186.3993366352666
186.41046815058286
186.4480241751865
186.51171861285727
186.549947204403
186.62456059897107
186.72941035787312
186.7306939419003
186.76084848122477
186.79477371574467
186.84323739754382
186.9004689721803
186.9257084702322
187.03160271216146
187.0800732421271
187.10291303258117
187.11231609629414
187.13883587080073
187.14500505938867
187.17545064166532
187.2140227714716
187.2188258979231
187.22982078576874
187.26359069023235
187.28429195671634
187.30941714958522
187.36695552534087
187.37173362610912
187.49327367530427
187.5071002050384
187.54117506313074
187.57772089144672
187.59598649443188
187.61911367758097
187.62740569556777
187.62959751568675
187.70471280262194
187.73422038000675
187.74060343168452
187.76731814975548
187.7909110299462
187.79480162735587
187.83477941471097
187.85514808342256
187.8570307511747
187.87407009522155
187.90386533616845
187.95184557968852
187.98242207338092
188.08088635809054
188.08305743736165
188.0992449729181
188.12164537927043
188.19102780830696
188.21488593797608
188.2216104556441
188.25006110519638
188.33799625520413
188.39019975565037
188.4216078601188
188.4634592006757
188.53277917612314
188.54419771273066
188.5441080342821
188.54413121383695
188.5632225137296
188.56611808054464
188.56931144856475
188.56858110756696
188.56982904275176
188.58431508969068
188.58860306422577
188.62252529984733
188.6428392096881
188.66897321390755
188.67447757656842
188.76003604401527
188.7955594424523
188.79522319566192
188.80009330624105
188.80662689847685
188.84711996082595
188.90327154465876
188.90282546854533
188.90391749105004
188.90983115354175
188.90717772670615
188.93984960941756
188.94253920425922
188.9473917665112
188.94591127804736
188.94451260886348
188.9690222124139
188.9720805970275
189.0276039998068
189.09439756929723
189.09381855942874
189.16991286423527
189.17730233900514
189.25079686536998
189.24958393118195
189.24933182385092
189.31357350538843
189.358061993866
189.37444826187624
189.37821195578084
189.3778593985295
189.39439159635563
189.40419043622043
189.43087201999955
189.45600509450958
189.45648085655225
189.45593319554968
189.45607508834738
189.47369167740612
189.49902790825178
189.49727345766863
189.54702636849095
189.5921194677426
189.63879430893053
189.6887964870037
189.74798461579215
189.87636161858845
189.88234521751968
189.9293984293221
189.94856923586605
189.97940427665787
189.99440879480198
190.09143781987422
190.09349494782558
190.1883820141882
190.22514895097572
190.2330167511637
190.2351697993457
190.245006795744
190.24412635505706
190.24475039624247
190.24491782682946
190.26676804073213
190.31235843390982
190.31273768151956
190.37135825145214
190.42361920655736
190.49929777947878
190.50398272818802
190.5418746136024
190.59359125221863
190.64903285564333
190.67091473144706
190.71626817243654
190.71522133000107
190.7150079649085
190.71732334155794
190.7810796711493
190.80825682513995
190.80847389756144
190.80857455858427
190.80754982166857
190.81051154943526
190.8167028355829
190.8191602063808
190.82094611926726
190.84922927589898
190.8499827881675
190.923284032915
191.02128602350479
191.08324093697658
191.11406594802196
191.1476835250047
191.18829427105112
191.19067006811503
191.19243434985063
191.19586254480586
191.21146683915168
191.2268648609304
191.2756122207789
191.29005511308623
191.33657085255453
191.33678099782634
191.33417797899878
191.33760306987858
191.41929892035486
191.42310962069865
191.42482891077518
191.45518561335726
191.4906103422092
191.51356652768013
191.59089705118697
191.66149654055613
191.70932166900698
191.74702477490732
191.74892875906923
191.76383909235466
191.8614002640496
191.9099363420872
191.95118635486654
191.9509565932283
191.95400389440596
191.97183715726737
192.03853709140895
192.05773675257254
192.05474884571427
192.05790958158926
192.10463252353307
192.153824034554
192.20193751029743
192.229264656767
192.22913741377724
192.22808299293027
192.24940843970248
192.26516557150399
192.26574915014766
192.30300179973273
192.30561523538626
192.34764344414302
192.37543433217627
192.39192711072326
192.4412284175272
192.44012974445877
192.44362611815055
192.45960299682065
192.4768953858361
192.4780471909124
192.5284542830281
192.56891329504208
192.59372057763483
192.5930025862419
192.60971200462015
192.60933051040297
192.61107833957033
192.629848123177
192.63036736548406
192.63011588597408
192.63111780464095
192.67214744727926
192.71780114950917
192.7163813941433
192.7178472534501
192.71662314456515
192.80484778697144
192.84365975868153
192.87918726697615
192.92502556078077
192.98944867180367
193.01150895610866
193.01147739948374
193.0087012242601
193.00694735190677
193.04429209493136
193.08910527911078
193.12127370076615
193.11972493604813
193.11930850015233
193.22249509580934
193.22302618993916
193.22454204790176
193.22780997980996
193.293352865138
193.3562160361509
193.3553609079045
193.38527181465543
193.38711969669873
193.3870228662309
193.4067359254035
193.4089917765801
193.45300395301425
193.4759523573396
193.53825267203433
193.5380030161837
193.59798595163625
193.59513074945966
193.66935124459818
193.69886518014255
193.7032438183502
193.73260576559795
193.73490944080106
193.76076387497005
193.76189534248851
193.80570577327848
193.84380416910184
193.86902425758728
193.88513600010813
193.88488747882553
193.898440671736
193.89959000402763
193.9020314425203
193.92170320523581
193.9805908932533
194.04189828187702
194.06760853968748
194.09176272151
194.09147494259824
194.0899503324219
194.09668119729488
194.10038813994174
194.1014294878464
194.11288117617187
194.11263690329378
194.11369716616264
194.1126950146982
194.13693235397614
194.20923343039834
194.28411909408493
194.28350840814466
194.28394216901575
194.2844176458883
194.2862582714652
194.32499767554418
194.32471364557165
194.32349274635115
194.3202988740656
194.34626104443706
194.34887185629748
194.36350230326855
194.38941174332615
194.3902388251566
194.40584242769893
194.4077202576862
194.4097406035625
194.43277308347592
194.43226801838694
194.43074401116334
194.44542752873096
194.45997522921027
194.47050603053924
194.47191577618273
194.48886254510347
194.48863893746255
194.48722497474216
194.51594270447995
194.5169399615296
194.55113339544954
194.54953391624366
194.564369076614
194.56509870651115
194.5631133881808
194.65261341521565
194.6642866799878
194.66357147880717
194.68063297081736
194.74998187265064
194.78295512278615
194.78662552970712
194.7877684448688
194.8118330773885
194.85874183435303
194.8570283366925
194.85814597224254
194.8973908322335
194.89913345281167
194.90125285289707
194.90382595205253
194.9181739043177
194.91916816201507
194.92341552279956
195.00260596410246
195.0029834232861
195.01394916826706
195.0116991331274
195.0395397290606
195.04067335468102
195.06548435090536
195.0923946206649
195.11862033206796
195.12054402083922
195.11856438866846
195.1169753648901
195.11776470458597
195.14438985414012
195.1446562704755
195.1804611215177
195.2044497429799
195.204397646933
195.2060272901015
195.20938803048077
195.20801606700672
195.2551206825678
195.25450167264714
195.25542041503365
195.28280155107922
195.29535923104257
195.2974807521828
195.32008960806144
195.32025966259994
195.34860743277764
195.3510520230389
195.36222596402826
195.43295169482414
195.43109994073038
195.45589886430392
195.47935631322807
195.48045937493396
195.4999867512027
195.52195995301602
195.57050441723538
195.5945271267077
195.61623594097819
195.61700997000352
195.61425215828277
195.6277385539472
195.65297390321206
195.65108339028384
195.6629389770156
195.6618500284418
195.66304214620752
195.66362824268091
195.66825641102812
195.70067632044703
195.7004393943175
195.72259946635262
195.72549416420168
195.78269292538454
195.78212541254254
195.78153146506835
195.80919357350024
195.81417707213544
195.82607443574506
195.84870415999106
195.84723151746311
195.8471513704563
195.8644294293229
195.8631354576381
195.89017777273762
195.89166731683542
195.9161229149703
195.9147031625796
195.9392947490925
195.94110842961373
195.96070593663472
195.95840851468805
195.95989753094779
195.97955070631963
195.97962224647955
195.9799848100842
196.00745969589295
196.0339185853303
196.08509922884377
196.0846914050512
196.08483783061533
196.13373255610358
196.13362310489913
196.1319395068139
196.15731820862808
196.18136106130893
196.19274251084227
196.2429663966703
196.26530085026562
196.2817497241981
196.2808377849355
196.30525828130808
196.35256781730402
196.4041916437031
196.41599301311166
196.44737274037536
196.44692019728615
196.44650059189837
196.47393437462136
196.47389061569072
196.50016110825848
196.52670540829826
196.55040518390524
196.54982535445436
196.56210454468447
196.5975228236931
196.59489784857183
196.59746246559797
196.6738083577806
196.6733321914621
196.67231273436462
196.67064027252187
196.69682979124693
196.6955548499113
196.7161961112443
196.71472654229035
196.76550708840892
196.79219565827015
196.7914402310218
196.7910915595355
196.81591205793342
196.83434596617323
