with mode=1, handoff cost coefficient = 1.0
173.78696467095477
173.85363031219654
173.8579110540759
173.91234661070857
173.9233917553427
173.95005852371963
174.00111669563375
174.0812565141026
174.08890203273603
174.103482915046
174.12734524757755
174.18237810079114
174.19888899007793
174.21162781234997
174.26173331586233
174.32383406355643
174.3385746954312
174.4093732111493
174.44604454515095
174.47672475433149
174.49891332988147
174.51507292003362
174.57485406423112
174.6249768324365
174.63819392665528
174.68132564176523
174.68932941677218
174.75946216323706
174.79375750017996
174.8114376106746
174.81980776011972
174.8860362066545
174.93877492840738
174.9437213042351
174.95242946079787
175.01536887340515
175.0250933990017
175.0383174848884
175.06159016108083
175.06109468933036
175.06329839730913
175.08322033590696
175.1343533881514
175.13616815152574
175.1438287704107
175.20969995689322
175.22690252343125
175.23936297952153
175.28302057855248
175.39141764040403
175.4647635830438
175.47969074460292
175.5201852125847
175.54640464630484
175.60631902645727
175.61286659671188
175.66420173801427
175.6696553544224
175.66941216909822
175.67891807686544
175.68592121083515
175.7911645983779
175.7933803197232
175.79388826960547
175.8417136588446
175.86130657257212
175.8594365644832
175.91110821145554
175.92104806802408
175.96994607997678
176.01105035440304
176.0393119968253
176.04228299470148
176.09659724010214
176.14841083839
176.21981381797107
176.22768231292903
176.24112685116737
176.31799475592288
176.32452546305032
176.32640330723945
176.37282858193183
176.4257247648279
176.44711511945448
176.4651884268211
176.46618314153775
176.58566119303197
176.59643849227194
176.60184098761712
176.60827726208834
176.62449309365067
176.72123709016074
176.71926121461632
176.71780009354669
176.7171386334934
176.72280854016043
176.76268108420788
176.76682052141146
176.7650862507515
176.78199287542668
176.78430836686454
176.81833801441783
176.86875566735125
176.87651281955013
176.90467964248367
176.90652902987173
176.9084819925709
176.95353059477878
176.9993098065445
177.01425137463207
177.02060784444677
177.0567587252213
177.06299399028174
177.06038066853654
177.10299587275065
177.11032528474925
177.12854885362722
177.1800238680749
177.18180648393133
177.1963737275642
177.19965357302468
177.22428727582144
177.23984102249938
177.2460703946067
177.24384980074768
177.26727538672324
177.2780587369749
177.2864061599928
177.3081695315086
177.34846591502597
177.3996515548617
177.40163647137217
177.43239080861525
177.43426403412613
177.455252687702
177.50055270428098
177.5509578166166
177.61185151589277
177.63456337301386
177.64900077731474
177.74664926015717
177.75343775855876
177.80871157608024
177.8146979741676
177.81446752532761
177.8632962125711
177.93396965752183
177.94648312885548
177.96870985415734
178.03759349924357
178.04033922186142
178.03973367573477
178.04897709134886
178.05121458865847
178.07243962065743
178.07982410451993
178.10975699440502
178.1309129629423
178.15289747466832
178.17575132224545
178.1787289832974
178.1827550724698
178.19159011283898
178.1901054278411
178.25249348143106
178.25716325857684
178.30655802101916
178.37206874933298
178.42948862559837
178.44536550153902
178.44789596845916
178.46666496230273
178.56781468452334
178.6096739633054
178.6072107735875
178.6086433661328
178.61006206210865
178.61037323127286
178.61868949648556
178.66595077539432
178.72535387679704
178.74347392592696
178.78971075947914
178.79458711585943
178.84919828065674
178.8715313237466
178.94183304887707
178.99377757589656
178.99402679511508
178.99570278338985
179.04940086055595
179.06687070596826
179.06538603977867
179.09581164065878
179.09684211685712
179.14883869857738
179.16912737680533
179.17168591966293
179.1794307012979
179.17897929244947
179.1812658211586
179.20316737448604
179.20462373688358
179.3447137222455
179.36360337442156
179.38338566763062
179.40507005566053
179.42737690275828
179.4269848454347
179.4283507551022
179.4778424842357
179.4957194187465
179.58647524864196
179.58506264435198
179.58600731281817
179.58912862579808
179.61551422141633
179.61779303474418
179.6641137420753
179.71457461605033
179.71531009973356
179.8115150434671
179.81513164803263
179.82166364906365
179.836963062135
179.834907970418
179.88140362467092
179.881610710852
179.89171972740866
179.894575442302
179.89843320204855
179.9591925871846
179.9742140007738
180.08276613231175
180.091508978886
180.11261979434212
180.13347763677268
180.15058376573123
180.15121705977555
180.19896371019732
180.19908932231465
180.24073359539983
180.24197184626144
180.24216976034847
180.24745970873832
180.25131383076112
180.25155722859049
180.2599985120108
180.25807571963577
180.31102707616785
180.313320328927
180.31547177592915
180.40685233768744
180.40400045089967
180.43152969332974
180.53244756383836
180.53337726986243
180.56337483199513
180.56622660520415
180.5795391567639
180.59270709124405
180.6434724433368
180.65668766190615
180.662375164961
180.7085679035858
180.72521344967987
180.73351950412675
180.73436159769375
180.77979941670242
180.7843011312266
180.78278610492092
180.790588784697
180.80029956285955
180.8098398149018
180.80720283475125
180.8081003677042
180.8111381001505
180.8178092104565
180.82159936355407
180.84334916935344
180.89426433301088
180.89595768696097
180.8952733773116
180.9219020228855
180.9230802880498
180.93674824162537
180.9381001338853
180.9397421466396
180.9640153346551
180.9628514433857
180.99314080197829
181.05507523469572
181.06287388517646
181.08573313861802
181.0926544984673
181.15300975328978
181.1565364117551
181.15792280573623
181.15665037620764
181.1575330327675
181.16950916260203
181.1677672955173
181.1682278519301
181.16999222727625
181.24012424705649
181.2365965196702
181.2834798524081
181.28538096535897
181.2992274760747
181.30114598353333
181.3016001806297
181.32006763509537
181.32172069747298
181.36982354871967
181.39142249881843
181.38857985553716
181.3939382512024
181.39691807320645
181.40072516385234
181.40207775473255
181.40147646149967
181.40985239457044
181.41055220174826
181.4291561998375
181.42853575931238
181.43561381339526
181.43529732563087
181.46438670592082
181.4734672133739
181.52427873963615
181.52672225008453
181.57177417715383
181.59148551774106
181.59892896569394
181.6002785520619
181.6005517770398
181.60140366397457
181.6010856036666
181.64705272547337
181.66612020129995
181.66713328667907
181.66827042611285
181.66810446259296
181.67288668311485
181.67358899596132
181.69758318963667
181.72430718425622
181.72520251474728
181.79708551080722
181.80387799083724
181.8037360130924
181.8308342565429
181.83271444235447
181.83356763924382
181.83450037744072
181.83854612136236
181.8390265063819
181.84212425636045
181.8513757088882
181.85752351022055
181.90237309361086
181.9014157398612
181.92260283280444
181.93485737122182
181.94132758538137
181.94086930409975
182.01196546806446
182.02927976941805
182.0312500452807
182.0594797251437
182.0857697581162
182.08297904443575
182.08344561966558
182.08489259452654
182.08432379091732
182.10555375838692
182.11052950246994
182.10702002469645
182.1137630514035
182.12660749479414
182.15762903978288
182.1674477294493
182.17387660649547
182.17268762184713
182.16907539075928
182.21938109539116
182.24017422207083
182.25385246136875
182.30075185664248
182.3016529809617
182.30670971972236
182.32497030210158
182.3451370611683
182.3870403316262
182.38890635842426
182.39173916814096
182.43845372197893
182.4384965740596
182.45618659971356
182.45808645019216
182.45756060462242
182.46857242891298
182.46862184717233
182.46849824551128
182.467403156684
182.46798706716163
182.46781433783576
182.48529093121408
182.51749240867142
182.51747050323402
182.5201019987019
182.5218561917349
182.5231415195016
182.52195010875292
182.52290956325055
182.54115388288633
182.54061279617804
182.54217928505597
182.55879527656282
182.57756132984696
182.57656112256814
182.58012929523133
182.58190614950894
182.58751969240512
182.63179113502602
182.63145466255807
182.64550673630958
182.65084807642816
182.649951866817
182.6551722460756
182.6545413782183
182.71837178766245
182.71753946792998
182.71717728503165
182.73823914168509
182.74259980778558
182.78560865923458
182.87304401721752
182.8741555610615
182.87502325006574
182.87958185264688
182.9284762367373
182.94316168728477
182.97571850347822
182.97737351642698
182.97844084306908
182.97704685559148
182.97733745630111
182.99130802676225
183.0512231556869
183.05324659861668
183.05427250980034
183.06748683873732
183.08393737986412
183.1020321273751
183.12589598584137
183.12538647695774
183.12432883682973
183.13906992397585
183.13795684779325
183.14557766471063
183.14706084449205
183.19422188403306
183.19833360799862
183.1974929392073
183.21641203991166
183.21641337178562
183.2244167943835
183.22331332996788
183.23298045228935
183.2313865213641
183.24844568206208
183.24845191871236
183.25269251810636
183.25487527337995
183.25684580111925
183.25886890034687
183.26001654970068
183.26589432193845
183.2904916516041
183.29096326198078
183.30097970926067
183.30088007621558
183.30212796845782
183.30405112173807
183.30316821105245
183.30007879770278
183.361419227836
183.36590850099657
183.36712598172323
183.36635256961497
183.38528479151088
183.40335690743416
183.4547540063969
183.45464459296693
183.45471780035004
183.4665376612224
183.46793949526537
183.46690235755554
183.4672345357296
183.47871302109232
