with mode=0, handoff cost coefficient = 1.0
173.78696467095477
173.7869631387059
173.77813099916517
173.82808214462761
173.8267172906243
173.82594465721704
173.82593968112795
173.8224143185727
173.82808214462761
173.8280591371387
173.83706190995574
173.8393760685046
173.84983992160673
173.85688096234588
173.85642458696793
173.8784582017708
173.8784600069924
173.87637985938417
173.88498563084707
173.90261773703043
173.90312990549484
173.9031346824726
173.90553858957932
173.90553911810326
173.92003881205093
173.92918047730663
173.94424898500537
173.9442508103705
173.95691211208742
173.95691231549893
173.96773003471353
173.9676222229454
173.96259206622142
173.96983460205925
173.97522618784092
173.97691386955282
173.97662330171423
173.98113782685058
173.98632206570952
173.98511096657563
173.98443294497682
173.9840147260042
173.99977613129377
174.0001999537106
174.00667656668216
174.03024517623453
174.03031971662665
174.03254876034924
174.0306226330634
174.05559715238843
174.0546923868364
174.05391136127452
174.05403613429803
174.05853881960016
174.05948048345243
174.05569858036841
174.0587621980724
174.0590365560663
174.05517815757375
174.25199430072615
174.29073776796838
174.2895003223842
174.3256911800395
174.3284235233601
174.32842692065842
174.33183671237177
174.33053601460517
174.33054169247717
174.3299374071982
174.33132834095971
174.33278863573557
174.33420258992695
174.33958555087816
174.33995351184672
174.33994593559515
174.33982391890936
174.34115885970104
174.34116946773693
174.37623715587418
174.41298147544163
174.41358201048726
174.41358356263922
174.61183341641876
174.6102678126351
174.62654517105972
174.62707834945985
174.710837580479
174.71127493323212
174.7130452786228
174.7258817248633
174.73840311058166
174.73838245182117
174.75226173196162
174.74971038136832
174.75086964041301
174.77854042569473
174.78080603796298
174.78160974793045
174.78255828485908
174.78567178571728
174.78485943074568
174.78505473843893
174.78718475238483
174.7860127798096
174.78596316477137
174.80368823206967
174.8036900465968
174.82027760376735
174.81932660692644
174.82756453643051
174.82392285849312
174.82523724867883
174.82511931082522
174.82523724867883
174.82887892661623
174.8559273935794
174.87031030279036
174.87065918566776
174.8748596976945
174.87659089709112
174.87694349821592
174.88127488389455
174.91681656666418
174.97046300916853
175.00620444477838
175.03352883362425
175.02993229387369
175.05696838989888
175.0569724378157
175.05335888064226
175.23636885563593
175.4207061619744
175.42065975478138
175.4225697594354
175.4228641887396
175.42436725312928
175.4245658076735
175.4252835750889
175.4226820060859
175.45824146517268
175.45651138746547
175.4565577946585
175.45730558243247
175.45633990865682
175.50950378380983
175.5107158843049
175.51571408564706
175.51295923750027
175.51445375265686
175.5143704737684
175.51280356163636
175.51571408564706
175.5170345299338
175.5174750740018
175.51688328338034
175.51723675389317
175.51727683864794
175.51750430372087
175.51893511462038
175.51986284638193
175.52178745298104
175.52180784355127
175.52181049139455
175.5223593146217
175.5221057900319
175.52307717548717
175.52433640359902
175.52523387388948
175.52855093074038
175.52907527285254
175.52856533034858
175.52857521536208
175.52877765549755
175.528795000124
175.52907527285254
175.52913191388834
175.52934817346488
175.52934911280752
175.52935009843424
175.52952565035852
175.5319585722663
175.53194513279183
175.5318240514594
175.53165224579357
175.5316530735313
175.5319585722663
175.5320175209682
175.53237151382316
175.5338367208774
175.533836858545
175.53383736127643
175.53398042683136
175.53404067188933
175.53404109185797
175.53404148321027
175.53472934383845
175.534848474627
175.5348485989205
175.54544210581165
175.54543402313487
175.54550730187037
175.5456914314418
175.54569891116725
175.5459593196056
175.54893345594914
175.54896885019556
175.54897160310034
175.5489380848227
175.55183273765212
175.5518536425805
175.5520795325251
175.5521158087242
175.555501580272
175.55547444480968
175.55984172112935
175.55991362593656
175.56012817362844
175.560209409631
175.5602094255764
175.56130284940528
175.5855889423771
175.58563199156623
175.58578190534257
175.58579125762103
175.58575019430972
175.5923792541478
175.59268087082043
175.59269965216862
175.5926554688806
175.5926554813377
175.59264875042555
175.59266359184446
175.59605290192226
175.59605585055772
175.5962819892573
175.59707219381193
175.5970607643281
175.59706060292604
175.60142003222686
175.60157373204163
175.60175096734798
175.62691755472713
175.62697383828595
175.62698782227534
175.62727926947156
175.62730474566416
175.62754703466604
175.62763904242806
175.62769063194446
175.62866504876408
175.6287676343024
175.62927762883197
175.62927765158085
175.62932557122997
175.6293607014052
175.62936086334938
175.63088409220947
175.6308489620342
175.63747559030978
175.63743894189744
175.6373788545021
175.66192804457427
175.6620105026134
175.66226075831995
175.66226253467036
175.66226254821
175.6622623137066
175.66226230390313
175.66226075831995
175.67485435540306
175.67494322598176
175.6749786030511
175.6750222514732
175.67502233695186
175.67503089401055
175.67504441388525
175.67509225201994
175.67522399646796
175.67522459070324
175.67522588015999
175.6754008858039
175.6811184887
175.68119681755113
175.68131615339612
175.6813161557884
175.6814102799507
175.68306034786278
175.68310065932036
175.6831006569281
175.68311558206497
175.68311560856768
175.683121393642
175.68312139570457
175.68323828712792
175.68324633204224
175.6833425325208
175.68334255596807
175.68341846611253
175.68485774204444
175.68498519564673
175.68498521004832
175.68498529400733
175.6853656298178
175.68536632057214
175.68536707340246
175.6853678325025
175.6854781061238
175.68585987615182
175.68597268293104
175.68597267974738
175.6860114475748
175.6861235984228
175.68612470442935
175.68611202968145
175.6861191871203
175.68611979821358
175.68781637636792
175.68786464290216
175.68786467619378
175.68786468392815
175.68787258742665
175.68787827144502
175.68799456489478
175.69017039281778
175.69017039300397
175.69052084276692
175.69052084414375
175.69127886108853
175.69127884856752
175.6914088366715
175.69141496119525
175.69148986826642
175.69149080507063
175.69174627854275
175.69176654404998
175.69177422947612
175.69181495337935
175.69696819036665
175.69729127464896
175.6972928104775
175.69780488126528
175.6978627273739
175.69784794674862
175.6978887330942
175.6979753119863
175.6979837285228
175.6980605787909
175.69814306714233
175.69814312583281
175.69816550156054
175.6981710810861
175.69819134354617
175.69988795208138
175.71248060756798
175.72427481527762
175.7243519666533
175.7243671984071
175.72445541504982
175.72452650045943
175.72456382749994
175.7248362630147
175.7248638429116
175.7248965544415
175.72551268365095
175.72743818774
175.73232295201086
175.7323234853874
175.7323617165686
175.73268081944772
175.73459416367155
175.73463662475012
175.73463934463246
175.73498326450698
175.73512683655463
175.73512470660705
175.7354183463359
175.73604385166908
175.7361202477033
175.73622542191634
175.7362116262174
175.73655030104553
175.74834660300712
175.75350259392616
175.75350259457818
175.75681280895864
175.758981883188
175.75898193714758
175.75912332673053
175.7591259195813
175.75912206902595
175.7591939513267
175.7591939645651
175.7592726791582
175.76064926332725
175.76113823066186
175.76114317770052
175.7611431880416
175.76114145617103
175.7611496710323
175.76115592251452
175.7611977366684
175.76289603683603
175.76289712761474
175.7629060893163
175.76289081100686
175.76289099247094
175.7629389812305
175.76301478807318
175.7630241080696
175.76302411107997
175.76333153334963
175.76335050480117
175.76504680489978
175.76503835746337
175.777601106769
175.7776051164422
175.77760515794034
175.77835178730965
175.7783518696526
175.7785294069405
175.7903164693268
175.79044352060342
175.79261469791854
175.79265995265905
175.79269333661182
175.79273106121548
175.79273331075504
175.7927340882346
175.7927411787809
175.79274722481858
175.7979099439235
175.81047301361272
175.81056205823177
175.81056207126917
175.8105621057563
175.81065125488738
175.81067971907268
175.81075528252984
175.8107717133548
175.8159383686978
175.81730161288345
175.81742170113193
175.81734179220643
175.8173331037579
175.8173374880497
175.817376462688
175.81754697464226
175.8189817777963
175.8190955041266
175.81916930966864
175.81927423288496
175.81933106015094
175.8194416723529
175.8195042849083
175.81871494369318
175.8187151816425
175.81872175807862
175.818734327996
175.8195042849083
175.8195240543299
175.8195614388968
175.81960192552498
175.81978143350545
175.81982598534407
175.81991403195684
175.81997331137296
175.8200089992072
175.82000912166217
175.82004575937492
175.82005375821066
175.82005376484113
175.82005382951718
175.81991221548776
175.82058613317523
175.8205877658289
175.82059264908372
175.82061706437688
175.82078279740406
175.82078284067185
175.82078960392036
175.82079435500472
175.82094623827388
175.8209462391047
175.82095959548346
175.82095996284133
175.82132079655887
175.82137314776196
175.82137959499576
175.8213799056274
175.82153078118768
175.82783912491328
175.82811477983313
175.82878414367383
175.82878415884568
175.82878550915507
175.82878553836466
175.8288306606824
175.82968092067895
175.82968092570013
175.8297117792058
175.82974950032033
