with mode=3, handoff cost coefficient = 1.0
173.78696467095477
174.12580699029562
174.3576040056867
175.6520551351325
176.81929539089623
178.03761446190268
178.62012272980252
178.7795827079658
178.86950298785717
179.01890832879624
179.54207226460798
179.77790862112016
179.98744201016567
179.98742442499923
180.16989133790207
180.22345379675323
180.69367444153522
180.7111672285776
180.71117636653202
180.742369164371
180.75192402904466
181.20790145922928
181.26594019857345
181.27036719634597
181.29038761984359
181.44193893673753
181.44519343739182
181.44507009897964
181.44399920780043
181.44399920780043
181.44399920780043
181.44673614920453
181.44696564362692
181.44716299784173
181.44783247250683
181.44786693285624
181.4613258961951
181.4613072337335
181.46065777851513
181.45276664778478
181.4691108077894
181.48345340250708
182.45437495785927
182.44306972481056
182.46117228847535
182.63316078526574
182.63338901480236
182.79530641097708
182.79608549392293
182.79606177142372
182.79608552375845
182.79757208123587
182.79757208123587
182.79757208123587
182.79757208123587
182.80001788082987
182.80284456262427
182.80231657468966
182.80446908358078
182.80464442286961
182.804857473556
183.06996174019196
183.07014762723952
183.1188186822431
183.11887199038887
183.11964708249354
183.11961285911778
183.11961285911778
183.12277102928965
183.12270333893986
183.12344169663527
183.1234524574664
183.1234524574664
183.1234524574664
183.1257746200973
183.16509095919668
183.16601443605586
183.16601818689568
183.1749793079343
183.17491182604041
183.17086234467405
183.17095384843572
183.17095384843572
183.17095384843572
183.17854942459041
183.17853494271571
183.17747736887202
183.17757648818625
183.17757648818625
183.19004514594926
183.1899804088779
183.1900521299824
183.1906228622782
183.1906228622782
183.1906228622782
183.19384929277857
183.2099183599645
183.2186381281116
183.21879571499733
183.22426092923791
183.22432958384354
183.2243966376741
183.22133273747522
183.22133273747522
183.22133273747522
183.22133273747522
183.22133273747522
183.22133273747522
183.22133273747522
183.22133273747522
183.22133273747522
183.22133273747522
183.22133273747522
183.22133273747522
183.22133273747522
183.22133273747522
183.22133273747522
183.22635016082364
183.22645465978064
183.2456270291549
183.2455121797069
183.23674646181883
183.23667860294086
183.23667860294086
183.23667860294086
183.23667860294086
183.23667860294086
183.23667860294086
183.23667860294086
183.23667860294086
183.23895238064335
183.24548117520072
183.24548117520072
183.24556332712683
183.24562035784294
183.24562035784294
183.24562035784294
183.24562035784294
183.24562035784294
183.24562035784294
183.24562035784294
183.24562035784294
183.24562035784294
183.24562035784294
183.24562035784294
183.24562035784294
183.24562035784294
183.24562035784294
183.24562035784294
183.24562035784294
183.24562035784294
183.24562035784294
183.24835760206204
183.24840259526542
183.24760788216727
183.24757043280087
183.24757043280087
183.24757043280087
183.24757043280087
183.24757043280087
183.24757043280087
183.24757043280087
183.24757043280087
183.24757043280087
183.24757043280087
183.24757043280087
183.25060869493166
183.2505945487685
183.25062947325029
183.25062947325029
183.25062947325029
183.25062947325029
183.25062947325029
183.25062947325029
183.25062947325029
183.25062947325029
183.25062947325029
183.25062947325029
183.25303362477712
183.25397292416545
183.2579631615319
183.2549360393486
183.2549353838244
183.2549353838244
183.2549353838244
183.2549353838244
183.2549353838244
183.2549353838244
183.2549353838244
183.2549353838244
183.2549353838244
183.2549353838244
183.2549353838244
183.2549353838244
183.2549353838244
183.2549353838244
183.2549353838244
183.2549353838244
183.2549353838244
183.2549353838244
183.2549353838244
183.2549353838244
183.2549353838244
183.2549353838244
183.2549353838244
183.2549353838244
183.25785547008326
183.25790018922967
183.25790018922967
183.25786587029611
183.25786587029611
183.25786587029611
183.25786587029611
183.25786587029611
183.25786587029611
183.25786587029611
183.25786587029611
183.25786587029611
183.25786587029611
183.25786587029611
183.25786587029611
183.25786587029611
183.25786587029611
183.25786587029611
183.25786587029611
183.25786587029611
183.25786587029611
183.25786587029611
183.25786587029611
183.25786587029611
183.25786587029611
183.25786587029611
183.25786587029611
183.25786587029611
183.25786587029611
183.25786587029611
183.25786587029611
183.25786587029611
183.25786587029611
183.25786587029611
183.25786587029611
183.25786587029611
183.25786587029611
183.25786587029611
183.25786587029611
183.25786587029611
183.25786587029611
183.25786587029611
183.25786587029611
183.25786587029611
183.260457840666
183.26070320832355
183.34067684361497
183.33981726358041
183.3396878509215
183.3397164274679
183.3397164274679
183.3397164274679
183.34213220463488
183.34306377032456
183.34306377032456
183.34190996563206
183.34190996563206
183.34190996563206
183.34190996563206
183.34190996563206
183.34190996563206
183.34190996563206
183.35240660872782
183.3501153431357
183.35014466729785
183.35184986859787
183.35445520463222
183.3544845908463
183.35518587650543
183.3556350466526
183.3567628917189
183.3567007734242
183.35729573632466
183.35729573632466
183.35729573632466
183.35729573632466
183.35729573632466
183.35925235377078
183.35929863568197
183.36006945014913
183.3600407598595
183.3600407598595
183.3600407598595
183.3600407598595
183.3600407598595
183.3600407598595
183.3600407598595
183.3600407598595
183.3600407598595
183.3600407598595
183.3600407598595
183.3600407598595
183.3600407598595
183.3600407598595
183.3600407598595
183.3620258191329
183.36194822043268
183.36206430437886
183.3620373342818
183.3620373342818
183.3620373342818
183.3620373342818
183.3620373342818
183.3620373342818
183.3620373342818
183.36728414685564
183.3672352474684
183.3672008504318
183.36810608981108
183.36810608981108
183.36810608981108
183.36810608981108
183.36810608981108
183.36810608981108
183.36810608981108
183.36810608981108
183.36810608981108
183.36810608981108
183.36810608981108
183.36810608981108
183.36810608981108
183.36810608981108
183.36810608981108
183.36810608981108
183.36810608981108
183.36810608981108
183.36810608981108
183.36810608981108
183.36810608981108
183.36810608981108
183.36810608981108
183.36810608981108
183.36810608981108
183.36810608981108
183.36810608981108
183.36810608981108
183.36810608981108
183.36810608981108
183.36810608981108
183.36810608981108
183.36810608981108
183.36810608981108
183.36810608981108
183.36810608981108
183.36810608981108
183.36810608981108
183.36810608981108
183.36810608981108
183.36810608981108
183.36810608981108
183.36810608981108
183.36810608981108
183.36810608981108
183.36810608981108
183.36810608981108
183.36810608981108
183.36810608981108
183.36810608981108
183.36810608981108
183.36810608981108
183.36810608981108
183.36810608981108
183.36810608981108
183.36810608981108
183.36810608981108
183.36810608981108
183.36810608981108
183.36810608981108
183.36810608981108
183.36810608981108
183.36810608981108
183.36810608981108
183.36810608981108
183.36810608981108
183.36810608981108
183.36810608981108
183.36810608981108
183.36810608981108
183.36810608981108
183.36810608981108
183.36810608981108
183.36810608981108
183.36810608981108
183.36810608981108
183.36810608981108
183.36810608981108
183.36810608981108
183.36810608981108
183.36810608981108
183.36810608981108
183.36810608981108
183.36810608981108
183.36810608981108
183.36810608981108
183.36810608981108
183.36810608981108
183.36810608981108
183.36810608981108
183.36810608981108
183.3695450490559
183.3695450490559
183.3695450490559
183.3695450490559
183.3695450490559
183.3695450490559
183.3695450490559
183.3695450490559
183.3695450490559
183.3695450490559
183.3695450490559
183.3695450490559
183.3695450490559
183.3695450490559
183.3695450490559
183.3695450490559
183.3695450490559
183.373457150749
183.37390314879582
183.3738566920498
183.37388973589702
183.37388973589702
183.37388973589702
183.37388973589702
183.37388973589702
183.37388973589702
183.37388973589702
183.37388973589702
183.37388973589702
183.37388973589702
183.37388973589702
183.37388973589702
183.37388973589702
183.37388973589702
183.37388973589702
183.37388973589702
183.37388973589702
183.37388973589702
183.37388973589702
183.37388973589702
183.37388973589702
183.37388973589702
183.37388973589702
183.37388973589702
183.37388973589702
183.37388973589702
183.37388973589702
183.37388973589702
183.37388973589702
183.37388973589702
183.37388973589702
183.37388973589702
183.37388973589702
183.37388973589702
183.37388973589702
183.37388973589702
183.37388973589702
183.37388973589702
183.37388973589702
183.37388973589702
183.37388973589702
183.37388973589702
183.37388973589702
183.37388973589702
183.37388973589702
183.37388973589702
183.37388973589702
183.37388973589702
183.37388973589702
183.37388973589702
183.37388973589702
183.37388973589702
183.37388973589702
183.37388973589702
183.37388973589702
183.37388973589702
183.37388973589702
183.37388973589702
183.37388973589702
183.37388973589702
183.37388973589702
183.37388973589702
183.37388973589702
183.37388973589702
183.37388973589702
183.37388973589702
183.37388973589702
183.37388973589702
183.37388973589702
183.37388973589702
183.37388973589702
183.37388973589702
183.37388973589702
183.37388973589702
183.37388973589702
183.37388973589702
183.373457150749
