with mode=0, handoff cost coefficient = 1.0
185.93381053094473
185.9558358088044
185.95878725221726
185.9881073123896
186.15546968466728
186.40510895074542
186.51222475740082
186.53506432416677
186.7853250189801
186.7854375036861
186.7886919050488
186.82480049268878
186.8332679083295
186.83172136067586
186.83911551580346
186.8488768613683
186.84999155542218
187.0292121172179
187.030234720204
187.02555452816526
187.02282708268928
187.04331833210114
187.11353261581792
187.34313356773822
187.34362424627955
187.33902647576284
187.37689791964615
187.37649357951153
187.3780634108164
187.38783980086714
187.3879636546228
187.54851257168565
187.54207966249527
187.7051717490508
187.69575758486553
187.69386053608892
187.70356234128303
187.6918064272306
187.7051717490508
187.70551459518376
187.70567988765308
187.78419039376917
187.78475423493228
187.7888774517633
187.78332195097045
187.78994062086457
187.78799590923092
187.78994062086457
187.78995409547383
187.8296515189366
187.8299529894934
187.82585989301862
187.82592355695897
187.82702421776173
187.82971997395435
187.83366469739138
187.83149782750962
187.83204964860778
187.85230017141504
187.85563645421627
187.86013036852648
187.8627663506224
187.93707938893266
187.93079218032477
187.93419883233577
188.05008184708328
188.0536673123977
188.05582574220097
188.06138863796627
188.06150693111348
188.0617293484766
188.06135085879959
188.0614336301859
188.06152545404794
188.0735269139935
188.0639434505383
188.0641025773272
188.06608223316542
188.06862844535536
188.0735269139935
188.07494651150475
188.0750266806533
188.07509701156874
188.0759433277097
188.13346544287387
188.13350497299263
188.13589946817308
188.13649544266605
188.1383795621179
188.13853197002888
188.13935967267153
188.14352161367395
188.14429122219218
188.144197163184
188.14382447145368
188.14382506824978
188.1455384618693
188.21132476992307
188.24663584825674
188.24673932922997
188.24672939009974
188.24717444063202
188.24731461753245
188.24800017335616
188.2479580327997
188.2482887360501
188.2488312002156
188.26470104106284
188.26570133416496
188.26583001281088
188.3044453492883
188.30479648037357
188.3048498903104
188.30654959651162
188.30679976943054
188.30739500445316
188.30799011385616
188.30776041947573
188.30585205138124
188.3059026222938
188.30672873163581
188.3081299472119
188.3077990761122
188.34993386017226
188.34992364300956
188.35628867793537
188.35639424470668
188.3619872452412
188.3614318304992
188.3608061949545
188.3617178135429
188.37664138117458
188.37706686476275
188.37726772817297
188.37787414375697
188.37804586898625
188.37812147833273
188.37821326167767
188.43515801491452
188.43652250351715
188.43948640289818
188.4406186815865
188.44084612813953
188.44270111659358
188.45588383931204
188.45676964984608
188.45826204591413
188.45828955553185
188.52382495744757
188.5238463737736
188.52458518552248
188.5263422871755
188.52656839045483
188.52659495361036
188.5301274947763
188.54198843817966
188.58411275840473
188.5836934592901
188.61953403870035
188.61973472962399
188.61970502362516
188.61809461297014
188.6192500529384
188.61934192157378
188.61973472962399
188.62084364527743
188.62106704049867
188.62110270950492
188.62178190749498
188.62194075330584
188.62214977676837
188.62218679377844
188.62228473024362
188.62292571014385
188.62294079620548
188.62439256531354
188.62469156085834
188.62471371849946
188.62493867362295
188.62512676844108
188.62711701862554
188.62713233145507
188.6271527869559
188.6272209868252
188.62734807569274
188.63467809036422
188.63425895038682
188.63415910845805
188.63469770349127
188.63493483961736
188.63507792830177
188.635516792594
188.6369363135782
188.6369944854968
188.63702323403763
188.63706758232297
188.63739039381883
188.65658663352187
188.67615542882217
188.6764409147827
188.6764949430111
188.67655799391787
188.6764709895043
188.70904037792224
188.7091037563863
188.70941173919283
188.71071796907978
188.71081903873986
188.71082835280967
188.71084605376134
188.71083986079745
188.71114450861918
188.71192419497513
188.71186899327202
188.71187173912202
188.71187841392845
188.71182991273324
188.71192419497513
188.71191581856473
188.7264519129721
188.7369979777939
188.73703081636387
188.73696549195242
188.73714868807158
188.73715371232936
188.73716254221068
188.73735775262207
188.73771481718737
188.73783681730038
188.7523221718144
188.7523974848069
188.76901796544627
188.7689813128724
188.76922037236434
188.76945606755152
188.76955169319479
188.769799550041
188.76980947603826
188.77018096553186
188.7702634254941
188.77047905934353
188.7705131020454
188.77047905934353
188.77047936777595
188.77049493346684
188.77049760648487
188.7705131020454
188.7709842074577
188.77104928535474
188.7711075127133
188.771279863769
188.77128847172915
188.7712903828464
188.77129818374559
188.77145869973975
188.77155959914336
188.77162946867318
188.77161340877458
188.77302877400328
188.77304807994972
188.7731677262239
188.78041330279922
188.78482468816503
188.78491302895725
188.784990877182
188.78500936168962
188.78539421141235
188.78544018922202
188.78544070795994
188.78544104052278
188.78550267433118
188.78735443758237
188.78739927321763
188.78740377923202
188.78743441980015
188.7873647198769
188.7874311490725
188.7927025085156
188.7927079255182
188.797040367281
188.7970184264401
188.79702351640094
188.79702606438423
188.79702714164523
188.80193333096784
188.80720529795988
188.8072133624839
188.80729208858978
188.8073067024756
188.8073177214376
188.80732039906627
188.8073075628112
188.80733490699978
188.80739465530104
188.80749628927853
188.80749976715822
188.80750057112027
188.80750308045663
188.80752409026496
188.8075265283962
188.80752874105815
188.81436871262696
188.81441648480592
188.81446211089266
188.81452573536163
188.81488867894998
188.81490142742345
188.81495570128973
188.81493202511703
188.8152694811898
188.8153679798635
188.81716221278717
188.8175419861479
188.81756383355685
188.81750787501093
188.81751878400246
188.8175710675916
188.8175831918009
188.8176461871414
188.8176395732457
188.82464979339053
188.82465773695859
188.82466636325023
188.8246405195145
188.82465363334637
188.82468302118923
188.82477918129354
188.82484602916202
188.82485883257561
188.82486626635603
188.83013960635196
188.830114654164
188.83010927958077
188.83025816004238
188.83042668546818
188.8304973877805
188.83060036882256
188.8321116738411
188.83211980117363
188.83212357208353
188.83216113428878
188.840481078441
188.8404934879174
188.84053434395187
188.84074852574537
188.84074996480638
188.84075116149475
188.840752111878
188.8410978920041
188.84110485923955
188.8412445450376
188.84125372426243
188.84136085486807
188.84147535180534
188.84181280268717
188.84314492923548
188.84322943287202
188.84330391751132
188.84330450942784
188.84330585525112
188.84334468275327
188.84767148991605
188.84767865043202
188.8481067957763
188.84818459427422
188.84828276707898
188.84828318525027
188.84828433246093
188.84828517086814
188.84829263948802
188.84829427006449
188.8482935106546
188.84829469366062
188.84830366879262
188.8566201416207
188.85662769137033
188.85663021458654
188.8566387835579
188.85668219364717
188.85668390892113
188.8649970626318
188.86501105541464
188.86501192055266
188.8650681664394
188.86689557862906
188.86691745854708
188.86691927507695
188.86692386257204
188.8669330009247
188.86693301592157
188.86874072463948
188.86874194186495
188.86887382692362
188.8689337202446
188.8689337217246
188.8689399542044
188.86894166459794
188.8689432069443
188.869120819157
188.87089645520587
188.87089680512852
188.87091816402005
188.87579858020086
188.87580853074004
188.8758648963286
188.88074511777793
188.88075321103187
188.88075729900558
188.88082883169648
188.88083458345795
188.88083682320863
188.88120829310765
188.88121208693306
188.88648533486497
188.88654963911245
188.88669811025034
188.88710361650752
188.88710515258697
188.8918824216849
188.8919031257367
188.8919739092649
188.89200502590108
188.89203174241072
188.89204609794064
188.89206873403094
188.89210437439976
188.89211828266372
188.89213002636654
188.8921313116167
188.89357232300472
188.89360644415936
188.8936074265086
188.89360768565894
188.89361090305596
188.90086826940774
188.9009090435161
188.90091010910112
188.9009179991132
188.90092910722657
188.90095505277057
188.90095406090978
188.90095481926286
188.9009579910557
188.90239314664495
188.9023963792032
188.90239532095637
188.90222203366088
188.90222368554112
188.90659359285058
188.9066323677829
188.91190198899375
188.9119152737804
188.91332349294362
188.91333566178403
188.9134160495993
188.91378008058004
188.91378742808732
188.91379718070445
188.91379932923417
188.9217535267345
188.9217606990257
188.92176750122826
188.92176797608272
188.92184630541675
188.9218557656897
188.92185251755564
188.92193847442508
188.92193054025626
188.9219405363466
188.9233644830976
188.92475582462748
188.92480956745047
188.92492583149965
188.92492718632263
188.924915167822
188.9264864459754
188.92649412355152
188.92652793182123
188.9265291100904
188.9265462834033
188.93137546443813
188.93137565963968
188.93141514388975
188.93141616760394
188.9314654179004
188.93635129129112
188.93641129528348
188.93641263126256
188.9364716130571
188.93649618342351
188.93650322885242
188.93663363473624
188.936637185362
188.93672595646342
188.94505151741316
188.94512701529962
188.9451272297909
188.9451302860799
188.94511066127802
188.94509940971818
188.94512701529962
