with mode=1, handoff cost coefficient = 1.0
185.93381053094473
185.96214116182023
185.98511150265816
185.9954997930333
186.0683648387713
186.11150019916744
186.12507394473295
186.140507826305
186.15048184117222
186.1742121617911
186.21651119907455
186.22931455453536
186.25617567516855
186.2770573644088
186.29074924785704
186.3199559570271
186.32218269470235
186.3651309537839
186.3915023548101
186.4742302484682
186.5280542206614
186.56964890970937
186.57764787736838
186.59242477440117
186.6655145766137
186.76660581153516
186.76989307418444
186.7968156495101
186.85331775708303
186.92398208523582
186.96186341831591
186.9976546080567
187.04441863251236
187.09525208122233
187.14760577724198
187.15182545066446
187.1681521884254
187.19615946801127
187.2282951571246
187.246014846653
187.2754858992903
187.27737369483953
187.32773576072998
187.34565890161892
187.39410459326797
187.40104161354523
187.4210368677136
187.43073414360873
187.43069344522817
187.4709742225691
187.50497204706443
187.52554206892205
187.55631394959752
187.58490011257155
187.65199689928502
187.65294606080622
187.66672500289815
187.7261793595546
187.76838780530625
187.78941914524066
187.78807862810342
187.8248818015761
187.87819139360812
187.94545171533213
188.0027582796756
188.06425149075443
188.0927134097246
188.10608356135813
188.10768261638492
188.1360345679735
188.16922151626807
188.17336080397703
188.1735083038741
188.23059916315526
188.23205906055458
188.24154572237148
188.25303991264434
188.2838567114219
188.29184156888323
188.34515400436965
188.4302682228711
188.44279810822832
188.49347838610925
188.49283700792338
188.51030727351667
188.55512751219445
188.58851822558375
188.60573862180723
188.62504540271536
188.65190245907414
188.6770056329229
188.72298173423567
188.76085886515963
188.76314536115996
188.76859948054317
188.77047318363697
188.80159001334073
188.82187081942368
188.8255513315903
188.83006403478154
188.83201422667807
188.8780914874088
188.90652600705494
188.95733394696973
189.00213342657224
188.9951055402937
188.9949297386834
189.03150242755927
189.10342743095643
189.12286311529593
189.16725732869975
189.22999308402186
189.2473988711794
189.24974604336217
189.25060585295427
189.32162866107873
189.34729291637177
189.35039612048305
189.3676074454411
189.3674049022511
189.36924713274536
189.38697785209504
189.41320494947405
189.42927371866267
189.44487306734268
189.48152949178697
189.4770968589994
189.5277295538517
189.56339817281773
189.5884110413213
189.60843658373497
189.61144317601463
189.6651346666484
189.6958235969351
189.7334391871886
189.76709379836058
189.82901172771568
189.8307170208757
189.83653572422682
189.84321010157697
189.85091074868134
189.86884520681107
189.90536234871158
189.90505800783998
189.9052600732433
189.90926043788542
189.93597900741526
189.93397814769142
189.93536287329258
189.95631423857117
190.00895291314237
190.01544888417618
190.0161997691161
190.01560883024663
190.01557109786404
190.0406651436748
190.09091146874712
190.08861440854147
190.12752742918263
190.13141776660774
190.15856635271226
190.19431041326504
190.2561491580247
190.28426426818388
190.31469994098154
190.38179756793238
190.38510545105854
190.3839923049972
190.3866455075325
190.4406726789744
190.44485130778304
190.4871605971697
190.48514494546487
190.48640623999609
190.48743366186545
190.50336320074948
190.5198154046836
190.5208799473481
190.52237445144937
190.54328995281261
190.56315171589284
190.56688962184933
190.59060267838584
190.6295669475491
190.63359882558757
190.66612678189534
190.69615137733936
190.7004330964627
190.70472322768146
190.73576056032
190.7949006852689
190.79393010235768
190.81278611097645
190.8293062760921
190.8450165384705
190.84332847362407
190.87993034425415
190.92151281044318
190.95733813918915
190.96343962477474
190.99115279976806
191.01368022007833
191.04207870347946
191.07509957126078
191.1059740672438
191.18844173853472
191.21885900140396
191.27250254424703
191.3045771838153
191.30733772256679
191.33925185030256
191.3619539392244
191.37860319283283
191.41188706298817
191.41024799539645
191.41259658815088
191.43425609214768
191.43157597385485
191.46072119242837
191.45984349784322
191.4914539083234
191.51167675437523
191.54118574599372
191.59253726175518
191.59481979303195
191.59389785561305
191.59279120708823
191.59385899426664
191.60099447738926
191.65315928717908
191.67141303413052
191.69109912627988
191.7389092531934
191.8069850961062
191.81252628976145
191.81373738448167
191.8178019090308
191.83737460066047
191.8352348784197
191.84017241643426
191.85691418703888
191.85899295375023
191.8753391066884
191.87797433048206
191.94572662462792
191.94874098430378
191.97217619492955
191.99066068009859
192.00661161724142
192.0101907125402
192.02665417061806
192.02793121611833
192.0442862611306
192.08002403161674
192.0842700776327
192.11458263943064
192.16270318429278
192.21518411958894
192.23034066095002
192.22916643427817
192.26076668067157
192.30390332771861
192.30438373123297
192.32188501416056
192.341730231322
192.3606489732361
192.37238938773606
192.3865695434679
192.40679771985177
192.4230030466648
192.45743089058718
192.48533323843287
192.5173205539581
192.54612735276436
192.5469483207428
192.54687226375728
192.54844632577067
192.61249692134865
192.6310604641067
192.65180793300823
192.6525031796629
192.6739173171276
192.675636454872
192.69566112015633
192.74360157766796
192.79366240433342
192.7939810419619
192.81068802185095
192.86907645172013
192.87277917057406
192.92158594461395
192.95337337049884
192.95434960161126
192.95420222378033
192.98564366060816
192.9898445405612
192.99085538407328
192.99526629340613
193.07228102320965
193.09081934358062
193.0896591749899
193.0820721638851
193.0828292345134
193.08593264948908
193.09081934358062
193.1086835275768
193.1183471375787
193.13564629486058
193.13793386283652
193.15313268869497
193.16270333846853
193.1770800401199
193.17807379894708
193.17773401611925
193.1771221359077
193.18610817338237
193.2277617867544
193.22719902182362
193.22864669032103
193.22902018044863
193.2288844764952
193.228997703516
193.25424099322603
193.2538555462011
193.26310481222708
193.2710378069615
193.27086149706716
193.29616921849785
193.305978231955
193.3078279674305
193.30878968424025
193.31008450002048
193.31970701483044
193.32786829332392
193.33557474972744
193.33534583528862
193.3543739681469
193.35362333169078
193.35391108369683
193.35619420413155
193.35666590104577
193.35758998024215
193.3570898164984
193.37960739432833
193.3811245941494
193.38159790147182
193.38127520826401
193.38937666020223
193.38969493898887
193.40555178961213
193.42278647300668
193.43706602432002
193.44766346438422
193.44764482746095
193.4557836797022
193.48087111573372
193.48115184608153
193.48151989613865
193.4809089901691
193.4807279282739
193.48026204042293
193.49733556801047
193.51673098901296
193.51656860638465
193.51579783757404
193.5323623302711
193.54180551815043
193.54210403543956
193.54262816113763
193.54262804355625
193.542929893041
193.54398021591777
193.54394561793865
193.54421050581598
193.54444962435528
193.54652873610058
193.5723803282651
193.57338748852703
193.58132792038887
193.5807293939036
193.59765439131013
193.59741508791095
193.59709927617948
193.6120220174156
193.61150436624737
193.61910015574264
193.61952999602153
193.63559435951808
193.63587625143222
193.63703141598717
193.63694940030373
193.64452935140494
193.64443220405434
193.65522816536486
193.66512559899832
193.66490857006926
193.66544273666204
193.68996597535207
193.699085422169
193.70869847699407
193.70829686820343
193.70825772674377
193.70777220896795
193.70763456487538
193.7092069329376
193.7190054167236
193.71953792667992
193.73731832664743
193.7583328782103
193.77834929097983
193.77947555126295
193.7782987476206
193.7799360727446
193.79459286912464
193.8022874512956
193.8119556632526
193.82679714473932
193.84057712998003
193.8412323585497
193.84962926962274
193.85016729785355
193.86665084923973
193.8681176252358
193.86838822150781
193.882369842972
193.88269986897117
193.8829801682643
193.88295168321082
193.89041124946365
193.90581335492286
193.90584888306552
193.90590429553959
193.9053971216313
193.92273094397865
193.9296391509751
193.94718154915083
193.95483061805737
193.95449304311367
193.96142140095336
193.96193452198068
193.96996541949605
193.9841504602668
193.9921949610905
193.99248811675042
193.99346477913195
193.99356259804506
193.9931166470455
194.0006830909424
194.0006772085655
194.009521483068
194.01719728967242
194.02612051397065
194.02521180415675
194.02547547281836
194.02537000261432
194.02609169139532
194.03665842839294
194.04577249839707
194.061407697596
194.07159051852233
194.1047617172901
194.1128736536021
194.13096441323216
194.1374345414016
194.1370208417858
194.13795551938108
194.14580295658925
194.14470021740993
194.14524464983725
194.14495842191687
194.14481772166687
194.1519044677592
194.17626939873526
194.1771304196326
194.1771999118248
194.18396853642554
194.18507745049806
194.1855219694936
194.18595540847645
194.1964579066364
194.19674618756585
194.19778342940336
194.2139294164949
194.21427173395742
194.2139553510791
194.22156237045044
194.2212541310142
194.22165899140342
194.23747435375867
194.25220096180092
194.25886084327925
194.27560664981354
194.27551023381372
194.2834798567725
194.30094328793788
194.30844753876562
194.31572285651805
194.3155502680513
194.3223873329174
194.32220775008403
194.3223873329174
