with mode=3, handoff cost coefficient = 1.0
185.93381053094473
186.72857098921278
186.72747815211355
187.30524914518313
187.30476100994264
187.35858020684694
188.11775631439923
188.1810079008399
188.48455726634032
188.4801502593703
188.48370057217903
188.5107945628666
188.5951654511904
188.60029254724083
189.26381680934094
189.38198330317226
189.3826633973231
189.388151779749
189.84024325798862
190.34517105127827
190.34782705434984
190.3482834247233
190.35235050595264
190.69972217743555
190.70084725174667
191.07165222593625
191.08374927055357
191.1095524567407
191.52115138387035
191.52135373678854
191.77745751486998
192.26578213071545
192.26859294140704
192.26982348191936
192.2197841233136
192.2197841233136
192.2197841233136
192.2197841233136
192.2197841233136
192.2444555417415
192.2444555417415
192.7289624222138
193.2794251770623
193.2785309309288
193.28094919839148
193.27785724542383
193.34700812368825
193.7528504733828
193.74970414746312
193.74900977321244
193.78738899899622
193.79191996605402
193.78283970798248
193.79026631400154
193.79026631400154
193.79278691401868
193.79395660232436
193.79395660232436
193.79395660232436
193.797952980755
193.79776646011013
193.79914112899388
193.79925288130352
194.18236551648508
194.19373983833543
194.19292566027852
194.19600536389717
194.20914336774243
194.20604259055352
194.20712483870994
194.53103745779958
194.53151869893875
194.53012106499497
194.5348686457721
194.53788311715115
194.5413346588968
194.53478527190802
194.53478527190802
194.53478527190802
194.53478527190802
194.54929727210254
194.5493484650138
194.54845683510578
194.54437733991747
194.56660993395204
194.57859687765864
194.5791369199576
194.57829525469526
194.58268245867617
194.60422187291616
194.60820362620987
194.6094868151074
194.61242376510518
194.61141487648217
194.6112089902478
194.6112089902478
194.6112089902478
194.6112089902478
194.6112089902478
194.6112089902478
194.6112089902478
194.6112089902478
194.61838784419865
194.62057172875996
194.62112392345676
194.62294898744392
194.6360575261443
194.63485715013937
194.636312332777
194.63386744046892
194.63386744046892
194.63907877751927
194.63907877751927
194.63721988061175
194.63721988061175
194.63721988061175
194.63721988061175
194.63721988061175
194.64136564876534
194.64136564876534
194.6429398888383
194.64557527034785
194.64665109222307
194.64688660059122
194.64688660059122
194.64761699466072
194.64761699466072
194.64761699466072
194.64761699466072
194.64761699466072
194.64761699466072
194.64761699466072
194.64761699466072
194.64761699466072
194.64761699466072
194.64761699466072
194.64761699466072
194.64761699466072
194.64761699466072
194.64761699466072
194.64761699466072
194.64761699466072
194.64761699466072
194.64761699466072
194.64761699466072
194.64761699466072
194.64879747439784
194.64910510291202
194.64947234628366
194.65148371635206
194.65172911542587
194.651279787708
194.65263017949704
194.65263017949704
194.6582040157635
194.65735896601834
194.6588051566924
194.65778225545986
194.65778225545986
194.6596275245994
194.66377331664052
194.8278311794732
194.83510150504117
194.8324848342951
194.8338967279628
194.84281304116118
194.84336545603162
194.838697560369
194.85536046209623
194.85496498258127
194.85159666420313
194.84658992465504
194.84658992465504
194.84658992465504
194.84658992465504
194.84658992465504
194.84658992465504
194.84658992465504
194.84658992465504
194.84658992465504
194.84658992465504
194.84658992465504
194.8496793544316
194.84972449853902
194.84972449853902
194.84972449853902
194.84972449853902
194.84972449853902
194.84972449853902
194.84972449853902
194.84972449853902
194.84972449853902
194.84972449853902
194.84972449853902
194.84972449853902
194.84972449853902
194.85322145225433
194.85322145225433
194.85322145225433
194.85417239715036
194.85417239715036
194.85417239715036
194.85417239715036
194.85417239715036
194.85417239715036
194.85417239715036
194.85417239715036
194.85417239715036
194.85417239715036
194.85417239715036
194.85417239715036
194.85417239715036
194.85417239715036
194.85417239715036
194.85417239715036
194.85417239715036
194.85417239715036
194.85417239715036
194.85417239715036
194.85417239715036
194.85417239715036
194.85417239715036
194.85417239715036
194.85417239715036
194.85417239715036
194.85417239715036
194.85417239715036
194.85417239715036
194.85417239715036
194.85417239715036
194.85417239715036
194.85417239715036
194.85417239715036
194.85417239715036
194.85417239715036
194.85417239715036
194.85417239715036
194.85417239715036
194.85417239715036
194.85417239715036
194.85417239715036
194.85417239715036
194.85417239715036
194.85417239715036
194.85417239715036
194.85417239715036
194.85417239715036
194.85417239715036
194.85417239715036
194.85417239715036
194.85417239715036
194.85417239715036
194.85417239715036
194.85417239715036
194.85417239715036
194.85417239715036
194.85417239715036
194.85417239715036
194.85417239715036
194.85417239715036
194.85417239715036
194.85417239715036
194.85417239715036
194.85417239715036
194.85417239715036
194.85417239715036
194.85417239715036
194.85417239715036
194.85417239715036
194.85417239715036
194.85417239715036
194.85417239715036
194.85417239715036
194.85417239715036
194.85417239715036
194.85417239715036
194.85417239715036
194.85417239715036
194.85417239715036
194.85417239715036
194.96445383890438
194.96421440236105
194.96617079960706
194.96519858486894
194.96519858486894
194.96519858486894
194.96519858486894
194.96519858486894
194.96519858486894
194.96519858486894
194.96519858486894
194.96988937081375
194.97002345958018
194.96947142661674
194.9697807440865
194.9697807440865
194.9697807440865
194.9697807440865
194.9697807440865
194.9697807440865
194.9697807440865
194.9697807440865
194.9697807440865
194.9697807440865
194.9697807440865
194.9697807440865
194.9697807440865
194.9697807440865
194.9697807440865
194.9697807440865
194.9697807440865
194.9697807440865
194.9697807440865
194.9697807440865
194.9697807440865
194.9697807440865
194.9697807440865
194.9697807440865
194.9697807440865
194.9697807440865
194.9697807440865
194.9697807440865
194.9697807440865
194.9697807440865
194.9697807440865
194.9697807440865
194.9697807440865
194.9697807440865
194.9697807440865
194.9697807440865
194.9697807440865
194.9697807440865
194.9697807440865
194.9697807440865
194.9697807440865
194.9697807440865
194.9697807440865
194.9697807440865
194.9697807440865
194.9697807440865
194.9697807440865
194.9697807440865
194.9697807440865
194.9697807440865
194.9697807440865
194.9697807440865
194.9697807440865
194.9697807440865
194.9697807440865
194.9697807440865
194.9697807440865
194.9697807440865
194.9697807440865
194.9697807440865
194.9697807440865
194.9697807440865
194.9697807440865
194.9697807440865
194.9697807440865
194.9697807440865
194.9697807440865
194.9697807440865
194.9697807440865
194.9697807440865
194.9697807440865
194.9697807440865
194.972066643181
194.97351779511328
194.97394354551955
194.97415010384523
194.97515178298636
194.97515178298636
194.97515178298636
194.97515178298636
194.97515178298636
194.97560031363125
194.97560031363125
194.97560031363125
194.97560031363125
194.97560031363125
194.97560031363125
194.97560031363125
194.97560031363125
194.97560031363125
194.97616305491158
194.9763400415344
194.9763400415344
194.9763400415344
194.9763400415344
194.9763400415344
194.9763400415344
194.9763400415344
194.9763400415344
194.9763400415344
194.9763400415344
194.9763400415344
194.9763400415344
194.9763400415344
194.9763400415344
194.9763400415344
194.9763400415344
194.9763400415344
194.9763400415344
194.9763400415344
194.9763400415344
194.9763400415344
194.9763400415344
194.9763400415344
194.9763400415344
194.9763400415344
194.9763400415344
194.98216068064556
194.98328429918024
194.9830970204216
194.9841500168112
194.98423007531602
194.98423007531602
194.98423007531602
194.98423007531602
194.98423007531602
194.98423007531602
194.98423007531602
194.98423007531602
194.98423007531602
194.98423007531602
194.98423007531602
194.98423007531602
194.98423007531602
194.98423007531602
194.98423007531602
194.98423007531602
194.98423007531602
194.98423007531602
194.98423007531602
194.98423007531602
194.98423007531602
194.98423007531602
194.98423007531602
194.98423007531602
194.98423007531602
194.98423007531602
194.98423007531602
194.98423007531602
194.98423007531602
194.98423007531602
194.98423007531602
194.98423007531602
194.98423007531602
194.98423007531602
194.98423007531602
194.98423007531602
194.98423007531602
194.98423007531602
194.98423007531602
194.98423007531602
194.98423007531602
194.98423007531602
194.98423007531602
194.98423007531602
194.98423007531602
194.98423007531602
194.98423007531602
194.98423007531602
194.98423007531602
194.98423007531602
194.98423007531602
194.98423007531602
194.98423007531602
194.98423007531602
194.98423007531602
194.98423007531602
194.98423007531602
194.98423007531602
194.98423007531602
194.98423007531602
194.98423007531602
194.98423007531602
194.98423007531602
194.98423007531602
194.98423007531602
194.98423007531602
194.98423007531602
194.98423007531602
194.98423007531602
194.98423007531602
194.98423007531602
194.98423007531602
194.98423007531602
194.98423007531602
194.98423007531602
194.98423007531602
194.98423007531602
194.98423007531602
194.98423007531602
194.98423007531602
194.98423007531602
194.98423007531602
194.98423007531602
194.98423007531602
194.98423007531602
194.98423007531602
194.9841500168112
