with mode=3, handoff cost coefficient = 1.0
297.65924167774756
298.8203175084137
299.21102278542907
299.51104813493055
299.52099389723537
300.07394276314636
301.14393749309613
301.636230883516
301.898555820619
302.110086562438
302.29043920473254
302.95382880097276
302.984421988942
303.2078392826307
303.2425104314307
303.2452740567738
303.35361208320785
303.3617215296244
303.34200703871767
303.3204891694755
303.6370857940899
303.6301484860751
303.68357276832796
303.7129815227892
303.6898621546609
303.6870606402053
303.7043069945809
303.86304299231716
303.8824816082376
304.07771543243797
304.0603235116737
304.32265126583843
304.36664273912595
304.4027220344408
304.40471266881394
304.4266028048849
304.4562275305142
304.4205108256527
304.4219588225183
304.4219588225183
304.47618596226397
304.5223085009065
305.9610493275544
305.97217413796403
306.02498447092813
306.297150396351
306.2842664694362
306.41514920560405
306.4017280769263
306.56729395329796
306.63988692086605
306.6546472024625
306.6439177347339
306.7191184573924
306.733694269069
306.7013020027849
306.7478662008793
306.9954567050913
306.987369790934
306.9938718886395
307.0051047603067
307.0051047603067
307.00437264474203
307.00437264474203
307.3810312018235
307.39312981868034
307.74551133182064
308.51108164254987
308.8008220151715
308.79825780795323
309.09372831461707
309.17725727333436
309.2049715360237
310.2464534669851
310.2918479286402
310.27921340981806
310.349666313502
310.51442425490063
310.53359592149724
311.1790665041326
311.1651490607538
311.3242265558237
311.4365663906841
311.4741455425767
312.1360176500001
312.08424935178664
312.22513702926705
312.22346402634446
312.2458409731543
312.9410715422143
313.47683150785565
313.48464670893026
314.3775271683394
315.35329728760104
315.3496167977915
316.17868075066826
316.1724309726533
316.14194457098773
316.3334838875978
317.3790399751101
318.13593379123836
319.972690280546
320.90256364654937
320.88763465082405
320.8868395176586
321.5201050098088
321.521654661369
321.5102374743834
322.3129207073605
322.2801615447094
322.4088249106621
322.4544691278028
322.6885252895691
322.685819581986
322.7480068883929
323.27641363096456
324.81046389420356
324.96446223799893
324.9693873787512
325.0379902821094
325.0526362064657
325.1318032199918
325.7432003807134
325.76907093935023
325.7635695016503
326.3209030908623
326.31734425294724
326.3992281921677
326.5130493632971
326.4944189435171
326.50657843757057
326.5847267240106
327.3694733744283
327.62280029215304
327.6642154987589
327.8534958049854
327.97663877417426
327.95678187027727
328.84834834823977
329.2284328171405
329.2224654313694
329.24409097396233
329.24967045332664
329.2575456504011
329.25271796046115
329.2489461218325
329.5537584834636
329.582499528685
329.94303543148044
330.1948982074078
330.4895543825542
330.4918728132992
330.47318203566215
330.45338632204147
330.5293427682766
330.73061572461927
330.82520772302155
330.8261766324333
330.9531618885037
330.97128522556613
330.9491089491718
331.12423160654566
331.13729119140396
331.36985422035923
331.38224649688505
331.3555531560514
331.9318461676494
331.9349619395191
331.8941091527863
331.9063061704617
331.9867353008714
332.3367017846199
332.33735998173415
332.33048540181494
332.36474913912116
332.42568423721286
332.4637856895239
332.46841698860635
332.4645031239109
332.55904728436786
332.5863111143956
332.61409569883926
332.6339590718341
332.6548978716828
332.65899822528104
332.63173807697547
332.7261753168052
332.6971754178693
332.7042423144514
332.71541153632455
332.71541153632455
332.9099651494308
332.9710205568717
332.975127376652
332.9985391836746
333.00544440980565
332.99729757784695
332.99771911825525
333.0298097917169
333.0298097917169
333.036981685443
333.04721854724386
333.04665554749994
333.0669309641234
333.0642146364033
333.20576927284355
333.2243153238983
333.22721173638445
333.2013863431224
333.2805390357428
333.2876403050087
333.2941805505046
333.31131493650804
333.3078011940061
333.31575995128054
333.32025146988354
333.3550187358293
333.3627442179337
333.375305410747
333.4320990115308
333.42852108062215
333.45066882463516
333.4943358897188
333.52174600597164
333.5205169078268
333.5483342081124
333.5442748627687
333.67840421281505
333.6802097103686
333.68028884336087
333.6962067184721
333.70244544998803
333.75954976038935
333.7785658688185
333.78209461662897
333.803561816716
333.8060536808244
333.8077837539184
333.87535045678356
333.8797388267027
333.87642581168745
333.8845625927061
333.8839609368591
333.893247000596
333.88696628777154
333.88696628777154
333.88696628777154
333.88696628777154
333.89564110276575
333.88930888707097
333.88930888707097
333.88930888707097
333.99406995481263
333.996196023536
334.00267432166953
333.9927238621122
333.99985401933446
333.99985401933446
333.99985401933446
333.99985401933446
334.0278309793498
334.024412444806
334.029211909405
334.0240727988005
334.0320953514554
334.0939929272625
334.12846177232194
334.13834758621294
334.1405661997939
334.1510032951987
334.1617847152506
334.1780152723333
334.1971939563363
334.31184085193223
334.3201631774002
334.32458289781295
334.3218358453342
334.3218358453342
334.36063617952027
334.3579911285757
334.3504854644646
334.36484036220804
334.4125323640189
334.4174885639168
334.41560589433925
334.4078507310288
334.41704945077106
334.41704945077106
334.42269722381263
334.4246169460752
334.45081516330225
334.43357682805555
334.4484270277495
334.5153391613719
334.51433930436366
334.7533600131621
334.7558387849245
334.74559179867055
334.73237612189496
334.744242135751
334.7518488974724
334.7518488974724
334.7946349936325
334.7906605442884
334.78719196701053
334.7829223681545
334.80019584888066
334.81668353815826
334.8635169894106
334.8485884729446
334.8514995810157
334.923093779575
334.9192843639943
334.9270227826671
334.9359651453374
334.92889249552866
334.92638708297596
334.94148617676353
334.9408111603986
334.95355916764555
334.95416553851487
335.0589374511541
335.07489441103587
335.0892547289215
335.0981890770741
335.0806809969642
335.0806809969642
335.0806809969642
335.08434293767976
335.13813913460683
335.1341276857449
335.1400502257691
335.1755671902307
335.1992587467556
335.19119452770593
335.217055563637
335.22683464830317
335.22869476951615
335.23168545783545
335.24379453163533
335.3140154310198
335.3171516467834
335.3221087952151
335.3195003065879
335.3195003065879
335.3293943817827
335.3293943817827
335.33013290609273
335.334149842339
335.334149842339
335.334149842339
335.3939421860768
335.4003888486925
335.3978457419861
335.399790363112
335.399790363112
335.399790363112
335.399790363112
335.399790363112
335.4032838931636
335.4032838931636
335.4022035830878
335.4022035830878
335.6104418835473
335.60986993677244
335.6161393717955
335.6077231267229
335.6135929411262
335.6135929411262
335.6135929411262
335.8179966277702
335.8214647078112
335.82524410873
335.82238563640715
335.8277793215258
335.8273347113949
335.8273347113949
335.83330479922836
335.8397954211894
335.83749487389775
335.8339711476259
335.8339711476259
335.8421914880268
335.8597140619223
335.86551382956407
335.85861904256285
335.8585124512999
335.8585124512999
335.8585124512999
335.86952661042363
335.86952661042363
335.924624979248
335.92085321431585
335.93001675030376
335.9345868349547
335.9563106325544
335.97205645895775
335.9684106646452
335.9775089598849
335.98979997501016
335.9889899018373
335.99390604548546
335.99552349243027
335.99552349243027
335.99552349243027
335.99552349243027
335.99552349243027
335.99552349243027
335.99552349243027
335.99552349243027
335.99552349243027
335.99552349243027
335.99552349243027
335.99552349243027
335.99963405022925
336.0024632518152
336.0024632518152
336.0008462644345
336.01476278017617
336.0181546396776
336.0162346052576
336.0109590263505
336.03153830136915
336.039928835154
336.03576730327075
336.082813236065
336.09091461296
336.09469364948694
336.1005372666126
336.1610108553366
336.16127456256265
336.16730118133285
336.17217577732424
336.17217577732424
336.17043104163724
336.183320439899
336.183264564463
336.183264564463
336.1739127495148
336.18528263173806
336.280547351239
336.28428758724306
336.29187542649464
336.2898784560089
336.29089233288613
336.2917782499788
336.3258920279336
336.32719246014943
336.3258406949047
336.34548883959496
336.3406532431383
336.3418778812758
336.33748407981744
336.34416420984695
336.3473128542218
336.3473128542218
336.3467394152704
336.35284115389624
336.35494991363424
336.3590509777604
336.3584509613967
336.4307632182242
336.42952648337405
336.4271850117698
336.42869287344115
336.4422227858211
336.49205849509207
336.47603820810787
336.4714780569924
336.4813202902941
336.4862653814981
336.48941911093857
336.4866100405552
336.4866100405552
336.4866100405552
336.4866100405552
336.4866100405552
336.49255973901205
336.49255973901205
336.49340433608165
336.4977630452575
336.5027475024105
336.50654776102476
336.59235442010316
336.59568441016603
336.5999893114817
336.59620219294385
336.59620219294385
336.59620219294385
336.59620219294385
336.59620219294385
336.59620219294385
336.67763658414805
336.6872777401823
336.686789598865
336.6821542534156
336.6821542534156
336.6821542534156
336.6821542534156
336.68910543538465
336.6951034823915
336.6951034823915
336.7763886047191
336.7999276492896
336.79748606438744
336.8047513063705
336.8029447471836
336.8029447471836
336.8115818102567
336.8167834976025
336.81022377485317
336.8307140439399
336.83418319725325
336.82678468072487
336.8306282309285
336.83846518517674
336.9177947025856
336.9188841246492
336.92423538673535
336.9383931755062
336.943489385271
336.94432599091857
336.94188711100793
336.9445667831183
336.9445667831183
336.9487001106235
336.9512894233374
336.95294493650266
336.9543819702189
336.9543819702189
336.9543819702189
336.95972019795323
336.96080011859016
336.9598902636424
336.9605191621128
336.9605191621128
336.9644964372604
336.9680720240527
336.9680720240527
336.96751714975125
336.97038180655125
336.97188625901316
336.97188625901316
336.9734131067786
336.9734131067786
336.9734131067786
336.9734131067786
336.98021840622675
336.97919558839845
336.99456516389256
336.9974649479831
336.9955051823051
336.9920750268047
336.9920750268047
336.99681909689303
336.99681909689303
336.99918522916147
337.00424839820664
337.00440281796386
337.0056543710605
337.0056543710605
337.0056543710605
337.0077815288763
337.0077815288763
337.0077815288763
337.0682420145866
337.07115264850086
337.06933210419606
337.07476376005684
337.07666904183515
337.0747646374791
337.07555508867824
337.07555508867824
337.07555508867824
337.07555508867824
337.07555508867824
337.07555508867824
337.07555508867824
337.07555508867824
337.07555508867824
337.0813417960372
337.0813417960372
337.08278189650355
337.0940631281775
337.0888527411298
337.0874703436892
337.0874703436892
337.0874703436892
337.09212444927
337.093019420151
337.093019420151
337.093019420151
337.093019420151
337.093019420151
337.1020212219269
337.1004900289143
337.09919747250433
337.0995065395962
337.0995065395962
337.0995065395962
337.0995065395962
337.0995065395962
337.1585700094174
337.20204059877693
337.20555613544497
337.20550674502704
337.20836256696793
337.2172597585179
337.2141857210974
337.21463171152527
337.21331254399917
337.21331254399917
337.21331254399917
337.21331254399917
337.2318906037354
337.23529011929645
337.22404182236767
337.22514444412604
337.2299292722408
337.2334134269994
337.23345687250685
337.2313596834541
337.2463643664393
337.24373899885074
337.24454607294956
337.24858634774836
337.24858634774836
337.2486668627806
337.2486668627806
337.25319842533975
337.2606114725983
337.2599737898804
337.2558402990175
337.2558402990175
337.305626915434
337.30150944272185
337.30834845565744
337.3045598799919
337.3045598799919
337.3101687978943
337.3101687978943
337.3101687978943
337.3101687978943
337.3168658980297
337.318280195183
337.31588017773004
337.31588017773004
337.31588017773004
337.31588017773004
337.3206387178304
337.3227459241143
337.3257307026129
337.328258669627
337.32577581291326
337.3283700230821
337.33547553842476
337.33282785065063
337.34602649672564
337.34948065058535
337.35108217226957
337.3492516863531
337.3501845353313
337.3501845353313
337.3501845353313
337.3501845353313
337.3501845353313
337.3501845353313
337.3501845353313
337.3501845353313
337.3501845353313
337.3697474088521
337.3680657967487
337.37147801275813
337.3708649259208
337.3708649259208
337.3730519459907
337.3730519459907
337.3730519459907
337.40896915582954
337.409572730191
337.40925622449737
337.40969921031893
337.40969921031893
337.40969921031893
337.40969921031893
337.40969921031893
337.4142685232558
337.4130009658066
337.4130009658066
337.4130009658066
337.4130009658066
337.4130009658066
337.4130009658066
337.4130009658066
337.4130009658066
337.4130009658066
337.4130009658066
337.4130009658066
337.4130009658066
337.4130009658066
337.4130009658066
337.4142685232558
