with mode=1, handoff cost coefficient = 1.0
297.65924167774756
297.9447242492838
298.16367475447436
298.39991866762085
298.54686378612615
298.7670127795281
298.95340748354266
299.1349550926499
299.2955395549733
299.4018161570322
299.494202928472
299.63542229176585
299.81416327914553
300.19184912834305
300.44468594905965
300.5537334915299
300.742303205168
300.8214207389258
301.0310299784074
301.069193459155
301.20472354377273
301.50109654380174
301.83355929103595
302.0374460544998
302.1388625836748
302.24470077872917
302.3337403211578
302.5617877293029
302.73939469659626
302.8785509788515
303.04255257867084
303.1327953631216
303.3799987872236
303.52321269510173
303.6576334832689
303.78764297573434
303.9841490098367
304.17448200804
304.3010922991933
304.520700218921
304.57621873120524
304.6878908251106
304.8156780993435
304.9904650854953
305.04984191401667
305.348774418025
305.4399652799179
305.66522829301414
305.7413065891772
305.92961975051765
306.2143209153025
306.37222773726074
306.630989918641
306.91827359021624
307.0332524577342
307.2893614478015
307.55830169212277
307.6313787091739
307.64955583792465
307.702163628103
308.06159674026065
308.21987011727936
308.36738933641806
308.4898663697524
308.64032089660725
308.78888594841186
308.90974710565564
309.01078542993855
309.14945706200217
309.2525160060462
309.3296163204735
309.4064884743844
309.53693439968475
309.5857934107329
309.7320507493435
309.91330113699075
310.0292016949889
310.29436791263805
310.3969639001153
310.4347717344258
310.45002061249716
310.5213455038817
310.5839664442388
310.6864911220245
310.7320565475408
311.0094471804006
311.09921082824303
311.2065393071857
311.25635114709644
311.462573495017
311.59968536785016
311.79664486629645
311.81448310242865
311.97970958602735
312.092683067578
312.2039226683819
312.2419967841188
312.3505615681486
312.4762593382755
312.66265937543756
312.687838798191
312.7491859203972
312.875522196185
312.8861647694804
313.0139203689358
313.19503482904696
313.31532862325065
313.40197956136365
313.55353883612906
313.66529756050056
313.70705191281957
313.7319094097284
313.77480537864074
313.8690154123861
314.0091128891554
314.0969142693524
314.18480406405325
314.2596524034051
314.3277822073318
314.5903104920649
314.61188052614136
314.7260133461519
314.84078948099653
314.8575889431662
314.9959267788629
315.04930153549924
315.1209617131395
315.1977638473336
315.3075603985035
315.3397653870021
315.3965851410861
315.52687786607646
315.54877252983215
315.56439930779396
315.6290672374951
315.6971650644089
315.73532657900483
315.78928394347594
315.8485773794843
315.9514490315847
316.15221380707965
316.2220884762073
316.37288304940887
316.3713872823209
316.37948668996955
316.4203927837853
316.5342648339944
316.5413739080227
316.5513063365733
316.6417029225947
316.75660924816754
316.95878135407577
316.9847992354862
317.15118485355555
317.2726875544872
317.4233586683739
317.49682680781456
317.5642830082829
317.7082045162385
317.7256138525891
317.73126380956654
317.9613983013253
318.14330975219065
318.1519038319363
318.21670996256603
318.36172429087765
318.463631514939
318.48502091480117
318.53695330739305
318.5503967934665
318.66317536619425
318.7033881085319
318.7318741628907
318.7769495644411
318.83378220123967
318.83706854768957
318.89101196557954
318.95136604272284
319.0943440853357
319.20372278311913
319.2399220199994
319.2453864032913
319.3611954270046
319.38207652857216
319.4296351385873
319.5699413314976
319.79838992210654
319.80968581771816
319.84601235515447
319.8736116956499
319.96977658739064
320.03582165477115
320.0359391435895
320.083968801614
320.1611677244268
320.21707509463045
320.29318931817335
320.2925719874884
320.38601923170756
320.50806306456303
320.54128834584986
320.670471285693
320.8809959989298
320.9016662447541
320.9235015519358
321.0997650161095
321.1549770909864
321.18029218943724
321.2891961535958
321.38064953174216
321.43181031874036
321.4727863591616
321.5758159325082
321.6626521208751
321.68249446385073
321.8228279515977
321.92158809405066
321.9706979354084
322.04644553091686
322.07024867722265
322.20425104998145
322.29414877635725
322.31266783263305
322.3900064461178
322.43138268883814
322.55191839743316
322.6164515863947
322.7037192494315
322.7576137390297
322.9332299728531
323.0219860896767
323.05179641947535
323.1091722019319
323.1695437780721
323.22798856719686
323.3204975595666
323.42032113076266
323.5900708859569
323.5916229250574
323.60351070579765
323.73117345918564
323.7853134718097
323.92573966257
323.92561522950217
323.94889307329646
323.99310550498745
323.98257096888517
324.1700148180162
324.1922790894489
324.2584590843
324.34414471532375
324.3585817676693
324.3993430793379
324.47019896286304
324.4848163287069
324.48438250654607
324.5129501820053
324.5241131284314
324.5443829508558
324.6710761450381
324.71048812081597
324.8292765470196
324.8221181647519
324.87102986049933
324.98447619804597
325.01798930360064
325.04292263859793
325.03667445307576
325.07219186164383
325.1427090973212
325.34151487380603
325.38960260119126
325.46887662487313
325.5284609557071
325.55775624303124
325.55941764063715
325.59404943865593
325.6166753892791
325.7024161011337
325.717807557705
325.7320400137313
325.746875829888
325.87728510241453
325.88411840603834
325.9524878542737
326.1173759991385
326.1364751608449
326.1826633909842
326.2141171611836
326.21175584552503
326.2273562132514
326.28463146860383
326.4162471783269
326.5276598282218
326.5482285133333
326.5455195233184
326.55074607291846
326.6875133499082
326.72312897936945
326.8256532554235
326.89767499154425
326.89071947704514
326.99084546317806
327.02632546626256
327.1203780389428
327.1768122843661
327.21110217592616
327.2961630869827
327.35243762452046
327.35277229761317
327.34632811696645
327.34592985713664
327.35857653121565
327.41316094001775
327.44807843281575
327.46548978026834
327.54470193699063
327.5583157720018
327.55649825098646
327.5945762370067
327.72200264765445
327.74999630723306
327.8023119056093
327.80271490501866
327.801194442797
327.8478235797763
327.9100473034876
327.93278342942267
328.0213929829307
328.075882307287
328.08919242638217
328.08642031233745
328.12735277351277
328.1968370927419
328.2435153193086
328.27461399704106
328.36910359790915
328.40531495667125
328.4624460515895
328.4712920804665
328.4737437372847
328.46961910514415
328.4723938566754
328.54613433420815
328.5689983258349
328.67398915977157
328.7477291176722
328.89949952121265
328.9080008669602
329.0060418376921
329.0588441596785
329.0979782821345
329.17224382153825
329.23668213973406
329.31649383326106
329.3220361454445
329.4081284187954
329.43595923096734
329.4916568027324
329.53537864548986
329.6446554886104
329.6529151862678
329.6833876125908
329.7432491301584
329.7793241753302
329.87359122889603
329.9004919643183
329.9043647726336
329.91355220638275
329.97345833358776
330.00287394428364
330.00620642347684
330.02125828441774
330.01474206316044
330.0606266693298
330.13967853589816
330.2444048834992
330.26386888867637
330.2921372902592
330.3021248156962
330.4359736899289
330.4502954785607
330.45578063446897
330.4645987824201
330.51884982527287
330.5492202198538
330.6061148887209
330.6367959005166
330.6446967658375
330.7308320603472
330.8247598530164
330.844090255479
330.8728342923685
330.921764879225
330.94062735582946
330.9908153090079
330.99422988367144
331.07333769601894
331.1054335524093
331.15988680550737
331.1553656699791
331.1849919345426
331.1920770995596
331.2046400561086
331.2194379340497
331.266420376088
331.3044878842671
331.3349523781899
331.4044805036312
331.41855927777965
331.4231635562762
331.4894119938156
331.546421759136
331.54002796400385
331.5719333515843
331.6196917256292
331.6513579326857
331.686587491063
331.73479731302143
331.77145133631416
331.7848678764503
331.8063340464274
331.8090617050111
331.8226808555768
331.88676440395284
331.951466075417
331.9765866001768
332.0143470299159
332.0070883731045
332.0108756506771
332.02783150708524
332.0953803458346
332.1407926248242
332.14590855095963
332.1433190493461
332.20476201272936
332.21974978596114
332.22634439253204
332.2353149978906
332.25078762604164
332.3030989594557
332.31541090847236
332.32353448262893
332.3254651642251
332.3249274219976
332.3404068174106
332.3452282022272
332.40209359240566
332.4064902338712
332.40669288649053
332.40922336956544
332.4288526145538
332.4518214035921
332.4520717619187
332.4602338383336
332.4729974705268
332.5605785274015
332.60725967214296
332.6263344694934
332.63959455006835
332.7107552738588
332.78378152263326
332.7794056241385
332.78458443573726
332.787463391037
332.83758114001307
332.83324583987604
332.8656297325391
332.8750999423389
332.9343311090744
332.9387561765955
332.96280672819114
333.0105840236628
333.0084250558786
333.0128752505616
333.02811839074354
333.02646923957286
333.02169144683864
333.0274462694951
333.0553626363243
333.05628404734034
333.0609867482558
333.0767541555568
333.08797581061896
333.09405646580666
333.1365733921544
333.1448950201889
333.2358458027516
333.24144776646267
333.2597738878498
333.316683915386
333.3252586906648
333.33895176924
333.3456575567953
333.34289589164007
333.36747839386874
333.39403435210573
333.4714042676388
333.47859973664265
333.47933695700436
333.48727915674675
