with mode=0, handoff cost coefficient = 1.0
297.65924167774756
297.7004704031053
297.80171204378786
297.7297886473186
298.03776789760803
298.1682642507103
298.16438072028893
298.16078607127804
298.14435232030246
298.3718641290918
298.9255750454887
299.1831905863197
299.2309751906952
299.3411813672419
299.5615713895835
299.56446876566076
299.55133708916276
299.6296891740624
299.62210249296334
299.7262058329019
299.7669389735809
299.84177995304304
299.849076694544
299.88709748925174
299.91497046927253
299.97934629023416
299.99709413315406
300.26765234420486
300.7199012505889
300.72162102725196
300.871007662366
300.91642069762804
301.16808650016196
301.2591151225386
301.5012923238578
301.44061406800205
301.53522268935455
301.56901839766
302.45571429303146
302.81650464744547
303.3573069504587
303.65065075440907
303.9213309695296
304.04245886002025
304.0591207459262
304.1838386828915
304.18105172665616
304.1104912784741
304.11327823470947
304.1779113942432
304.1838386828915
304.3343633168814
304.50176922677656
304.5563869055203
304.5524462830281
304.59429246332064
304.82937751663474
304.8365048352026
304.86302432148176
304.89474125004244
304.9772116876272
305.0215589916343
305.02556374806426
305.34352211891036
305.78099861780845
305.826903330905
305.8112155840065
305.8136904744903
305.8221644829703
305.924474683029
305.89905525519447
306.2833768593564
306.3014573833321
306.34772406635324
306.4090853285284
306.41067192491516
306.34254738233204
306.34013756956097
306.33954284635735
306.3397318485666
306.41067192491516
306.42049486150887
306.42597631314095
306.43130304194784
306.4526445649405
306.4550024590339
306.4528072774762
306.4526243094476
306.4528679484425
306.4616556763907
306.4736632493095
306.4778901721725
306.49199438275537
306.50067722543577
306.49416151222306
306.5007965746628
306.497064636171
306.49920052581484
306.52020110188573
306.5216859159957
306.5228832510484
306.53432315540715
306.5393271841901
306.5509149003182
306.56249218076005
306.56842869556783
306.5823030539671
306.58240932173254
306.66855216518815
306.6700390554405
306.6771715927118
306.699269038031
306.7640095163999
306.7782518658569
306.7955792895279
306.86948833969393
306.879578799678
306.8810776800192
306.8802220334745
306.88775494527806
307.0229741866451
307.0239105009635
307.0368953124403
307.1809376760098
307.21035249190425
307.21059585855687
307.26859988492185
307.308838128469
307.31628510357814
307.3251264073316
307.32559168871137
307.3374058670359
307.3375652123584
307.3897636540683
307.38915923685414
307.3985420162423
307.43674291811857
307.43735841540337
307.48331234642063
307.52648846897335
307.53313416456217
307.54442134224576
307.5475977366711
307.5475977366711
307.5512033064064
307.5479401234817
307.5489989882781
307.56930388771895
307.5702645534778
307.5734120005753
307.57607173100257
307.57607173100257
307.58227775300946
307.5957612364896
307.67071488187037
307.66553956088524
307.6826820683789
307.6918518254564
307.6943760884365
307.68900323915716
307.7707136017567
308.03622692351007
308.1672688074991
308.16614454248196
308.16926506779
308.17467048503835
308.25768393926757
308.26347466113293
308.2722550578305
308.27195693376365
308.2742066515249
308.2741407166291
308.287876240176
308.3156917226815
308.3145221968109
308.38514933201594
308.3873767782556
308.47915133456473
308.5209119621837
308.5223270523813
308.5288150258606
308.52910119431857
308.52918405778934
308.66268051196727
308.66325374730593
308.6672681152145
308.66235111823
308.66133182590687
308.67794955311825
308.72692920488066
308.7245009557549
308.78881620827667
308.8270803987537
308.83694880327266
308.8386509591591
308.90938677022774
308.91715247464936
308.9387936418651
308.95132560983444
308.95132560983444
308.9406479602478
308.98271833968744
308.9755570196591
308.99007399994923
309.0192487362024
309.0206996220163
309.06097814453045
309.06205177991967
309.0628587458271
309.11595268135
309.1159487754131
309.12847759812837
309.1400804275469
309.1514626361964
309.26079231901394
309.35956958848914
309.365605238056
309.367321481801
309.367321481801
309.367321481801
309.37930186958243
309.3797473229772
309.384131699982
309.40261221625184
309.4050958776365
309.4160304850428
309.41600421682796
309.4160304850428
309.4353910467598
309.4354749522959
309.436049406275
309.43586126817263
309.44357626089266
309.46057617210045
309.46120802127115
309.468601147552
309.55827822318355
309.56063133577896
309.57342872252127
309.57388944509677
309.5715266776051
309.67097168652504
309.6716466963101
309.6710116829444
309.67352287980884
309.69542257130695
309.7028351656526
309.70258964822335
309.7079281197114
309.7119564527403
309.7766779294673
309.79560765267723
309.79510530890894
309.79714239871896
309.80141505549204
309.8422890815979
309.9057516839873
309.9057516839873
309.90634526323856
309.9066011361054
309.9714523091082
309.9864038475715
310.04290801486815
310.0433587482611
310.08651579328097
310.30673055551307
310.30874618432705
310.3277257120855
310.3268109254039
310.3283396186559
310.3364948887245
310.35199520686456
310.37346976838893
310.3943833114207
310.3844947965554
310.3878911843867
310.40518549492606
310.4085907130069
310.4070055997047
310.4412462335508
310.4407040046834
310.4437814148857
310.4518902307878
310.45029640798526
310.44854351203384
310.49734945636743
310.49734945636743
310.5322052428901
310.63807895560484
310.6954480226805
310.69578394264664
310.697952589605
310.70159291846113
310.7366731071404
310.73606345275766
310.87522772287184
310.9747570282653
310.99752122226033
311.00578588117384
311.0861589069156
311.0905067031404
311.0935986523683
311.1466974007452
311.1552622514031
311.1638932429239
311.18109679278314
311.21076074635585
311.2109188979741
311.2032145303887
311.204650919542
311.20240357548744
311.204650919542
311.2109188979741
311.21115767796977
311.2129151230966
311.2539849786597
311.2536850862257
311.25462658332265
311.27835196034727
311.294946501783
311.2956429992779
311.2960487038429
311.29708059184435
311.2980452776736
311.3242164695263
311.39579343387766
311.39784235736005
311.40715387820563
311.40749398519455
311.40746922123196
311.4081623140111
311.40875138578724
311.4181046870391
311.4576636715782
311.4587638007407
311.46036630949703
311.498206431643
311.56434456825644
311.563982076935
311.565133767042
311.5632081199352
311.5618815973593
311.5647328954441
311.5645231359415
311.565133767042
311.58065945698814
311.5808423041313
311.5907494856917
311.59122862029676
311.64523356854096
311.64544234324813
311.6664491809743
311.67495188908265
311.67527652344415
311.6760190355132
311.67666356322917
311.67663660005485
311.6765937403669
311.6843819802524
311.68485804942304
311.6858036104654
311.6860361666616
311.6860361666616
311.70150563370754
311.72122593159844
311.7212589739264
311.7227672566757
311.7236176828715
311.724614910331
311.72601278985894
311.7269770975092
311.727845197815
311.73242165162605
311.7371050079065
311.73802335649617
311.7394142337135
311.7401962260738
311.7573029884662
311.75764581976716
311.75766086754527
311.7576833081298
311.7582116069834
311.7591338580648
311.75878710167774
311.76058686526665
311.785089884797
311.8117151388837
311.81230485985174
311.8125046791657
311.81272950893293
311.8130081201189
311.8179573236779
311.81817868960127
311.82646692882014
311.82676235245145
311.86067732556245
311.8626794526907
311.8640302974802
311.86406954845864
311.8656303885673
311.86195218857614
311.86200229583727
311.8623945600107
311.86499848511414
311.8656303885673
311.8690322567079
311.86933912755677
311.87028948790794
311.87014126533387
311.88574665354815
311.8859282992908
311.88600912017125
311.88666168328535
311.90104668937
311.90104668937
311.9020901201076
311.91093976027963
311.9266583100859
311.95484419652905
311.95534497101596
311.9583152061862
311.9583249539292
311.9826100113673
311.9840182508978
311.9842376301839
311.9870752586108
311.99427321172027
312.02013535990915
312.021570407435
312.0311485167512
312.03112938144665
312.04054780915544
312.04056574436146
312.0407071470913
312.04540496033707
312.046168456413
312.0475843164742
312.0476085632116
312.04771507237916
312.04774999225606
312.0493253281269
312.05347747701154
312.05403462461925
312.058832839994
312.0591659142421
312.05876034119484
312.0587700079078
312.05911327728467
312.0617120109229
312.0617319528382
312.0621134282217
312.06228003812805
312.0628215558772
312.0700489567581
312.0692861614727
312.0693459474093
312.0701248920621
312.0699226649771
312.07421777504237
312.0830079957174
312.08493927605053
312.09468431753186
312.1052155176021
312.10692013047196
312.1295763773805
312.1332439786583
312.13348109035894
312.13350578000245
312.1352594440725
312.1420223728385
312.14203934713174
312.1422635057272
312.1422692953766
312.1425097453505
312.14900594072924
312.1493219950659
312.14928904158637
312.1518611821053
312.1543314238417
312.15878730416955
312.16482293561967
312.1662949321344
312.1672515970971
312.16933829410846
312.1701072020843
312.1703255491346
312.19602117550335
312.22223779890413
312.2223836102115
312.2223836102115
312.22467518746885
312.24233321473787
312.27237594328477
312.272384149579
312.2887669403706
312.2968410157021
312.3064074258966
312.3076936476279
312.3077918178984
312.30798799043754
312.33980290422073
