with mode=0, handoff cost coefficient = 1.0
303.0895161914023
303.12994454692404
303.61453689043657
304.5128373396039
304.6585461951636
304.7652372374091
305.2399495855674
305.3033115452505
305.30005275550985
305.3396800736891
305.9001452216965
306.09266752245713
306.21131974008614
306.20923838545633
306.27681735455235
306.4491830407512
306.4674930929583
307.0671961471453
307.0648145803998
307.130951698526
308.1523199953743
308.13875494105986
308.6201503407983
308.6303497616429
308.73103857955647
308.8740536994605
308.8494452754352
308.87377231795267
308.89687766850034
309.19868960430614
309.68868545937056
309.6832162864473
309.67991367757554
309.68129323235445
310.6039702203789
310.790068999799
311.1109449002101
311.11147455010877
311.1081380045095
311.121168228675
311.1394407911707
311.1328359138582
311.61773700203514
311.64821541770084
311.6566221165531
311.6542742847679
312.7044229167425
312.71101607077884
312.9297258714659
312.89609783341893
313.29340099350657
313.31279874979634
313.3139079780332
313.3388624285281
313.4062902410509
313.40693318596607
313.4067337456578
313.4183978118395
313.8126589757948
313.8332277722265
313.87176160818933
313.8745789807417
313.8346214260719
313.7795133442881
313.9548018768995
314.2336484909673
314.26896261118964
314.3726975517624
314.568029240039
314.5407638514147
314.66548807266577
314.6734563454246
315.0530817439932
315.0537567963463
315.05255272401735
315.024833969802
315.030876373248
315.3559936902309
316.34860651465414
316.34017609775157
316.94745597591503
317.40751928575787
317.4540892473806
317.7772628397223
317.646519156973
318.0503887894357
318.20851092622314
318.20851092622314
318.24808351395046
318.31570504343017
318.61768837296313
318.6046952946057
318.54305723174014
318.476010352894
318.4514225945149
318.7340203391293
319.3595027747812
319.5788260672721
319.5522001740674
319.8090589695908
319.89486937062145
320.1799977802598
320.1851118113858
320.15973581126144
320.2378946371185
320.0909686766026
320.0947049710776
320.1031567796134
320.93850779803495
320.91680300020755
321.2538213678203
321.1947873292799
321.8475946084545
321.81059830367474
321.9856258963458
322.0599964328635
322.16136834710505
322.33859567079287
322.41648242968984
322.4333569036811
322.43120339445846
322.44355293112756
322.4728592952765
322.4940475599423
322.5220883399882
322.5260945735033
322.5441351722808
322.55037597451883
322.52610583101824
322.61578781494654
322.6200217485661
322.7189905082603
322.7189905082603
322.6935674561648
322.6960373596217
322.64793835133105
322.8233639861226
322.86467188187294
322.8663969025225
322.95090018199096
323.00664117703104
323.006913869595
323.0587864603798
323.1805410901814
323.3397325551788
323.35280024168947
323.3948659364514
323.46775428037836
323.46775428037836
323.4461007764315
323.47833888132396
324.1499779629661
324.9782754217992
324.9788627129656
325.0451407254814
325.0635270669298
325.02659434296777
325.02659434296777
325.02659434296777
325.02659434296777
325.0635270669298
325.0635270669298
325.1223255204679
325.26901128075616
325.26841897196806
325.4485685270676
325.5019015335554
325.7018592452271
325.7527876045389
325.7550933168644
325.90183228136965
325.9009412931999
325.91930291007964
325.9229537053967
325.9246166517434
325.92501782293425
326.15324246279994
326.1657745378229
326.16918617571685
326.5038261813769
326.51706841113173
326.53388238156816
326.55617995987
326.74512185991773
326.74082129739327
326.74512185991773
326.80472516852814
326.80472516852814
326.80472516852814
326.79642505750155
326.86636762424155
326.86636762424155
326.8697701254005
326.9410828059913
326.9592008286131
326.96735016531125
327.0201439159966
327.06781886716135
327.06781886716135
327.0678902303945
327.03639136438954
327.0163996533659
327.03873114242924
327.2724113207082
327.4194237168798
327.58812777980006
327.5944258624512
327.5944258624512
327.9440199548609
327.98096731227696
328.0685569201455
328.0734314311686
328.098678704038
328.1024162754853
328.07567222446085
328.09963324828595
328.26216130327157
328.50475520130146
328.5051172570407
328.50513380410536
328.5372664809992
328.5535640595484
328.5840758540417
328.58609089861903
328.5985683087794
328.6261774392083
328.6251712569948
328.63363776708417
328.85168955000535
328.85233658762235
328.91496179158463
328.90263718808313
328.9388180592518
328.9388180592518
328.93848115680686
328.9395651195759
329.0368902401222
329.0417468358742
329.0517656435664
329.0530687420624
329.0530687420624
329.0750030118459
329.0543774047126
329.05672478375203
329.0603397320619
329.0681172228912
329.0750030118459
329.07757358386453
329.0867284368016
329.09824451589776
329.10444708731603
329.1414359876606
329.3169517790332
329.3169517790332
329.32281376449305
329.3975292403669
329.3975292403669
329.43249617538356
329.4593362188132
329.46352022185704
329.458444069831
329.45638095671086
329.45686554210545
329.45962791436517
329.46352022185704
329.46373602494646
329.48841090308787
329.48925607964367
329.48939262274513
329.48946674109555
329.49131842451465
329.52533368414527
329.52601215381884
329.5280258766644
329.5299894895386
329.5425453431681
329.54348922612627
329.5452544840053
329.5453211535328
329.54772120235583
329.5694683599326
329.5694683599326
329.5745573671147
329.5820422378664
329.61125511998387
329.61125511998387
329.64245489425855
329.6918628101773
329.6918628101773
329.71619076703803
329.71632398112627
329.71651474847437
329.7254310285277
329.74004965406283
329.7420934266127
329.86159665616725
329.8704695167749
329.87143065531137
329.8777316944091
329.8777316944091
329.8786625773899
329.8823792796372
329.8922953627935
329.8902114370538
329.89087381038865
329.8925875376918
329.8932237668586
329.9162280565276
329.91628275246836
329.9193281977551
329.9208315212043
329.92303886355506
329.924476195875
329.9249302016715
329.92764044669957
329.9326701831319
329.9314442898061
329.94064649341533
329.9740203592378
330.05460611800504
330.0616354928396
330.0620048877949
330.06408885505243
330.06588321255543
330.0659380358792
330.06927187475526
330.09698998405554
330.09996444205393
330.1003183108338
330.10027202203554
330.12153456456156
330.14788041127554
330.14652172044697
330.1679376152501
330.16938279254555
330.1713217584414
330.1741942589766
330.1748237838015
330.1792750567776
330.1835433879349
330.1852165275135
330.1852165275135
330.16687875587974
330.16766858184155
330.16969235402837
330.1852165275135
330.24370438113885
330.24521462891425
330.2466258626034
330.24979388871736
330.2550829570067
330.2560875009066
330.2637485638764
330.2865657220652
330.2868235017841
330.2889925841948
330.2889925841948
330.2902372940528
330.29694821874506
330.29774903904337
330.30016510355557
330.33099148021614
330.37956901138114
330.37956901138114
330.40291190925115
330.40498940777326
330.40621349388005
330.40775276610657
330.41443722727325
330.41443722727325
330.4149763481506
330.41527049928453
330.4197862808374
330.42957279017844
330.42957042076586
330.4311343426114
330.4489050007147
330.4495933684834
330.457356091781
330.4748725667978
330.47553272710616
330.47531503513244
330.47650820003224
330.4774134353892
330.4826481927501
330.48671692917435
330.4958677451871
330.5001001574344
330.5018441866463
330.5019285727376
330.5037490732311
330.52890763391287
330.5467254926497
330.5704098175938
330.61628548267277
330.6174925010114
330.61783095794107
330.61858729567444
330.62029028489235
330.6216874241827
330.622993598945
330.6491210639753
330.64935432744767
330.6514699575822
330.65803619023035
330.66069225347803
330.6943499850504
330.6970927138507
330.7045387535527
330.7037295565856
330.70373530846496
330.7039537524224
330.7077583906309
330.7082850196407
330.7090418520283
330.710720352806
330.71098283278144
330.7123217163875
330.7176690392353
330.7343231570621
330.7358884559485
330.73765543888567
330.7414659710312
330.7427594475273
330.7454979956297
330.7459028324685
330.74837300471165
330.7620412477178
330.7620412477178
330.7620762913046
330.76240821806454
330.76295098879314
330.76295098879314
330.7655283075507
330.7655888215754
330.7655306211991
330.7659564608608
330.7659564608608
330.7681857169078
330.7731536687566
330.7731536687566
330.774959631142
330.77501250819404
330.7808041913552
330.80602938523896
330.81519457733043
330.8162457111329
330.8444312094567
330.86556497060957
330.86702202347266
330.8672303578748
330.8697068420391
330.8932282983737
330.8932282983737
330.8959142018585
330.8977328037589
330.899098833772
330.92956787574735
330.9297459791919
330.97427584005277
330.9916109552901
331.0057877604376
331.0058945404396
331.0098615471986
331.0138290877772
331.01476287896367
331.01476287896367
331.0159134298391
331.01739929462764
331.01810966213037
331.02549259634435
331.0658539810414
331.0670788500141
331.06844114042514
331.08864101450456
331.08826331872274
331.08829078396
331.1269876004445
331.15114326467506
331.1510947652563
331.15210037643055
331.1541867593551
331.158277689892
331.16039585841736
331.1665615823409
331.2063667014246
331.20689869932653
331.20689869932653
331.2090483964481
331.2094295374633
331.23313382479347
331.23630702409713
331.2621676775375
331.26710885677124
331.28000514579804
331.28052086951317
331.28101886318626
331.2824106425324
331.2824615428276
331.28262069170535
331.2876628508324
