with mode=1, handoff cost coefficient = 1.0
303.0895161914023
303.33258131428715
303.6116548399113
303.7728254883251
303.9362518371095
304.0975451012037
304.31445269417685
304.51496251818367
304.69120388423715
304.8111897280527
305.1664136374323
305.37483830527304
305.4501822920138
305.54850980891814
305.681175080822
305.92312323375205
306.201034853065
306.49984905997877
306.63762717900346
306.8397637681214
306.918940433774
307.2262216968978
307.4244548780336
307.53419200656356
307.6769493146928
307.87027448579545
308.03686527078116
308.2876789200436
308.45660369576785
308.5572342279108
308.6929307751442
308.77040728975857
308.8756389621956
309.11868272081733
309.1750024789093
309.2667492871794
309.46668763286493
309.70812407323416
309.9157876206133
310.22699146074757
310.3299195076275
310.4660705101395
310.62150394586166
310.69053018782245
310.800957965619
311.0449399222417
311.1023317569827
311.26735006471534
311.32987312290487
311.4778004767726
311.6691114347489
311.9095238960477
312.0792939049626
312.26359319377156
312.3374092901294
312.60332382767007
313.04079624283884
313.2329283342031
313.46177052862834
313.75320771664707
313.8334464334651
313.90813326907926
314.0703274632393
314.1815343505301
314.25365016581935
314.2580673433911
314.373468907903
314.48638598140417
314.59826998296376
314.77261652024856
314.8295289026683
314.87316292789916
315.16373478452266
315.22571323315066
315.36134432077347
315.4483525366772
315.5251683746145
315.5312199290846
315.6491823126645
315.78904918804653
316.0699761284825
316.2121360006576
316.25914308683616
316.3143787101939
316.5003041416581
316.52335086593746
316.5823251759781
316.7289028861057
316.78952145003854
316.7949194002799
316.8293366913052
316.9781441187111
317.18929367103215
317.33551670312016
317.5207417557136
317.7659495841937
317.9229240007364
318.1040306940803
318.23136731432623
318.2947143698198
318.42568370049594
318.7637510081556
318.88457099596377
319.0759642564805
319.2169867436219
319.23952854585986
319.2928503689666
319.3709947431681
319.37499824806616
319.5307639102675
319.7192223324713
319.87045499602766
320.0312417764736
320.35290875139435
320.46473146561493
320.4926723197811
320.5142086724702
320.65243293933446
320.7622330075638
320.9723690334951
321.02079245829873
321.03737683229866
321.12792865183735
321.201448619906
321.26404355412984
321.3124380541355
321.4675833088563
321.61235785806326
321.7844448620473
321.8712678796022
322.06066560042035
322.277692965248
322.33773419248826
322.407906168151
322.5169919291618
322.6514018342389
322.7130957833392
322.717920087361
322.7264218854254
322.7380970981977
322.7771380975752
322.77707265934885
322.85607131383586
322.98455244153354
323.1071474480991
323.1551536181939
323.2327767771444
323.41447231967527
323.54587859380763
323.612303643975
323.6250251507738
323.7321587940858
323.81004757333824
323.99142433248255
323.99550784447337
323.99589082025074
324.12045393057855
324.16973961110966
324.358970958503
324.36647295175175
324.56077071743715
324.61662370146166
324.6705009391509
324.7585834095594
324.8198092914109
324.9481422138453
324.971007592928
325.02864092147706
325.16266221971625
325.2190879890338
325.2878895653967
325.363427233206
325.38512197238987
325.3960837092462
325.4577295882807
325.5297649870445
325.5642682431414
325.68352781859
325.7207956883259
325.8662798314647
326.00575642682463
326.0187276704163
326.1151577894287
326.21897105166573
326.3300625490549
326.3547969869766
326.3808732495486
326.4014918311906
326.45954152579884
326.4880673230094
326.5123835434984
326.7499707705426
326.7532796967973
326.8376870540695
326.8914029326296
326.94334283873513
327.0932707989117
327.17488492769166
327.2947877767283
327.4196460488174
327.5152803520667
327.7033278989686
327.81041081216546
327.847226244967
327.87659987079024
327.9260566160647
327.95639083979245
327.9694990679014
327.9761384303024
328.1697806562733
328.27406363461466
328.361508478113
328.37316037780755
328.39945510161834
328.4624339273419
328.6376879730331
328.84075093429186
329.0276596081754
329.1428090894245
329.16850503087716
329.2197527925013
329.2918558301588
329.3484428482657
329.349992473384
329.43594544717274
329.44403290319747
329.58077107895116
329.6585329108339
329.75615472021184
329.9972762420702
330.0683431928771
330.15452051383625
330.1744061703708
330.2096893878763
330.20067738848593
330.2940626969431
330.3604252327678
330.4532833377237
330.5340856095737
330.5790768893849
330.60150690436234
330.65737681211493
330.6921736988912
330.72710570790593
330.8821421500916
330.93057218372223
330.9408806517348
330.99675580373355
331.0405877251036
331.03550140206386
331.03768448276395
331.0486771946604
331.0693603858883
331.12863845665595
331.1351558371109
331.2750253423969
331.30506908681764
331.415385558135
331.52610310200083
331.58681214018696
331.58371481771843
331.6428628637407
331.6904446945573
331.7022483875612
331.7777752551521
331.78769250967645
331.7875730276164
331.90133223954456
331.9974882564886
332.06421450379446
332.1644449470543
332.1794025921167
332.1835289484888
332.1789199471193
332.29609454381557
332.2992587948486
332.4199972689209
332.4352279203994
332.4937447647624
332.5366528905077
332.65619299090775
332.69928245831227
332.816747163157
332.968417320791
332.9707876916262
333.0210292781236
333.12460790082554
333.22978397176036
333.2634423471673
333.30769384696737
333.31258508649904
333.30833006230955
333.36142448482354
333.4683020018829
333.53219693888957
333.68057091893706
333.7047317697709
333.70351505575303
333.8184339456406
333.86762864370064
334.0047425979673
334.0051798406151
334.10420117904357
334.2026042920024
334.29870004386237
334.28683090538965
334.32180800410856
334.41985060919427
334.6316048755458
334.7463802357435
334.7603861543209
334.90412074706137
334.90566149113204
334.9633294290832
334.9955997520444
335.0436009377129
335.0740975731274
335.0777576976117
335.1806707331218
335.2598681665994
335.2743072426467
335.2714810527164
335.37585598884544
335.3778674064902
335.3875292517278
335.39882909575067
335.4857191525094
335.5487315105826
335.5644652293325
335.66519996219546
335.6743950737936
335.6955937002866
335.8207694279102
335.864864629706
335.90633784813355
336.0028279615694
336.0195455274737
336.01920472781455
336.11058998622866
336.3102108013091
336.3099778444045
336.311852277983
336.305574459073
336.31715558215967
336.35699730435886
336.39939899810213
336.419656727702
336.42326128391886
336.45628914572967
336.54399454961145
336.5538379738176
336.6794942453505
336.7323995782585
336.7684093323228
336.83237066568955
336.9351914432077
337.0090761707824
337.0580611682908
337.0995612418599
337.12076845686687
337.13392127951204
337.17055612407154
337.18714402434347
337.2730421286274
337.3982089065863
337.4124434100249
337.42144171353794
337.4354274540011
337.44415430374835
337.4858519353143
337.6070842124689
337.608709610118
337.6532463891447
337.69943233985583
337.73334093365105
337.76355726524656
337.7791298616209
337.79911932428064
337.81722711389216
337.8336077668492
337.9129406002713
337.9202135683326
337.9404951253414
337.98349693388
338.0407625845884
338.03991335155297
338.0715847330548
338.1337823739557
338.1419459434004
338.1803059130472
338.2107740639602
338.24167209232127
338.2895026500589
338.30671133004716
338.3046255901931
338.4402064910925
338.4965260486924
338.5932318344142
338.64185976976177
338.64151876143984
338.6417912004691
338.6668449809588
338.67812392219145
338.72877199761984
338.7382735993205
338.78781205105145
338.81126279612795
338.87893792029
338.9098461185231
338.97411098446497
338.96484869502933
339.1169820590486
339.11734192094383
339.12626958115015
339.23630777528194
339.24816133053696
339.27002415147115
339.38347996968054
339.384049457657
339.422302507496
339.4891487331221
339.4979461159891
339.5006823737953
339.51630555306923
339.5860685301595
339.6594286273554
339.6886972404149
339.79546846372597
339.91391095210275
339.942419577352
340.00922630977607
340.0027139869539
340.0247441105363
340.1410938418356
340.1872082138516
340.2591977492502
340.28850300849297
340.3012628851203
340.36726174971113
340.4023761091808
340.40064133154476
340.4644238376792
340.46568317105823
340.584414861806
340.6255286964155
340.7472106060643
340.7752189695403
340.8372895544466
340.8675826480778
340.9183540818803
340.9613111637288
340.97101920154654
340.97176601634925
341.06771892056224
341.1269900192373
341.18842784742867
341.2169990767884
341.21998301533785
341.238233048304
341.2737051674613
341.31057059562903
341.3709168714653
341.3702949366718
341.3862705578462
341.3948893986351
341.3966476569201
341.4024544178843
341.40945817723866
341.5722703108482
341.5810452366539
341.6257066891837
341.662384639629
341.7314609019917
341.7489830804617
341.7880314697984
341.91265027920326
341.9859732173695
342.0395785991503
342.0680906397546
342.144255903937
342.1681666923296
342.1732833849405
342.1769005448515
342.20053199860115
342.21038109794364
342.27026550678994
342.2848248935885
342.3053440407924
342.3099624563671
342.3902882819731
342.39101116171076
342.46051864454586
342.49128717245554
342.5214464325178
342.5636133822665
342.59462875662086
342.6672690723885
342.6908267833618
342.73468715036137
342.73962225475015
342.7611935447739
