with mode=3, handoff cost coefficient = 1.0
303.0895161914023
303.12562626687225
303.3093172474081
303.33619766770437
303.4878947603814
303.9598428797739
304.0784293165011
304.43411372023
304.4877343533697
304.6268187868756
304.6614604591314
304.8521502636996
305.0683137185109
305.12648797142697
305.647134615183
305.85306695140684
305.84343111203975
305.8446938824106
305.8450950280103
305.8450950280103
305.8602381867164
305.8521208571836
306.2497249772159
307.3237000615635
307.4595880218027
307.99811086061675
307.9833867552367
307.9641181379317
308.0981034376993
308.1090777845938
308.13364712511674
308.2156530268304
308.21527552175365
309.5665868949236
309.55953880699985
309.54475579629525
309.5454467615211
309.5454467615211
309.5583036282078
309.56880122658725
309.6594711268727
311.6655930073202
311.6819032517728
311.73803318752005
311.7273102749955
311.9081474010282
311.8996694014383
311.87501095893515
311.85805362614775
311.86545008491265
311.86545008491265
311.86545008491265
311.91584494102403
311.91584494102403
311.9924437462795
312.0134288478021
312.0178110117467
312.03652765211484
312.02755201631004
312.02755201631004
312.0454563434684
312.994853842555
312.9926813275001
313.0060617735312
313.931905766889
314.84297842644366
315.0720488816706
316.4961859641908
316.6776379435382
317.07632876864255
317.37062414716905
318.2822227021832
319.26783190483496
319.5821758571346
319.6417368344749
319.80116267884864
319.782720871778
319.7041906156462
319.7753992302706
319.7753992302706
319.84532528082525
321.0830832888144
321.1634505038005
321.14525748897154
321.11611581946755
321.09580146890767
321.09580146890767
321.6484538453384
322.07232861152033
322.1910623918547
322.19043962894654
322.1728984698339
322.35578157854815
323.07481163487535
323.2871977929322
323.29222484764017
323.47572403506865
323.4558175005575
325.5461475439813
326.5953798932175
327.98829997479265
327.9804311649307
329.0649011573889
330.089841631736
330.1248274409218
331.3372179116774
332.55532348362453
332.92636024202125
332.94318873904746
332.9843787430448
332.95608085905803
333.4184409097203
333.4970739992957
334.29702175667586
334.44575181874063
334.567039280517
334.58069901366326
334.66544972096426
336.6029688380909
336.7131559156573
336.7207287264781
336.67511497929996
336.70169247268234
336.70169247268234
336.7348265582915
337.67205207709446
337.7360183548842
337.9298738723441
337.86706510225997
337.85804068282374
337.92045611228934
337.9863365743329
337.9607810084963
338.01368589852643
337.99526162038643
338.00338233058187
338.0006113464377
338.13985216853564
338.31811848772634
338.40504706335867
338.74014186017524
338.77025939518643
338.79311121438093
339.5358590111341
339.57783804189364
339.57711807681073
339.61005690531863
339.6596773739366
339.9145447926017
339.95138765649045
340.31371506187213
340.4341865137064
340.72561288264114
340.82802490369477
340.91212635041757
340.92585531995957
340.90019976905995
340.88649346360853
340.88649346360853
340.90012424875846
340.9183883623727
341.00793382026194
340.9809182494798
340.95350431920826
341.0442003649409
341.07715505216686
341.5333114948437
341.52564827321027
341.53538283007316
341.5559868585499
341.543100953029
341.60979824388573
341.6073476775035
341.6302153540519
341.63271512370983
341.6458421780684
341.68776052124684
341.6970861167493
341.69016232304784
341.6876714510645
341.97742938513994
341.96849211974455
342.01802982279946
342.0198385887454
342.17211724721284
342.19218854665985
342.4278290020061
342.4298450977748
342.4133817787271
342.40779864669605
342.5622595273198
342.61219484930785
342.6052369582728
342.7043493961774
342.7338301911728
342.7435765278077
342.7564248423908
342.7587986908329
342.7526430243303
342.76368468165134
342.86291023476855
342.82741036524254
342.83159992198284
342.8266041166906
342.8266041166906
342.86784888445334
342.96631275189935
343.0527294509216
343.0545460539792
343.0496571077601
343.0974600428753
343.09575384332567
343.07842489283786
343.0756289219873
343.0756289219873
343.0756289219873
343.0756289219873
343.0928182895395
343.2849275369984
343.26516393173273
343.2700470243496
343.52327352728145
343.53172389301204
343.535890892943
343.52432162348464
343.5271811522876
343.5339968054493
343.5673866661847
343.5521527548479
343.6994159672171
343.7000787506489
343.6823982657064
343.7355341126605
343.76255149399583
343.82529984245605
343.82601976918716
343.87976704152135
344.16683256601914
344.16396582133115
344.2283455158562
344.2444999218334
344.25638385913686
344.25520153259794
344.29682228090434
344.30613856552816
344.30372654068407
344.30407200011825
344.32586725288866
344.3110249686856
344.3110249686856
344.4543600576172
344.4408443289951
344.5787786258108
344.58771321134003
344.59033721951585
344.5614137605865
344.5614137605865
344.57267073412856
344.7473632170091
344.85461444053846
344.88263422416554
344.88209060763273
344.8312799028375
344.8312799028375
344.83625373443795
344.84685207086886
344.85301875846244
344.88506236909996
344.98882143677196
344.986637533226
345.158762116068
345.17584484708544
345.18512750941835
345.1846763068344
345.1846763068344
345.3803734274429
345.3547200904672
345.3783650593562
345.39189758582665
345.4068567727314
345.4598689607002
345.47085780309726
345.46527842955174
345.56242331127123
345.5819528372179
345.5760465141752
345.6646171062799
345.67764175006835
345.7836330204117
345.7941016224015
345.7849647462357
345.7909905668481
345.7921126349628
345.80183086215766
345.79359234129765
345.81023011850345
345.80766840008334
345.8253658162548
345.853253161034
345.8638413968765
345.8722209909621
345.87163935903857
345.97955672542685
346.009682744973
345.9922947438078
346.0009054234536
345.99830359662093
346.00504694171764
346.0504112129928
346.04272593620857
346.0281034066525
346.0467522637256
346.0467522637256
346.0500651329914
346.0599414947801
346.05941331274596
346.05858574128155
346.1242979709662
346.14616975691246
346.1867697872759
346.1825320592969
346.1454662656011
346.1454662656011
346.24215118466793
346.24421031071716
346.2451893613961
346.2857684460613
346.2990618888566
346.30680795847326
346.33466358849233
346.3384356031922
346.34313326792574
346.3672143386014
346.399459682754
346.4767665568515
346.49381047584944
346.5038023252819
346.49978220953477
346.49856023600915
346.49910303040497
346.5105306075428
346.5096582218294
346.50904828231705
346.5165795765237
346.51985897368945
346.53191183452833
346.5401961925187
346.5576990507506
346.560632636452
346.5653237911933
346.56785520381436
346.5614019538661
346.5614019538661
346.6206023879885
346.61644086176995
346.64239177422775
346.63744337711097
346.64346048631626
346.6437049132246
346.6437049132246
346.64407245165256
346.6533002027031
346.6700751425827
346.6618791487863
346.66128269690205
346.6589708588218
346.6589708588218
346.6589708588218
346.83366299122184
346.8263975795064
346.82511940006714
346.82653268385616
346.83766393801017
346.8406752114202
346.84780048712486
346.8835065311484
346.9043108705212
346.90421120177206
347.0667533484821
347.0657060252991
347.24233755416225
347.2458178525288
347.42007024296635
347.41246103736154
347.4057540768462
347.4153523717429
347.4260665707159
347.4180222366215
347.4764438086685
347.51129320882393
347.52709865883725
347.5259747207465
347.5132959532946
347.5197411392346
347.5348782734977
347.5395447958273
347.5594714815169
347.5831035961869
347.59371118956307
347.60966657620725
347.6135932989828
347.6132818805962
347.61401231692946
347.61401231692946
347.61401231692946
347.6173221698599
347.6173221698599
347.61865085583065
347.61859868488017
347.61859868488017
347.6190868667915
347.6428875887622
347.6263404288921
347.6327171235489
347.64151114315615
347.64151114315615
347.6411548405404
347.68498554525814
347.6918825701614
347.6943167290812
347.69757763196367
347.70374831424056
347.71009267809524
347.7041243389562
347.71413397354263
347.72271201499865
347.7556209561568
347.7548829785505
347.74566124562864
347.7880859614933
347.7966030180586
347.7821645693459
347.82768939013056
347.82471284195697
347.82757632111543
347.83278825239927
347.8350448210649
347.83731941894456
347.84541474443085
347.8401767838585
347.84982328619054
347.94116932831184
347.94967220612347
347.9511666250255
347.9896132689759
347.98120322997573
347.9794709942051
347.98115999922993
348.00362762801325
348.04269647767126
348.04897672324074
348.0448840968735
348.04455990214893
348.04455990214893
348.04455990214893
348.04455990214893
348.0518732566082
348.05936054636834
348.0654002445073
348.0680698566483
348.0636627925409
348.0636627925409
348.2007533427645
348.2052189512857
348.212458139282
348.36289315634457
348.36368697893323
348.37197990624446
348.3723252742368
348.38591260239076
348.3890516782396
348.3834133681095
348.38421908236387
348.38421908236387
348.38421908236387
348.38958714740704
348.3889294952028
348.3889294952028
348.5371958685709
348.5371914787153
348.5383277516768
348.53828853288366
348.6859717294904
348.68126765565654
348.67897585682636
348.6853206340017
348.6924101650741
348.69684169957105
348.6926632419731
348.70143581267513
348.70143581267513
348.70143581267513
348.70033538474644
348.70033538474644
348.70033538474644
348.7040726888607
348.7071012958307
348.7071012958307
348.70606555987104
348.7093303303758
348.7132535899537
348.71148221220807
348.7165622160161
348.75823009881765
348.7546919723874
348.80268451054616
348.90644569670684
348.9068895996682
348.9062872494604
348.90390683174945
348.90390683174945
348.9162305427518
348.92036240982566
348.9199604891665
348.9121250301935
348.91782784400056
348.91782784400056
348.91782784400056
348.91782784400056
348.9533035571973
348.9569202798183
348.96381142497205
348.97836757616534
348.9818918279422
348.983858278462
348.9676671111938
349.111348211475
349.1141687503236
349.1395190222926
349.15585181619537
349.1523300173708
349.1538598303095
349.1559668164312
349.1559668164312
349.1679095460734
349.1679095460734
349.1685817463938
349.1704756795304
349.1704756795304
349.1704756795304
349.1704756795304
349.1704756795304
349.1704756795304
349.17153681126524
349.17153681126524
349.17153681126524
