with mode=1, handoff cost coefficient = 1.0
284.05428328955577
284.1748012431335
284.35274059162447
284.6364084293128
284.80732950262023
285.0377901110278
285.09773517030794
285.23775760743985
285.4353723264407
285.575524883023
285.7308833467596
286.0501723296781
286.28449597488583
286.41854371612817
286.6695321221138
286.71090917938903
286.87192808947543
287.05722947501977
287.293039552236
287.45087855126013
287.6396991405362
287.8682647001239
288.0223214276413
288.07211903565684
288.1993383725558
288.49902683298285
288.74901497120135
289.0641514469614
289.3322574368327
289.52419298554827
289.7171791722027
289.944391195458
290.04058569536045
290.2661924274877
290.4378300034267
290.67055859860517
290.7254403617823
290.9389473180129
291.18200301325726
291.24873407749715
291.35003436334347
291.4711825048638
291.5820241389982
291.8064381138442
291.87965680543726
291.986684664204
292.27416462013076
292.29711032176704
292.543420339772
292.68884882774097
292.75223940846695
292.9699392949527
293.0888036108023
293.31687596721997
293.5537944852974
293.8181727984605
293.9548091713826
294.08814828414654
294.1721926232228
294.57919890618047
294.7667615497181
294.95702492235466
295.0453772629926
295.1294301160388
295.3749121466994
295.4215829555872
295.5833316726398
295.67868183382325
295.8793022026902
295.92976239551945
296.0029095110751
296.19797195651586
296.22119348488445
296.3769558906361
296.47052700394795
296.6720899279062
296.79453301568304
296.9398325011979
297.0384733325128
297.1748166683826
297.4483873843699
297.5085008647155
297.62650724926647
297.7049356508448
297.7951663392471
297.9858093215269
298.0490860104383
298.3513553030229
298.39522479744653
298.4344504400748
298.4836378332784
298.50565307529456
298.55374160619715
298.58934243555444
298.70443517397945
298.7646222572887
298.84468838608325
298.8704294822855
298.99465915239693
299.1522233945284
299.2006053654126
299.2482266248247
299.2646910809779
299.3586011677919
299.5585559935181
299.6086873452653
299.6206615603409
299.80592367670874
299.9271872920084
299.97185148475944
300.162344180319
300.19781904376833
300.2806803010583
300.30418595590686
300.3746371556722
300.41419786480674
300.4313069624025
300.5235943429107
300.5665702496854
300.6495232663862
300.81375164818684
300.84826347350156
301.0236715116956
301.11399249395373
301.1865039897064
301.2734841043349
301.37984050781466
301.5430181021361
301.60996937252133
301.62805576691335
301.7043025743882
301.85185522349866
301.9262301847907
302.0115754178171
302.0397439203814
302.0445964262948
302.2190776206625
302.29239241420095
302.37899091264273
302.40006214435255
302.4680711488765
302.48348957217394
302.61718809676864
302.67541154512634
302.7296743371783
302.79433506741003
302.96010674442783
303.1191961847232
303.16926515427645
303.28630796720364
303.34526810101664
303.3517434462955
303.37317947334657
303.5029501097187
303.7113380629228
303.8163866636086
303.88136541163465
303.90098821149115
303.96943525386047
304.04186562721645
304.1354727618356
304.4195109500757
304.45295448798305
304.51502724584554
304.6053980822055
304.7723559448617
304.8748652818837
304.9519199496894
305.06207704903915
305.0855633530782
305.12539555413434
305.18974957747656
305.2892577250967
305.47390652760527
305.60604714956753
305.6785619418273
305.6982262350828
305.71940999760756
305.8728067540632
305.9442808113882
306.102614321244
306.0914204252715
306.0983142289328
306.14574173310416
306.2807260159625
306.3041202156785
306.5033895604359
306.5562153841822
306.7153599664123
306.7542345069006
306.7935381612187
306.8585824897398
306.89883519917373
306.92910438862987
307.01318979593896
307.0276807133334
307.0377746017014
307.0864988627168
307.2738014416408
307.3001238056084
307.37902161902656
307.41341186592945
307.5215026837376
307.59300262401894
307.62617363392695
307.8159747608242
307.8778185694973
307.93776259315115
308.01459365262104
308.0436691021327
308.1263596077325
308.2231060426737
308.25268868862094
308.3067259956811
308.3682109394984
308.47780829845425
308.53790258630755
308.5483456797189
308.5746925671345
308.6085363356456
308.613237115636
308.6629588869862
308.745041878999
308.787732479925
308.7883594132417
308.87870950044817
308.89213739919
308.9696916667178
309.0370671630061
309.15706875583794
309.1700553393099
309.25442362020954
309.3361870536316
309.39172102144323
309.507192262029
309.6320572543801
309.6667728065793
309.68043638709355
309.67761479345745
309.72230457886303
309.75524159023104
309.82329409370897
309.8522354011469
309.9104501314325
310.0270492848128
310.16148459518905
310.1734683773711
310.1995914975683
310.22683308884046
310.2433840071938
310.23771474226805
310.2664287328005
310.34129242242415
310.34943077832327
310.4239380842884
310.5207931489537
310.6487887066781
310.69654456885763
310.7109392853046
310.73548319538077
310.7811380611664
310.81047420754516
310.8911650983919
310.9767247483928
311.0432700002943
311.05042640549925
311.15522257925113
311.22572442386246
311.3195403687273
311.40789146212813
311.45332441134826
311.52839463382674
311.65069243195353
311.7585622533695
311.8034396318954
311.9744847992901
312.06595573961994
312.15643432140115
312.17038630480766
312.21673274017405
312.2361041307833
312.263307919932
312.324467995137
312.31979380794763
312.4025370793065
312.5478706691061
312.56419228287166
312.6240983637067
312.68530464357906
312.7800519341982
312.83298988345933
312.89010164177273
312.9541207486917
313.0083225918843
313.011600582902
313.0189295149009
313.0562059534745
313.04912327703425
313.0579357804257
313.05243055570867
313.10670368588757
313.10850590963685
313.23332793772136
313.2745515468964
313.2914679652973
313.3155751710356
313.37025463398203
313.3771684321661
313.44015687627143
313.4455005619712
313.48469746539257
313.48258187090806
313.5301709326011
313.5576673300657
313.58828839184815
313.59913335844664
313.6102209229903
313.6233456737809
313.6647855140328
313.7072309267377
313.76438962541874
313.8431084396605
313.9100298551051
313.9362920908796
313.99949053262844
314.0347597953336
314.160092111596
314.25513629542024
314.27834007621453
314.3271775359224
314.33118707266317
314.34017143901224
314.3431712722691
314.34980561981536
314.3801183936914
314.3806337919714
314.4118422058755
314.47838968580663
314.5464671571306
314.5616923687611
314.59987601075585
314.6028975266051
314.6450350790149
314.6513061776673
314.7088528741879
314.72567082192194
314.7930260876367
314.85266922373035
314.86549992327514
314.85481886959207
314.8541211278236
314.8528495941801
314.86900251005625
315.0238992696773
315.06329191590146
315.16265426040195
315.25513482830036
315.27741248171884
315.28963652440206
315.4484550494821
315.44017668688923
315.458414455477
315.4763080800818
315.54244900511696
315.60626490535145
315.6230815785436
315.70979790680525
315.7672671840316
315.7653288616738
315.8108733856934
315.81763807927325
315.8787774400064
315.9471519364274
315.9828535661763
316.03230423859327
316.09680484607566
316.22497730076543
316.22401927571366
316.21548414442157
316.2841488244734
316.3052324049944
316.3329279293048
316.3841043669754
316.4130358918827
316.4652461652726
316.50682309143394
316.5536919262775
316.56558298279634
316.5752513680915
316.66463054468556
316.6585355253461
316.6651444220934
316.68671258163755
316.7502230087308
316.7980475234767
316.81497219038846
316.8984704478078
316.9537801705088
317.02618151039286
317.06319161982435
317.0896629389509
317.10597941556
317.13418153355565
317.1769986608442
317.1702549107538
317.1746978660808
317.2176165762404
317.22842708612785
317.2453089677251
317.3642895322822
317.4176321735166
317.45966915757106
317.4775510314142
317.6187017565839
317.6209739104939
317.6572495305908
317.65935101818536
317.7062574906922
317.7221068744712
317.7337941259433
317.76199827273524
317.8138959567366
317.84369719367146
317.85454191203314
317.8673265281932
317.8854770953045
317.91416751093936
317.960626253306
317.99581786459936
318.121757424462
318.15109623925736
318.19000402283984
318.20211599787035
318.2303163834433
318.2489616198609
318.26854840896345
318.27396640355556
318.2902953640884
318.3702987497945
318.43405923099897
318.4328605502477
318.4706133478171
318.47202691180894
318.4860647101291
318.49123098940345
318.5054573662924
318.51070584371104
318.52895982567577
318.5322387052333
318.58530657014074
318.6326638269345
318.6430374097968
318.7074173225175
318.7410707730601
318.77936257211235
318.7870222405611
318.81538294402804
318.8717947485097
318.8821541155422
318.9038246913221
318.93495420117273
318.95945803771144
319.034470489337
319.03892231674996
319.06378618417557
319.0894282761638
319.100243296219
319.1380850022881
319.1553218984384
319.1646653263682
319.2200873389851
319.2421602521337
319.2479135962972
319.2377098412796
319.2707291586877
319.31494176429055
319.33008400678807
319.3743746388338
319.3791149381397
319.4405830254038
319.51522239101007
319.52767978245373
319.5264043848622
319.56076523856353
319.54940971016
319.5622393523207
319.5842795130059
319.60648698591416
319.64421933506014
319.7003740797797
319.69604314773966
319.7153852095595
319.7556876902524
319.7819296507903
319.7939192072333
319.8626244632234
319.9273664255055
319.9441054008197
319.98183322947267
319.9868458499974
320.04086932076103
