with mode=3, handoff cost coefficient = 1.0
284.05428328955577
284.16957834440194
284.5081275140305
284.8308156548162
285.06478729704025
285.7282809318748
286.3144880703394
287.0337137426878
288.49113117904204
288.9993056398257
289.0012122420547
289.2691748714095
289.23872456558473
290.50298859224193
290.4891350236541
290.7358271821095
290.7827526452494
290.9604600843082
291.014647580342
291.04959556982175
291.40202958646995
291.77917198158804
291.7790091565348
291.7587683482672
291.98676646899554
292.03206963301113
292.04755741697505
292.01723820886923
292.19654284643855
292.3348480032632
292.4249335947933
292.4373882469351
292.4604853020623
292.4472350560277
292.50894028878315
292.5131826530076
292.5112680939048
292.48642210046506
292.48642210046506
292.48642210046506
292.48642210046506
292.72336252843826
292.7574796270856
292.81769966310037
292.77393129040524
292.90726251245275
292.9120781021446
292.8984611249503
292.90053542530836
292.9766975314423
293.0225264938486
294.3878020289509
294.4968700862156
294.4831869831156
294.56383664505427
294.58309217284426
294.5718212198134
294.6154882852299
294.62034545106405
294.62432373872275
294.5870816455769
294.5870816455769
294.59758450592136
294.6097426197531
295.3303573299556
295.47426879104887
295.594834847731
295.61201674154427
295.6257010167635
296.08997903470816
296.09809324082323
296.53008736492205
296.5114874894414
296.59985473695775
296.7661986365639
297.234885413148
297.2634462761909
297.7311705573709
297.7106115152396
297.76656121947127
297.7863424088332
299.0315245194545
299.74249972685396
299.7432761739067
299.7135585106021
299.9912298370526
300.0566465220801
300.1205173953214
300.4682605317535
300.49895990401023
300.6994174676501
301.3843310393983
303.00650441282215
303.3251156035211
303.56627866181884
305.5678730983512
305.73354463461476
305.71137106390034
305.6508740736723
306.2415153411448
306.31931627370363
308.0240742891991
308.07295311270406
308.08608280469275
308.69751698477984
309.28541166816825
309.30444108738476
309.3983503618378
310.61954761376103
310.64851824008736
311.50278455719285
311.44374721200234
311.4442362546053
311.80929556251186
312.03177780906253
312.03211245709025
312.01295432156365
312.072627721486
312.609222315819
313.0007608028408
313.08175171846506
313.6820459918218
313.8468925747448
314.0443532659688
314.05252289170767
313.9724843505325
314.0026073539274
314.08167554862126
314.1014079449316
314.09475120183293
314.72408839262306
315.1391443154551
315.1278937768588
315.1394093922964
315.1495125710092
315.1495125710092
315.59471028596545
315.6128320144475
315.6463865668607
315.671206589859
315.7191306348024
316.1492721750456
316.5366824549033
317.0386338518414
317.2396613396014
317.22016912600657
317.28553819810685
317.29802085497204
317.3135678793052
317.34971316407274
317.38742117140515
317.3952340780514
317.3734020362354
317.3724668416756
317.43649219250415
317.4342371569473
317.4213072932374
317.482066488152
317.5105730486214
317.4952453028346
317.8399957985714
317.97401575948163
317.9934174157428
318.03599401286795
318.03997678330376
318.1526227757426
318.1392899307615
318.18058844485563
318.21619788268
318.48071240546386
318.4952314547156
318.4815603374494
318.49090896150716
318.5855672565319
318.58638201238847
318.59117804977706
318.52654839304284
318.5620564696013
318.5882896903479
318.81146308959796
318.8140341330438
318.8547440270871
318.8934034300256
319.0751521315037
319.12572981618666
319.11752959471113
319.13162438985694
319.12465539860267
319.129416017179
319.1397858847572
319.15348635234614
319.1690597227033
319.18787084851294
319.2712883281959
319.87249176840066
319.88993331276254
319.8802968163446
319.95656185735476
319.9521081777208
319.93393848033725
319.9385725142451
320.0110165776675
320.73918082027535
320.7468865781191
320.77611951459943
320.7500654492832
320.80216766163795
320.7982820752803
320.7982820752803
320.8597036315407
320.8491592363276
320.8431611232802
320.84316529411524
321.30379460925235
321.35411734132373
321.35303017631384
321.36823199812403
321.3696151233004
321.3627523261064
321.3627523261064
321.38077021226377
321.44681716499275
321.44184555387636
321.44208424284324
321.43135877661615
321.45585571127066
321.47966322260646
321.4894860931518
321.48776103537597
321.4919980244127
321.63730730148154
321.6378887935916
321.6504423608402
321.610156253299
321.63826854416254
321.63826854416254
321.6426040149254
321.6541661659144
321.9604236333038
321.9835836971167
321.9834228074544
322.0125018783965
322.0055544213126
322.0144124159697
322.03470192039856
322.0568895135873
322.05983926963097
322.06324486078574
322.0831503196638
322.0887405562188
322.082257797887
322.0823374670854
322.0823374670854
322.2999271786792
322.3043920628223
322.28732778510624
322.2959630711708
322.31140902410004
322.3139083780036
322.2996373260796
322.3083852979074
322.3769475669485
322.3899925045315
322.3913621982773
322.379799926616
322.38399550234317
322.39718881229123
322.54982699429934
322.57562196831327
322.5922126595145
322.5994410839127
322.5794700270909
322.5830078789062
322.6108098864325
322.76377036423185
322.8280596883154
322.8457422492612
322.83856419347865
322.875970739246
322.8850926455667
322.88316733428906
322.98987589623414
323.0908383372922
323.06121637799276
323.1058045783475
323.1367745630262
323.143964907941
323.1941231151355
323.2020521786951
323.21701736764453
323.21935715232866
323.2245015244741
323.22329677656256
323.2332951751219
323.2263895765389
323.2263895765389
323.24132729520403
323.2465080748176
323.25261869998917
323.44232030021396
323.43901650989756
323.44231690127424
323.414952059714
323.4522883770549
323.4813513553318
323.4813513553318
323.64784676304447
323.6340122532551
323.641451460202
323.65384920764126
323.65384920764126
323.6666824242492
323.67850185563884
323.7120108076586
323.7212743506282
323.8878067998981
323.8920569068516
323.9012622558142
323.9246054642703
323.93411603342616
323.95941916801775
323.95975586182686
323.9687468660007
323.98755431140205
323.9819262518622
323.98878714905885
323.98096075034937
323.98096075034937
323.98096075034937
323.98096075034937
323.9868653829878
323.9868653829878
323.98967068559114
324.0027009429444
324.0091983864915
324.0522094529986
324.06049469541637
324.0550551968986
324.0563737030804
324.0719619881643
324.0818184153875
324.0976272654596
324.0919517276799
324.0996998028705
324.1019467665644
324.1019467665644
324.10062376373696
324.10062376373696
324.10836288601627
324.10836288601627
324.11193605305584
324.1100562826403
324.12972641442855
324.13752745450756
324.1609466893275
324.1590171307978
324.1614632130843
324.2041422211378
324.26249285697565
324.2725139405062
324.27318939566965
324.2762903234575
324.274869622041
324.274869622041
324.274869622041
324.28433418624
324.2887300158403
324.29145357511493
324.3009214592108
324.3109461511209
324.3174062924161
324.3103273324359
324.3157945365432
324.3211119543986
324.3281552409326
324.39544440039697
324.39465137749255
324.39816190967974
324.63698209700704
324.6267908760142
324.6524064742894
324.6541538083044
324.65305087379755
324.6518439358044
324.66298717548796
324.66256864025473
324.6877859669687
324.68415406542186
324.6820137206495
324.67949125570834
324.6940210509966
324.708538045302
324.70667045515205
324.7099051726753
324.70831320430773
324.75436013514167
324.74545765320903
324.7543430726557
324.7621473596936
324.7643384302364
324.76686988614927
324.7697037514627
324.77724188719645
324.7734341349569
324.7750683812069
324.77594763362487
324.77594763362487
324.77594763362487
324.81070434648336
325.03217686671843
325.0361285635807
325.03836733586746
325.04543084857863
325.05960877715347
325.0660482915363
325.06535594890875
325.06564683246825
325.0775784783732
325.07778808111243
325.0781197790782
325.074356338068
325.0874130944941
325.0847302822049
325.0888808899293
325.09584594967373
325.1108746072268
325.10943602049934
325.11631479148406
325.16411117502173
325.1666804759561
325.16411818381346
325.1640960041643
325.18906300688
325.19118313893136
325.1959976947578
325.19704793830635
325.19601148260585
325.1986867654109
325.1986867654109
325.1986867654109
325.2003271751505
325.2003271751505
325.2011272464356
325.20676934701237
325.2090492254308
325.2106580192467
325.2106580192467
325.2106580192467
325.22215502741085
325.26169272411937
325.25659202032614
325.25699726581513
325.2591146926004
325.26444057964443
325.26980539056524
325.26782537596034
325.2695030277373
325.27217639870935
325.2819594532442
325.285687089288
325.28397809048624
325.2803189295332
325.2803189295332
325.2877070039674
325.2931262433949
325.29616117449837
325.29545663812655
325.329953440023
325.331038921291
325.32395196408913
325.32188411126833
325.32188411126833
325.35833143212324
325.36311883966357
325.3643348069688
325.36136270302075
325.36136270302075
325.36136270302075
325.36753119273965
325.3723475002313
325.3756381094274
325.37772361482735
325.38987083248014
325.4001372809238
325.39139423083213
325.38590911801987
325.38590911801987
325.38590911801987
325.3928979989223
325.4039554640567
325.40445654071505
325.4075425905585
325.40156775974697
325.40601886244224
325.40601886244224
325.41818638003633
325.42010296051524
325.4215004226601
325.4198363562957
325.4198363562957
325.4198363562957
325.4198363562957
325.4639084994251
325.4643462211517
325.47224336998147
325.4720010609781
325.475123636798
325.4722695296707
325.4722695296707
325.4722695296707
325.4722695296707
325.4722695296707
325.4722695296707
325.4722695296707
325.4793316381955
325.4801163314065
325.48524189746695
325.4893918179298
325.4894352865266
325.48696020790476
325.4894307884457
325.4894307884457
325.49613946362024
325.49688106945814
325.49688106945814
325.49515600332825
325.49515600332825
325.49515600332825
325.49515600332825
325.49515600332825
325.49844335074295
325.50066466042995
325.50066466042995
325.50240320810417
325.5009514484901
325.5009514484901
325.5009514484901
325.55958487382395
325.56196767025983
325.5621360444453
325.57023139860775
325.57093671696356
325.56652860934076
325.56652860934076
325.56652860934076
325.56652860934076
325.56652860934076
325.57185326565315
325.57185326565315
325.57185326565315
325.57084224024294
325.57084224024294
325.57084224024294
325.57084224024294
325.5785856730507
325.5757295241547
325.5741501939389
325.5741501939389
325.58165019631355
325.58339497027936
325.5836982727879
325.5840543341723
325.58371596629803
325.5890929444925
325.59473795885646
325.5969916799939
325.60247717908686
325.6003056106039
325.6000800122934
325.6000800122934
325.6192443572325
325.61999475702345
325.62309086455326
325.6209231945044
325.6209231945044
325.6209231945044
325.6487710235045
325.65132809119467
325.6505585113969
325.6507650626491
325.6522017273599
325.6522017273599
325.6569965354209
325.65863569605193
325.664745257819
325.664745257819
325.667175955382
325.667175955382
325.67447202568934
325.67447202568934
325.6758162140863
325.68146476715884
325.7337384411289
325.71816816279863
325.71556584974485
325.7276578675443
325.7276578675443
325.7294734048452
325.72642845260873
325.72642845260873
325.72642845260873
325.73462392879924
325.7378923884353
325.74947094030426
325.8939984677554
325.8926986248174
325.8868941540036
325.8826582412355
325.8826582412355
325.8826582412355
325.8826582412355
325.8826582412355
326.03727543413095
326.0249429816997
326.0265491300604
326.06088799511235
326.06797673296
326.06906663700556
326.07337869961293
326.08086099804564
326.0891131136781
326.11443753901204
326.11612454706705
326.1057933907278
326.1036767597936
326.1085597482864
326.1085597482864
326.11597759719297
326.1236308760491
326.1236308760491
326.2872670552432
326.30294856478866
326.29460906297453
326.303082185074
326.2970439697172
326.30524097231694
326.31386288043853
326.3214597471608
326.3274667490233
326.33504719765796
326.33662764386446
326.34839903936114
326.3515246611554
326.5328622602846
326.535327136985
326.5321105023268
326.5236731589448
326.5236731589448
326.5236731589448
326.52917357126825
326.53222480938024
326.53741020966896
326.53741020966896
326.5387075228428
326.7062671081156
326.7105243492236
326.71607377614856
326.71481371195296
326.71958119244437
326.72011263124926
326.71970496980913
326.71970496980913
326.71970496980913
326.71970496980913
326.71970496980913
326.71970496980913
326.7262726029436
326.730156239943
326.7278443348489
326.72658241670405
326.72658241670405
326.72658241670405
326.737262823442
326.7341024410113
326.7344786037765
326.7344786037765
326.7344786037765
326.7344786037765
326.7344786037765
326.7344786037765
326.7344786037765
326.78407750910077
326.7881478125487
326.78048530063427
326.7808149168437
326.7808149168437
326.7808149168437
326.7808149168437
326.78869832653663
326.78869832653663
326.78869832653663
326.79189350779086
326.7985313566299
326.80416365122096
326.8003119538314
326.8044178846879
326.80221520885567
326.80221520885567
326.80221520885567
326.81141989195345
326.81637338188096
326.81338935360617
326.80982539418636
326.80982539418636
326.80982539418636
326.80982539418636
326.80982539418636
326.9673177925715
326.9680296916915
326.9790937340556
326.9786935853858
326.97495792440225
326.9731785864436
326.9775579675663
326.9775579675663
326.97946150535495
326.9833215288453
326.9833215288453
326.98430001799625
326.9840265752671
326.9840265752671
327.0047015740862
327.0006709570006
327.0024141039544
327.0348360599072
327.0348286153852
327.0338658657598
327.02438424826175
327.02438424826175
327.0313659573792
327.0365094820071
327.0350524009076
327.0350524009076
327.0350524009076
327.0677678832109
327.0801502574161
327.083219930947
327.0792391316231
327.08417826389694
327.08621223282813
327.09407820599796
327.0926547950564
327.2576720552858
327.25490845554856
327.2568986692579
327.25969730549014
327.25969730549014
327.25872442911964
327.26761495134576
327.27144523627373
327.2711877755136
327.2711877755136
327.2774270386545
327.2774270386545
327.31278059737946
327.3165269348935
327.3109421622989
327.3046667156935
327.31108523041354
327.3149750401506
327.3724667840508
327.3785496041083
327.38133500219664
327.38362182106215
327.37900262657496
327.37900262657496
327.37900262657496
327.38693331001895
327.3858584630198
327.3896942711918
327.38867434638036
327.38867434638036
327.38867434638036
327.38867434638036
327.38867434638036
327.3905533755414
327.410306517705
327.4152512706425
327.4145867674047
327.4146934370006
327.4146934370006
327.42159733375087
327.4203044852355
327.4203044852355
327.42069258203463
327.42069258203463
327.42069258203463
327.42069258203463
327.42069258203463
327.42069258203463
327.4238605567205
327.4238605567205
327.42541190246226
327.4269624303964
327.4318318714358
327.43370394753146
327.4336774817062
327.4392710481276
327.4371572264487
327.44483954066817
327.45049739870456
327.4510010110206
327.4594872659128
327.45903302721075
327.4635370776225
327.46496754476345
327.61963916140144
327.622340128642
327.620810649197
327.6186524693161
327.6186524693161
327.6186524693161
327.6186524693161
327.6186524693161
327.6186524693161
327.6186524693161
327.6186524693161
327.6186524693161
327.6186524693161
327.6186524693161
327.6186524693161
327.6186524693161
327.6186524693161
327.61963916140144
