with mode=0, handoff cost coefficient = 1.0
284.05428328955577
284.15003758996335
284.2407007206872
284.37006856288434
284.4371479442871
284.8641699351366
284.88000586810983
284.97001162548224
285.09274114975085
285.27936616468315
285.3155902079853
285.77578762138194
285.7420620139552
285.8469883037
285.8416960753455
285.9410253827945
286.2076970213754
286.23822328727425
286.2431390074061
286.26983429696924
286.2673152702415
286.50545656166594
286.4146672624295
286.4176909184832
286.74239486026704
286.7980211312794
286.7673391156919
286.89234486501493
287.00738649829464
287.0929486012889
287.0988895973044
287.1085728878996
287.127723489674
287.1750941698617
287.2640483844563
287.2746036587705
287.52084190397517
287.62609854606353
287.68443995042753
287.9652289369134
288.11708455079383
288.0993929546988
288.3205604947334
288.40547977163
288.690232015732
288.6908842106543
288.65567458102583
288.7057951193295
288.8912810642411
288.79553251915644
289.6728543677372
289.75963447334857
289.7605347314212
289.79262355487185
289.7925128251694
289.8575108632926
290.45894426257195
290.4605625205782
290.4545783380044
290.45688008341494
290.45457390055816
291.207519083582
291.4499185189982
292.3607724823743
292.47295705098406
292.4762417857304
292.78511084181855
292.8516960085373
293.0522997551396
292.9537320989782
292.9520929278224
293.43946705091366
293.5150737001825
293.6869651457093
293.6447005735804
293.9371192193234
293.9427559781409
294.4844423732233
294.4892462284951
294.5009457975422
294.5405138058604
294.57398587549227
294.5068301823205
294.5026618441033
294.5749355337931
294.7748393126727
294.7772376277235
294.8441267818996
294.8421681069858
295.61190162400123
295.6171828392736
295.66256425212396
295.6580461186491
295.67150907369376
295.59521335995447
295.6171181693003
295.73499493472264
295.7388487977917
295.8516247482678
295.927920462007
296.2684109463976
296.7394927272556
296.8497447600436
296.91809131901783
296.95192120614377
296.9547805505071
296.95499104885374
297.07891428401985
297.0733399672778
297.08586759613036
297.23890591548997
297.22336934476806
297.23369589060883
297.24599481979465
297.22746529386166
297.22746529386166
297.4974743699919
297.5644180825458
297.5348385176435
297.5452249585403
297.58046628657974
297.7444687598639
297.8361338292709
297.88319744346813
298.36129089141593
298.6989841009574
299.25567715694217
299.27165889537906
299.27265601787394
299.2904934449227
299.29091222775855
299.4375335195405
299.4485198241883
299.43682191609594
299.6224344729423
299.58130067195384
299.7617937055978
299.9807706162902
299.97059508496835
299.99812187743015
300.0071020388852
300.03443426673243
300.0370706319009
300.081333426447
300.2056128128845
300.2056128128845
300.1732707365049
300.1757034824292
300.1757034824292
300.3090183725705
300.3415843814327
300.3017877865991
300.29664615502014
300.23743572575495
300.25026748871653
300.3415843814327
300.5462705866241
300.5536183025565
300.5536183025565
300.5449532857982
300.79388209830853
300.86843059020515
301.29626319913206
301.2961804246189
301.3524316055301
301.35371414847
301.35413707213735
301.5722889744457
301.5431564859205
301.6146454678217
301.616207709214
301.61671199566473
301.6669621753241
301.7416132520888
301.7661213475729
301.80917628482166
301.8721662308984
301.8713632805122
302.1198391104728
302.12031594802863
302.3579571361425
302.3613139929621
302.36368391651723
302.38684390276285
302.38684390276285
302.7524989862397
302.8106382474065
302.8748548468828
302.95363468965553
302.95363468965553
302.95631994118594
303.00726495891655
303.0081309859904
303.009940509573
303.009940509573
303.01940970879355
303.02525078759885
303.02984884495635
303.03181801316026
303.07519342692046
303.3181564374861
303.33319660228074
303.33787896477764
303.32075754071013
303.56475354937817
303.56506697338153
303.57023018401657
303.60655746194345
303.607990640672
303.61401391510424
303.6732132507788
303.67099642367606
303.6873826567296
303.8340797392252
303.8107442799103
303.8214823622828
303.8214823622828
304.0141729246271
304.05402095861416
304.04727282013243
304.0578925829349
303.95406116992046
303.95406116992046
303.9568744118872
304.20636140199116
304.20636140199116
304.21562055320464
304.2014620179546
304.2014620179546
304.20755768090186
304.2135628365989
304.37638376169514
304.3779254665756
304.3795626361833
304.6844402141432
304.8564721795712
304.8641866674885
304.8575589485613
304.89777421000247
304.949498516445
305.0100340875714
305.018642344656
305.0557638945292
305.1048388213059
305.228890285062
305.39094447071466
305.3965052059204
305.48865098928434
305.5938251772283
305.61212772235115
305.8140885190639
305.87583696788585
305.88247506520975
305.9341062365449
305.93328999416144
305.93571807137255
305.9452445463645
306.0696566270635
306.2405183943482
306.26712790408516
306.34344447976594
306.3466096224549
306.3982095396611
306.43250223248987
306.42410002063866
306.4232303043954
306.41432031200355
306.3998221632722
306.43250223248987
306.4454444071804
306.5631222758156
306.5654044534482
306.7045189043585
306.701071766899
306.70459775481663
306.71011933538256
306.7289921603443
306.72711510145035
306.7826877430205
306.788673487291
306.89276130314283
306.89345885693746
307.005649787269
307.005649787269
307.04178738314914
307.06798380578465
307.07152164816785
307.07152164816785
307.07193032859027
307.0640739418029
307.05866753830225
307.07711380336235
307.07723669605986
307.23798394038545
307.24106672993577
307.278366554365
307.3047029038981
307.3044341177882
307.30542005824964
307.3103870720554
307.3213178764371
307.3198122814618
307.32245320649224
307.3928303177114
307.3900249776046
307.3912868549571
307.39530437644635
307.3956024704846
307.40428015183994
307.40428015183994
307.4088416003639
307.4336698458172
307.4522742980632
307.56922893920193
307.5746865660131
307.57324310971916
307.5741925405691
307.575115880369
307.6077975315545
307.611426227214
307.62295277952046
307.6316043801625
307.6371309524389
307.732553876132
307.7334604288625
307.73931584427163
307.7401102556403
307.76320104812885
307.7635088864422
307.7635088864422
307.7688317588188
307.77237635095753
307.82223796931896
307.8263410221558
307.8298740887687
307.83050390125396
307.84262741967933
307.8473434321334
307.84784231315393
307.8496629717873
307.8758278839998
307.8719885822558
307.87208130318476
307.8749812159124
307.8758761664293
307.8886837215946
307.89345908626336
307.9006821623295
307.9098198307916
307.9085661088611
307.9047353771336
307.94918253820197
307.95252336426836
307.9547985405544
307.95210338588265
307.9562397230228
307.9598283460475
307.96014675725104
307.96035674718445
307.9707487417831
307.9718984522346
308.04960011253274
308.04960011253274
308.0584652497199
308.0584652497199
308.0611331087011
308.0979147271829
308.09204232612694
308.1058991634548
308.2022205156605
308.2402249140624
308.2407173684095
308.252355868062
308.2833624031746
308.3139663875348
308.33397384496004
308.40141619477004
308.45732205436343
308.4601160893283
308.47659971882933
308.4777241605048
308.4777241605048
308.4762060927757
308.4762432736376
308.5292814845878
308.54530721353973
308.54676656521025
308.64949911411435
308.6609944743907
308.66229334719225
308.6531026092062
308.71006812401413
308.70989955179044
308.70383619743023
308.70248014556444
308.7224257140199
308.7224499749509
308.72612916406047
308.73145193714583
308.72815389591153
308.7286890432198
308.7314052272163
308.73506408034416
308.74011304167414
308.74011304167414
308.7452555593526
308.8021805664068
308.81097657616067
308.8112093436298
308.92390587195166
308.93010471186864
308.931840091653
308.931840091653
308.93416228237913
308.93416228237913
309.0303249301094
309.039836012879
309.0430714801942
309.0495216390703
309.0521523854472
309.1429384600085
309.233277502532
309.32844439132833
309.32844439132833
309.3772691851611
309.4194561237778
309.4250141831776
309.43193011943936
309.46222690562564
309.46511771610375
309.46511771610375
309.4662496854493
309.4724575680791
309.46964665155144
309.4697806880507
309.4697806880507
309.500901323138
309.50358692916683
309.5429325662216
309.63161209730674
309.63161209730674
309.63661467076975
309.6350301167809
309.6338311190642
309.67238113102553
309.67238113102553
309.67754455865287
309.68669956920365
309.7773006573234
309.7773006573234
309.7804759236731
309.7960807219837
309.8360142943386
309.8357556925119
309.8561705185398
309.87548761364275
309.9047167477148
309.91002090579224
309.91580715036247
309.9208033012091
309.9228702645101
309.92216154811797
309.9277429991498
309.92856348311926
309.92856348311926
309.9324925542861
309.9330099252921
309.9345987128155
309.9377156437885
309.97290151498885
309.97758082288146
309.97865948918127
309.9852664824341
309.987254848431
309.98673550859354
309.98218862626726
310.1213732349481
310.1281434347791
310.13661430610307
310.13683379283447
310.2995050853735
310.3001541249519
310.2968061423712
310.2949919496438
310.29775037098307
310.38400983351136
310.38400983351136
310.4411002661363
310.4362085706108
310.43643305781063
310.4354746044612
310.50729106694354
310.6719425007088
310.6748069617652
310.74340033913825
310.77451214033306
310.7730034040795
310.77574079607587
310.7924750629754
310.8119689623107
310.86206522036156
