with mode=1, handoff cost coefficient = 1.0
295.8421879001574
295.9897384124016
296.2811618807975
296.3721239564194
296.58629405759405
296.66461771352294
296.9640986625385
297.4057288638172
297.6629509481594
297.8922265330669
297.99461109239115
298.1660323045559
298.2383982817759
298.36955611582806
298.4922867124441
298.6991871487073
299.00678522017944
299.19516961702107
299.2360144460562
299.6513448720351
299.9415244108318
300.19022909973523
300.3819532099318
300.4943385476808
300.6785389518245
300.8276638952485
301.1956980247925
301.3679408957014
301.5440304446432
301.83609406684616
302.0049617061395
302.22438884755496
302.34631429708156
302.65725810135393
302.8335739881127
303.23260443432315
303.4503020902598
303.6109241521531
303.70017776887954
303.7347673184725
303.7542255107697
303.94718398326336
304.1274313262348
304.3476759830815
304.4978444715476
304.61443360518786
304.8378999379368
304.87341488114686
304.910461569304
305.05154521066896
305.0978272216315
305.3134832469223
305.38703323008906
305.6370910568713
305.7262474209081
306.0569085662628
306.2745039993605
306.32184172652427
306.55126735349074
306.68476781189975
306.86606762774727
306.96038338741505
307.32420045941103
307.52544646639745
307.60150634297486
307.70713314597043
307.8412257634996
307.9930402542175
308.0753471219168
308.21175054872367
308.42507806945565
308.5799052895206
308.74561266323775
308.8538436455614
309.0197129799674
309.21572463934547
309.4248103825402
309.6292566993626
309.7155817171224
309.97510193058685
310.09979331928355
310.3551914657083
310.4130360528652
310.5920810542619
310.66067659069546
311.0624119609846
311.3333022341699
311.59381595387765
311.93466490990215
312.1934188050694
312.33201144483814
312.44263440765906
312.681771479666
312.7859517906596
312.9262471241722
312.995074211506
313.2480726849393
313.27463638804926
313.39558956738546
313.48574882522024
313.68976805610043
313.7776589920176
313.92929042749455
314.18514376963486
314.4395531969896
314.5506971226969
314.91505889523995
314.9784901463061
315.1529213456416
315.424341424761
315.539283540338
315.60750840216303
315.6808825617702
315.8517604426117
315.9137149805869
316.3193080168087
316.36938952318593
316.3912109554335
316.6998204233579
316.7430426678052
316.7482552477483
316.98310314719726
317.1217971700287
317.1436529897325
317.31426359284336
317.34275086093277
317.4056843137611
317.59255143640524
317.62569979411103
317.88037145698985
318.1784498414987
318.3781898181737
318.57739122841014
318.6864678627001
318.76464423432424
318.95657690738204
319.23738363767
319.27929880713714
319.5133792057398
319.5822901576038
319.7101216823232
319.7458200896725
319.9151968506399
320.45516542168815
320.68021981552386
320.96480274939773
321.0081474032809
321.0258769600439
321.0550226492495
321.0542901929401
321.1536604114662
321.4765211144176
321.4872796507952
321.7922654342962
321.7986006949858
321.8926815990143
322.0384302001072
322.0989051509216
322.2566447753224
322.25573083556935
322.4608362757283
322.50062491420994
322.5561809697762
322.71974371558457
322.7975630021616
322.9184098310342
323.0205861164958
323.0401743502201
323.2027004766757
323.36309031115843
323.3750890853
323.4775785926675
323.5563559871435
323.5715833922458
323.57860424152653
323.66466471694656
323.7615871275084
323.8369835894972
323.85479272404433
324.0279669056431
324.2056600206489
324.24827969710617
324.3575445671229
324.39015841575554
324.47341827621426
324.7003175573545
324.7371055837552
324.88605511119476
324.88930526777654
325.07802716478255
325.1135651127051
325.28072282008634
325.2978400615219
325.3050715505957
325.3027319956341
325.3211321277142
325.3247378752142
325.3453788989597
325.4809486501002
325.6942464473227
325.69089835772
325.7749647151363
325.79117149214346
326.0374455589113
326.1196605742746
326.27179725628525
326.31339600040405
326.3949759288461
326.41662127889606
326.4310907444606
326.59178339917577
326.65442302229343
326.7439809870837
326.82623338532505
326.83126157686945
326.98080550364557
327.01910709004153
327.03215975644935
327.0816971706391
327.20127941768953
327.3244754303504
327.374232937019
327.420289100696
327.4811246829478
327.77278260020853
327.8172446835196
327.82521134258667
327.96628042851574
328.01886363376894
328.16324695967313
328.2685652969106
328.27346307347835
328.42826406934256
328.4569137472405
328.47998405457395
328.4823127993307
328.50149661016866
328.5979981824027
328.635923794657
328.75875389749666
328.7810824973766
328.8667467512968
329.0500236272775
329.1322328747775
329.13427067454234
329.3445743136956
329.5560541262442
329.58960868413993
329.5890233791361
329.5906526293832
329.6201282196421
329.63480375621253
329.71920238148476
329.78555041234256
329.78536815042565
329.9631476049679
329.97746732093736
330.0689856110958
330.2128344142228
330.3894208463286
330.5157621545975
330.6310716428497
330.69478322862875
330.7832994873726
330.8988117920822
330.89320974463686
330.9370259731421
330.930405212648
331.0141279663345
331.0073090630892
331.02027032616763
331.09464019389844
331.10208814684125
331.1197213705357
331.15608985802584
331.2210015532302
331.2661043364749
331.36236871491303
331.60769627468943
331.6055306909939
331.60502505398796
331.6852363956782
331.77976395617355
332.013882191383
332.1840247204946
332.2313410735902
332.23451574514127
332.2411158752321
332.29735624175817
332.39021337751893
332.3939342306204
332.4685568221443
332.47262881835394
332.6443431365079
332.6923303029668
332.6923980523749
332.7349954580805
332.8164191592639
332.86610824707475
332.8831359850543
333.0127999635779
333.0120602129854
333.06996695126827
333.1633514088959
333.1905198249559
333.19799429185963
333.28522420258884
333.29329844790556
333.2930716984667
333.49791495771206
333.5772233862345
333.6109242768893
333.761911288547
333.780884716198
333.78943573335
333.88040242160184
333.8820708733702
333.9206358608681
334.043496855421
334.1080721607998
334.11265232302287
334.1133804462979
334.12658990127494
334.1357505128824
334.2267101509734
334.2388729439341
334.2833428749575
334.3199958486453
334.3322691774965
334.3810127190456
334.4531735581633
334.44564055574006
334.59161171468145
334.67577079136674
334.769874772314
334.7833436542124
334.77902071989143
334.77573653314573
334.7691030301806
334.7874005744455
334.84233169795647
334.85555593067005
334.90024182131305
334.9286859959087
334.92856149561834
334.9728727112824
335.05543865267623
335.07398147291366
335.09390321184253
335.19223548216104
335.233592525836
335.2592087401573
335.269572505142
335.280928445526
335.3160249305674
335.36051288752157
335.3895236261926
335.4403209592424
335.5251306553834
335.5567365688129
335.5709469808918
335.6521811757718
335.66031744668686
335.79725220520925
335.84058429478574
335.8899156665954
335.9188636168001
335.9172948201043
335.9452603376868
335.9591261094087
336.022948181338
336.0287206622374
336.073871605014
336.14522570812716
336.15376813553473
336.2504470130095
336.2707392825154
336.2627066940932
336.2875838635229
336.42235084066124
336.44108715443366
336.45204623443936
336.48616577084795
336.5378897060675
336.5749439504594
336.62413712813174
336.62782497972995
336.7162268412883
336.77181422300197
336.86485618645827
336.870961018474
336.89310061216565
336.9942934383572
336.99520675026014
337.08394778532886
337.16417633916745
337.2344290387789
337.236904814437
337.26976510894656
337.2728801482674
337.2813247778291
337.3298079734883
337.4219283427219
337.42717450689804
337.56418345768725
337.6743685176714
337.67690233647886
337.71398899363123
337.7095808564183
337.7882203812837
337.7874564600957
337.8324114726843
337.82947138702804
337.86171944343613
337.8782228800303
337.9543568686571
338.02126538297557
338.06573145541836
338.1549631656953
338.2278522731139
338.3203393333514
338.3341232220556
338.41483341618175
338.4687114299575
338.5876367590182
338.6182364464564
338.62985533548454
338.6307046934589
338.72525200204143
338.7514587232926
338.7555636100767
338.7642887598393
338.78242540829757
338.8297941160757
338.8959346749099
338.93188726149873
338.9775614590853
338.9827283544284
338.9866131082472
339.1280348105269
339.16229650545824
339.1738497097417
339.21403705771945
339.21691250942837
339.2527310338717
339.2577128403399
339.30002818686336
339.300081393592
339.3219649119603
339.3538432420265
339.47051114923164
339.61053971004634
339.6452675746996
339.7465929104713
339.82110210110324
339.9372357597602
339.9806809402382
340.1116392481319
340.2030446975297
340.30188277120834
340.33116943265577
340.35368214247586
340.38977454797345
340.4663906831277
340.47509660924476
340.5865037858866
340.64879405746916
340.6661124367994
340.74384582924466
340.7911854521861
340.7984187499355
340.87617407522794
340.8749722470032
340.8903836090414
340.93029583704566
341.019099292871
341.06401374020174
341.0852256708803
341.17095806888887
341.1969578786362
341.21258620643704
341.2166976288918
341.28200812647526
341.2759786860635
341.2766525579979
341.44132806296363
341.43842819514595
341.5659711789193
341.61663686318406
341.6209864519225
341.62147476705326
341.68608752527473
341.71710930275054
341.7349289781191
341.73537023817676
341.7965826148942
341.9223063141771
341.9689222897746
342.00423107955595
342.03851154743325
342.03936395020014
