with mode=0, handoff cost coefficient = 1.0
295.8421879001574
295.83902353236095
295.98450156726614
296.16177367210054
296.3893742491668
296.3893917533371
296.55029178865794
296.5421956624084
296.4940289249755
296.5157364762517
296.4519851191221
297.8464533588779
297.8431634295219
298.1469724314583
298.1591040022769
298.3012828787904
298.773188317111
298.725944119965
299.43949876236786
299.60076940124867
299.67388643891894
299.7082351197036
300.0444395899836
300.05067141714443
300.0934128130604
300.1307549272043
300.22537699854496
300.19076895682934
300.1718617825837
300.184314788451
300.31839635259774
300.3161156229106
300.8695668752165
300.870795901298
300.85718283469487
300.8951699239687
300.91779677028444
302.2214949761111
302.2701705234937
302.5512782884074
303.1556648326343
303.183037750129
303.47498852572164
303.62795515286496
304.3649182139985
304.4438396230205
305.9230646351432
306.03711093449175
306.0666779955574
306.02781551983975
306.01868591165277
306.0623885732138
306.0471974139629
306.0666779955574
306.145049301309
306.2242884562114
306.2347433827289
306.26724022555703
306.30828927908493
306.32387433697824
306.43152029501306
306.42760980295884
306.4628856859581
306.4975328259564
306.5513326828974
306.58067047646614
306.8557231574333
306.87126168925863
306.8650238846356
307.2146849786564
307.287332268175
307.32047853876
307.3267163433831
307.7896520917829
308.30282892476447
308.67787062629856
308.85612949163414
309.13395086459514
309.11441571815004
309.11391391240494
309.2763520027608
309.29590417156146
309.3368830942194
309.33735125476227
309.4965104660402
309.4973246733158
309.58750966806457
309.6397389972447
309.6397389972447
309.71869775384295
309.81084547336775
309.83080952012835
309.9246972629204
309.9654396174558
309.9633273995877
309.9638299502843
309.9510476794031
309.95897385747725
309.96768464816614
310.42087602813797
310.49516210334076
310.49545336605286
310.4963422214493
310.5374412266076
310.93098209706824
311.17397792647506
311.1968771672801
311.1972796062159
311.54424348545604
311.59411543663697
311.58337204240644
311.55139943231995
311.6244665214305
311.64823814904133
311.6560291587469
311.6557713480715
311.7205796109775
311.75641913363563
311.7956579057015
311.8708938209277
311.88393398177607
311.90472905140643
312.3451894369007
312.34186447216604
312.3424923792995
312.3455125319648
312.3342749701942
312.66469049524056
312.8203610474804
312.9144127200637
313.01669948402053
313.01293343103237
313.0081031727691
313.01243492641623
313.01205599190575
313.0212599764745
313.1086444650474
313.1115568092591
313.13918026626214
313.18067627998835
313.20696023727817
313.2548007041581
313.2484045624956
313.2486005367645
313.27807486290635
313.546948677908
313.543982713971
313.6233524166989
313.6192883600234
313.6201143438812
313.62042014029925
313.63935662276856
313.6378422002905
313.62521142750495
313.91047004392027
313.911170378675
313.9360755188321
314.16806473335134
314.160786528053
314.7828423149028
314.7777245116027
314.8256870024594
314.88488844306784
314.88187353078956
314.88187353078956
314.88170759453396
314.905955800069
315.0715792544044
315.35877299867167
315.3876736703749
315.451282047288
315.45873098678885
315.81014333204394
315.85713497453867
315.8496875480456
315.8565988345602
315.906232739432
315.9094751094471
315.9339078292936
315.9474332498826
316.0908544395848
316.09072821009687
316.13588198771976
316.167010622638
316.167010622638
316.2121339641008
316.2239727041406
316.2248559253043
316.22490969774367
316.2121968574323
316.2082335923585
316.28474675873883
316.28474606241525
316.5618045030087
316.57721282559976
316.6342598364515
316.6344877053525
316.9299679257159
316.9308310422998
316.9872098067175
317.0007609987565
317.02945400364626
317.02945400364626
317.0341882320653
317.0346365804862
317.0298802424873
317.2884863600396
317.58976058378363
317.6878585641979
317.72655427979527
317.73933631452513
317.74047257049324
318.09638766089444
318.0874688517242
318.4777822120821
318.7712235913759
318.7617203056358
318.7946457858444
318.84913210274425
318.85805508283954
318.87586301987926
318.95606497149595
318.956301023036
318.956301023036
318.9508093974642
318.9509771295288
318.954813223478
318.9601372091313
318.96169836838845
318.96190162327105
318.97087556993426
318.97603231105495
319.00914550241197
319.0459748514094
319.0459748514094
319.05813668438117
319.05813668438117
319.0851352968644
319.11230954026735
319.1222840388603
319.12142748658135
319.49213129349295
319.49851403514236
319.51497854913714
319.5049993186047
319.5139490347654
319.5585434626476
319.8314627680763
319.84353729496877
319.8354919107015
320.1020362931407
320.1115260616795
320.3657970098333
320.36864175921625
320.36720861907685
320.3711367724547
320.38167791234906
320.3831196726086
320.3859054420518
320.3824022743355
320.3824022743355
320.6749546000605
320.6785618235085
320.6834524365721
320.690806134362
320.70823280453664
320.723473970758
320.723473970758
320.7239001594633
321.01577212028235
321.02844295594656
321.2971349584404
321.4285199267838
321.43257162095176
321.65685059169925
321.98291248632825
322.0788358612329
322.07377164350993
322.0761996426067
322.0875825219485
322.0743248693925
322.28607559090767
322.28575246278467
322.2869959996859
322.38690598618143
322.38376086812025
322.3838310931899
322.37247859354795
322.364016065815
322.38690598618143
322.40113197117273
322.4063762640125
322.4018163378475
322.40813199405403
322.40813199405403
322.40813199405403
322.4098662365869
322.41845663519103
322.44287847452046
322.45070687555807
322.45471187790287
322.46690381379784
322.46690381379784
322.46654574063456
322.46658563634395
322.5446788869362
322.6356793332635
322.6393977478376
322.6955580615971
322.7322905980807
322.7336996111245
322.73409189921426
322.7372681771901
322.76582540307834
322.8700560653392
322.8701627860454
322.8696471798614
322.9422265378243
322.9484961319434
323.1364639536648
323.14544093119076
323.1501871584223
323.15803568633436
323.15805438183025
323.15844298205946
323.1575992589795
323.3297041517032
323.34643132100473
323.3525818057089
323.3604446232863
323.498874985164
323.6437557012407
323.64141732009455
323.64328454655987
323.6529576430653
323.78504235995047
323.7861566400459
323.786616318753
323.7991018107463
323.93181798059214
323.93043051731587
323.94664783646846
324.15492937111156
324.17371893987143
324.17388407571445
324.20193663938744
324.2052118603938
324.20543688156636
324.20543688156636
324.20543688156636
324.2350049042797
324.2351357156414
324.25389720750576
324.27679231820645
324.27679231820645
324.27593410101827
324.27593410101827
324.27536257456933
324.27704942095875
324.27704942095875
324.40175404327414
324.41997145437085
324.5161009169068
324.51228738759664
324.6764943092277
324.6887851892823
324.68959659627234
324.6884259778285
324.68959659627234
324.76758872790083
324.76563653578734
324.76412534734004
325.07333092988773
325.10091379203556
325.1031083228571
325.2365224980007
325.23711124973954
325.23683741998343
325.23683741998343
325.23649344966725
325.23722045181216
325.23833205606786
325.23717028402376
325.288495672343
325.2876675825956
325.28785904325645
325.2954448979943
325.2975004870162
325.29818496746196
325.29901708733627
325.49564799137835
325.49564799137835
325.4973200047104
325.54035494209614
325.64532093121386
325.6508009688199
325.6481215348105
325.6481215348105
325.6517023842947
325.65048378447034
325.65056654502854
325.6760552084982
325.6744410825014
325.6754307123285
325.67297370407425
325.675340855442
325.6760552084982
325.68350616328553
325.6840561694904
325.6843205097464
325.68549481533427
325.7126587050784
325.7139209635848
325.71453677004
325.71498565119555
325.71498798720893
325.7146922245326
325.71535341620506
325.7153828485666
325.7149971505429
325.71514156030366
325.71921195757767
325.84341291954735
325.843422297754
325.89046143269576
325.8961537630401
325.89617643176706
325.9028624020028
325.90543774924515
325.9066615029765
325.9066615029765
325.9076912035168
325.90786664625415
325.90759376225236
325.9095555248468
325.9114303681071
325.9114080894347
325.93253419287055
325.93253419287055
325.9364733160239
325.9409609067203
325.9421941202029
325.9425464762513
325.9638897605919
325.9726751268385
325.9796161978326
326.0731326058576
326.2000832751133
326.20220593963876
326.28545801945927
326.3025942304894
326.30453538075494
326.35474815399505
326.44906197229363
326.44906197229363
326.4505806483431
326.450771304883
326.488734942521
326.49371995080975
326.4962189805402
326.54595196493915
326.54570947568396
326.55022890720807
326.608190722824
326.6937918012282
326.6971257397272
326.7001776067453
326.7010679551277
326.766813084316
326.7669317912121
326.7670010431349
326.768485404178
326.77592925196484
326.78284315513355
326.7880054913114
326.7873127753227
326.7879282042698
326.7903298220843
326.7903298220843
326.7907405339504
326.792745842426
326.80987206452534
326.81718008073636
326.81730988052766
326.81738605009946
326.8172597013247
326.8172597013247
326.8183582276649
326.81970977473776
326.81970977473776
326.82147684172355
326.82148652998245
326.8228657949151
326.8223276550571
326.8244601704358
326.8245020517579
326.8270691045371
326.8678329327808
326.86789434819116
326.8676395560185
326.86971440279893
