with mode=3, handoff cost coefficient = 1.0
295.8421879001574
295.8421879001574
296.08536994970797
296.0850796616032
296.7087338877054
296.8289584558246
297.17655182599935
297.4180992344238
297.3926141448673
297.41629609323894
297.9317207662556
298.06340561857246
298.1693261477534
299.04730542999914
299.09176047750077
299.08256069873323
298.9798251521096
298.9798251521096
299.0072762320599
299.7683000593141
299.88336623574247
299.89313680833567
300.04619744858877
300.0477073751837
300.4741277782883
300.4582438532599
300.72500188757516
301.9564733433549
301.95117081435444
301.8574095840621
302.08348648219436
302.1690358895037
302.23343501840117
302.231238109218
302.22828019027264
302.33335686838194
302.23984695275243
302.3103635868605
302.3983047707443
302.4721497170297
302.53850099177845
304.4860936937154
304.51309595733443
304.5706587652253
304.5695108242972
304.6060871204311
304.54149949637315
304.54149949637315
304.5917586394637
304.8864125075476
304.90115391515906
304.89924911211773
304.91561322053076
304.917085631919
304.98418853258033
304.96559405736843
305.1118644803344
305.4015024586736
305.40696798473425
305.39458510992216
305.40364059703643
305.40364059703643
305.46961370567857
305.53262174972343
305.6060966143604
306.7690334211834
306.81875453634785
306.9075056640986
306.89279788916934
307.00969311377537
306.9918613870462
306.9927108684239
306.9942676751018
308.1732705412382
308.6097978211924
309.1183376651992
309.1697264297074
309.2220501159706
310.37579486925944
310.34385644966676
311.8333160614319
312.2598985811167
312.2695504452812
312.93666411240554
313.24876934791143
313.2485783110743
313.22391692112103
313.22302177719837
313.3746255668414
313.4243451536445
313.45886885116226
314.52543390941446
314.4991296050795
316.3732398785241
317.3895819684042
317.70603486927297
317.9559381074743
319.04303591436496
319.08124829443733
319.34018760968894
319.544509296243
319.6239390801473
319.6209619073098
321.0528398266992
321.07792553054173
321.4473278295207
321.46104539664367
323.37777472382226
323.3651161371405
324.94465415753706
325.4145720104843
325.7611711470758
325.6878115779445
326.04859007470384
326.0849973778349
326.3517148331288
327.8086242243479
327.971646323422
328.12774354924767
328.17014257772206
328.2027794858369
329.0044071630253
329.06909533072576
329.19786507133705
329.4984355313293
329.5517298741124
329.6569168244022
329.7414572989147
330.03315311729716
331.21381101656533
332.41216642383597
333.37542537951845
333.3769878557832
334.207077290858
334.23447290087984
334.21595510755463
334.1824369387571
334.28192683452215
334.31138456080004
334.3178755364991
334.2761056300668
335.5167326486039
336.0816952985639
336.2142695984659
336.316851445173
336.503272490054
336.56300748373604
336.5233748493941
336.6089621587405
337.73251725040853
337.7257130476079
337.7348844459782
337.8590128366875
337.9280947213211
337.95799501980326
337.965653615951
338.0432479678989
338.0695061532894
338.08818214835503
338.1086185079282
338.1249799523816
338.12697565180594
338.15087085009856
338.29758804868436
338.3706754850748
338.3738716115369
338.39534043116123
338.4563023121853
338.46285148138605
338.5711521314547
338.5631819750742
338.8262148170892
338.9397040372125
339.00110513905054
338.98804971634246
339.01921207009883
339.07005762961677
339.12165556712336
339.1282382469026
339.13845539118375
339.144614845358
339.15291744281046
339.3404520057581
339.341315210597
339.34876790175616
339.3411724543851
339.3731530464865
339.37460961373444
339.3836912346505
339.5366158517053
339.54978073741097
339.5486449671091
339.52995058681074
339.6042639138501
339.6126252272664
339.7829110498335
339.78358756008936
339.784180392081
339.80402330139077
339.87441198410534
339.92434200650587
339.9457608746864
339.9651488921062
339.9661590711213
339.97751746485903
340.01844785702133
340.03559919633966
340.051714473544
340.04963465303587
340.07795839927473
340.09552454286495
340.41434272199007
340.40733841510774
340.40522138472767
340.5094674449047
340.60533895241485
340.60572824255325
340.646472791603
340.65191762059743
340.699741062439
340.7456582386665
340.7487608286084
340.7515039562141
340.7701595234139
340.7657326895468
340.7530326844393
340.76367399845384
340.76908562264475
340.7733263391169
340.7648479562746
340.7648479562746
340.77738752812974
340.77738752812974
340.77964337845145
340.78269283008547
340.78541751523727
340.78541751523727
340.8030407761407
340.8031247598381
340.8317234438602
340.8318485121306
340.84321736769596
340.8433962048608
340.8442288906665
340.845611104986
340.86299952958933
340.87495871490796
340.88429535010414
340.8946114018946
340.9168665468736
340.91528615278924
340.9465141064559
341.11415014134843
341.10930776436663
341.5859998103095
341.5639262826032
341.5884644811475
341.608428350175
341.64658872616025
341.64774985236016
341.63419595953343
341.63229506627204
341.6386677045944
341.6386677045944
341.6689867410408
341.8211834366961
341.883594978551
341.9677953297745
342.01407488334496
342.01049448993825
342.02077673870696
342.0207439669875
342.0387758159034
342.0263816339097
342.0330271129414
342.09882125623517
342.09521089707033
342.0790746801372
342.10367825051645
342.1033268689269
342.1033268689269
342.1629747204364
342.16374235831427
342.15033479707125
342.2077659795967
342.2169445403128
342.2286650692227
342.22922243652727
342.25059400776826
342.26215365186056
342.2673848175822
342.282129654233
342.28525570613624
342.2945132170849
342.3019817388823
342.28930758224095
342.2983889473375
342.2989069124488
342.3081496097382
342.3539230981072
342.3763161989713
342.39865104185844
342.3857364197257
342.40107251712544
342.4049760984615
342.43298407408196
342.4294778441411
342.4305401938209
342.4196766061183
342.4196766061183
342.4196766061183
342.4196766061183
342.43147065012863
342.46572103860467
342.48661387444315
342.48610214991186
342.4958041286569
342.50710687330474
342.50220582372316
342.5025935833651
342.50533730871217
342.50533730871217
342.5113830332283
342.51363057697534
342.51289722886906
342.5120460558167
342.5538316320619
342.612637058629
342.6398873948818
342.64769575263296
342.6566542025655
342.658155139007
342.6562522139212
342.6779734584136
342.6828814051674
342.67495135760674
342.6734543802167
342.6734543802167
342.6788378483912
342.6788378483912
342.6788378483912
342.702389390514
342.71197394797406
342.71404179414566
342.7050850763167
342.8302159493991
342.8276866121263
342.82880543581297
342.8357388982781
342.8416607951114
342.8420522888984
342.84180972126006
342.84180972126006
342.84180972126006
342.84180972126006
342.84180972126006
342.84180972126006
342.84180972126006
342.84180972126006
342.84180972126006
342.84180972126006
342.8457854738426
342.84700822145584
342.84700822145584
342.84700822145584
342.86293629263866
342.8596616118791
342.86134014725616
342.86096243160887
342.86096243160887
342.86096243160887
342.86609795776275
343.238796861545
343.2415993840123
343.24283543657276
343.24256556441566
343.24256556441566
343.2763339620358
343.41578670755274
343.4204616009944
343.42431859833835
343.42482557696025
343.42518158926225
343.6513646055075
343.66620414365406
343.6868916454117
343.686376098767
343.8096173571821
343.80466448304816
343.8046833724177
343.8303882713057
343.82214786547564
344.0236290752609
344.0366474104107
344.032246899946
344.0191283581745
344.0191283581745
344.03400446397154
344.03400446397154
344.0351871828408
344.11307002647766
344.11015975325085
344.12434860881604
344.12444226221356
344.12444226221356
344.12058336879755
344.1472320235407
344.1438780116317
344.1462836290491
344.1688329310006
344.1733388380246
344.18903842723626
344.18917730598935
344.190599210084
344.186931191864
344.186931191864
344.186931191864
344.186931191864
344.1909794153305
344.203066997554
344.22685053095694
344.22757937148225
344.2211352174693
344.2305105307956
344.3488256497606
344.35135649958755
344.35550273738687
344.36103249178746
344.3649272105175
344.44901865971116
344.45086788059206
344.44953504124993
344.4493233193988
344.4493233193988
344.4493233193988
344.4493233193988
344.4493233193988
344.4493233193988
344.4660404285667
344.472790058127
344.46826212418597
344.46154233453166
344.4743933911067
344.48261090951894
344.4858459274939
344.47758514301745
344.5073158740926
344.508521640043
344.5238003916355
344.52525459535303
344.5227342998447
344.52484850999815
344.53507030270055
344.53606733996753
344.5511921744934
344.5544162788576
344.5561492417312
344.55035500034586
344.55435605759016
344.55435605759016
344.55435605759016
344.55435605759016
344.55435605759016
344.55435605759016
344.5582835149902
344.5582835149902
344.5611623395535
344.5611623395535
344.56230857607164
344.56270528771114
344.56478760015614
344.56478760015614
344.56478760015614
344.56478760015614
344.56478760015614
344.56478760015614
344.5698026960164
344.5698026960164
344.67358798568307
344.6763759219416
344.67930257437973
344.6812806964747
344.6846712996177
344.68506491243534
344.68506491243534
344.68506491243534
344.68506491243534
344.68506491243534
344.68506491243534
344.68506491243534
344.68506491243534
344.68506491243534
344.68506491243534
344.68506491243534
344.68506491243534
344.68506491243534
344.68506491243534
344.68506491243534
344.68506491243534
344.68506491243534
344.68506491243534
344.6846712996177
