with mode=3, handoff cost coefficient = 1.0
232.4441055482701
232.48992818624095
232.81695607988092
233.07996675712906
233.15615164260618
233.82500493915484
233.81957955406665
233.82197950853185
233.82160142880315
234.05047505136594
234.28239434541393
234.54875703201077
234.54632664073984
235.12154403043422
235.2564483102198
235.30407560135347
235.71315513227478
235.74806758211838
235.74837898710825
235.86299501211687
235.8628204605709
236.31161964080223
236.31138448841136
236.68697708280973
236.68694973929763
236.68655777715634
236.80552881266232
236.8056937657687
236.80406057505962
236.81645344139542
237.7042911278125
237.70454249714294
237.75433086819027
237.75395405567576
238.7100618854053
238.710343141674
238.78593698473583
238.78569258763406
239.81781923363627
240.34914723814308
240.64979736859814
241.02218641406364
241.4548593221012
241.52443204015603
241.52455597605584
241.52459427713816
241.67761683579857
241.6847285770114
241.74143699994264
241.77288396880041
241.93443646059717
241.9343694539042
242.00909089119764
242.02288027083483
242.03950226901424
242.05020999854779
242.06612740913394
242.07238212939654
242.0969982134036
242.0828321672655
242.08253321251968
242.08298823153788
242.09642032314252
242.12962182486763
243.73838915892264
244.2591856303596
246.618845399436
247.08101232232866
247.88670927702486
247.70974798402239
248.4201425038259
249.67843384394243
250.6093253027105
250.89410843764642
251.04113623187328
252.02275823717494
252.02234131115296
252.41849475081375
252.5221522019336
253.06753473333103
253.09106814959065
253.57236803875531
253.5569311172912
253.5199988206721
253.68487426944793
253.6925714331464
253.85844758151975
253.8586345372135
254.4870934886336
255.8779369399154
255.92448226929693
256.009115820256
256.13447828009384
256.14341178964395
256.1309355496325
256.9292879459951
258.2119915477279
259.21690341210876
259.3061793388408
259.3517555995163
261.8702000418119
261.8970872601459
261.96031973013
262.3334096565306
263.2430204178669
263.6405381285483
263.6628367152996
263.69148345395234
263.83580232505216
263.84580160570493
263.89267693718864
263.94804584614656
264.26839316555396
264.6420993104065
264.7575502698659
264.78364165547134
264.9300733451178
265.3189515932718
265.38088016178574
265.5601958084118
265.6266663477609
266.27893096089434
266.26753326265515
266.2673577446802
266.4795802703926
266.6544283960576
266.7092471441852
266.8146272826963
266.8618723352264
266.92545343728597
266.93479398454434
266.93561529197444
267.02020911299394
267.21185217127686
267.23707666789124
267.23929740123924
267.3569052731784
267.37068309088227
267.3863304538128
267.79912715548403
267.79282239521876
267.8218361812639
267.82845905887586
267.8734394131883
267.8760099678746
267.87812672591883
267.88110221480156
267.90137735145055
267.97179079864844
267.97087316405475
267.97083122145017
268.0101427335194
268.0624740829584
268.0700985805456
268.0875811040998
268.084277905449
268.2654135849684
268.27701644575444
268.27752992331517
268.2797862884985
268.32512780750005
268.3239853576222
268.32479197518825
268.3636015570206
268.3540849791227
268.38697348337473
268.3870186231621
268.4028525955834
268.42910694121724
268.61251857254973
268.61255150053535
268.61270257994966
268.63690191687226
268.6431577509077
268.6438211888728
268.6612805333775
268.66084456337165
268.66084456337165
268.66170822182414
268.66170822182414
268.74250236744507
268.74259970454494
268.7667069129703
268.9090593367173
268.9393391504782
268.94132616159646
268.94570580402404
268.9480610787995
268.9480610787995
268.94902760223437
268.9685411286653
268.9953493444328
268.994951996833
268.99511920965216
268.9756541744516
268.9756541744516
268.9756541744516
268.9944264336896
269.0226119733748
269.0735425816734
269.07471696559935
269.0739230107097
269.07726593665
269.0767457752697
269.0767457752697
269.0767457752697
269.0767457752697
269.0767457752697
269.0789448265871
269.0833382274147
269.0967219807319
269.0970954665985
269.0972962085472
269.0971376507727
269.12112699277435
269.1321544785426
269.1277256324899
269.1273784199867
269.12839214107726
269.12839214107726
269.12839214107726
269.12839214107726
269.12839214107726
269.12839214107726
269.12839214107726
269.14337536601204
269.26489479815694
269.29229467939217
269.28858556435586
269.28879978757493
269.2891025511503
269.2891025511503
269.2891025511503
269.2891025511503
269.29433729802935
269.2997010159162
269.29952458852057
269.29917672747524
269.31435620149813
269.30709343757934
269.31807219095197
269.3026783600692
269.31328779626716
269.313132331343
269.34899000163483
269.34824523699183
269.3411541479652
269.3409953364523
269.3525754404259
269.3630535301394
269.36295369080835
269.36520246440324
269.36520246440324
269.36916148619
269.3691475713053
269.37059686473805
269.3790680964244
269.3792387514631
269.3795563946287
269.3828849587169
269.3865637470228
269.3865637470228
269.3860886507187
269.38630071703227
269.39137126296094
269.39156505924876
269.402215125011
269.40201049096237
269.4017309987459
269.40239025483686
269.40239025483686
269.4047259440265
269.405829764854
269.4075650821659
269.4072569870064
269.4072569870064
269.42500574956824
269.4290890432695
269.43207185244836
269.4250281817364
269.4300406416311
269.4300406416311
269.4300406416311
269.4302155588444
269.4302155588444
269.4302155588444
269.4302155588444
269.4302155588444
269.4302155588444
269.4302155588444
269.4302155588444
269.4302155588444
269.4302155588444
269.4318193706085
269.4318193706085
269.43317691892156
269.4360439917437
269.4360439917437
269.4354782034335
269.4354782034335
269.4419511239542
269.4451478480616
269.4454203309427
269.4458119527661
269.4682443492894
269.47411899795134
269.46019098575755
269.45045301571304
269.4646366739326
269.4646366739326
269.4647946762807
269.4645722550321
269.4645722550321
269.4645722550321
269.4645722550321
269.4695833430984
269.4695833430984
269.4695833430984
269.4868898063001
269.4899587191915
269.4814749205631
269.47880086316457
269.47880086316457
269.47880086316457
269.47880086316457
269.4984229544844
269.4985150229018
269.49748897624715
269.4962974506686
269.4962974506686
269.4962974506686
269.4962974506686
269.4962974506686
269.4962974506686
269.4962974506686
269.4962974506686
269.4962974506686
269.5005541195932
269.5005541195932
269.50117795646645
269.50173649090095
269.5017958524969
269.5053684499704
269.5053684499704
269.50527904796417
269.50693476248654
269.50693476248654
269.5114447921833
269.51427734997634
269.51489729602076
269.5162471441685
269.51580944510545
269.51887476962355
269.51883511693995
269.51883511693995
269.51877138410265
269.5234459814802
269.52379313665
269.5239092230871
269.5239092230871
269.5239092230871
269.5239092230871
269.5239092230871
269.5239092230871
269.5239092230871
269.5239092230871
269.5239092230871
269.5239092230871
269.5239092230871
269.5239092230871
269.5239092230871
269.5239092230871
269.5239092230871
269.5239092230871
269.5239092230871
269.5239092230871
269.5239092230871
269.5239092230871
269.5239092230871
269.5239092230871
269.5239092230871
269.5239092230871
269.5239092230871
269.5239092230871
269.5239092230871
269.5239092230871
269.5239092230871
269.52693660455503
269.52693660455503
269.52660984192994
269.52803755362265
269.52803755362265
269.52803755362265
269.52803755362265
269.52803755362265
269.52803755362265
269.53253012471237
269.5339262006255
269.53380652602925
269.534468582317
269.534468582317
269.534468582317
269.534468582317
269.534468582317
269.534468582317
269.534468582317
269.534468582317
269.5388349332744
269.5388349332744
269.5402657176771
269.5405111112266
269.5405111112266
269.5405111112266
269.5405111112266
269.544052429703
269.54993870992723
269.54955676330917
269.5447152073455
269.5447152073455
269.5447152073455
269.55211627763094
269.55217684947695
269.55327286137646
269.5530508963112
269.55312929835003
269.55312929835003
269.55312929835003
269.55312929835003
269.55312929835003
269.55312929835003
269.55312929835003
269.55312929835003
269.55312929835003
269.55312929835003
269.55312929835003
269.55312929835003
269.55312929835003
269.55312929835003
269.55312929835003
269.55312929835003
269.55312929835003
269.55312929835003
269.55312929835003
269.55312929835003
269.55312929835003
269.55312929835003
269.55312929835003
269.55312929835003
269.55312929835003
269.55312929835003
269.55312929835003
269.55312929835003
269.55312929835003
269.55312929835003
269.55666422431796
269.5567678476318
269.5572832739138
269.55740281018984
269.55740281018984
269.55740281018984
269.55740281018984
269.55740281018984
269.55740281018984
269.55740281018984
269.55740281018984
269.55740281018984
269.55740281018984
269.55740281018984
269.55740281018984
269.55740281018984
269.56776942220034
269.56764108351484
269.56684781876936
269.5667786773352
269.5667786773352
269.5698294247295
269.572324247302
269.5721870675026
269.5721870675026
269.5722408925221
269.5722408925221
269.5722408925221
269.5722408925221
269.5722408925221
269.5722408925221
269.57533570904303
269.5754665520297
269.5755929792986
269.57549993545734
269.5796869306782
269.58085933830574
269.580897341949
269.5859645962446
269.58554470150517
269.58766280899505
269.5876280994257
269.5876280994257
269.5876280994257
269.5876280994257
269.5876280994257
269.5876280994257
269.5876280994257
269.5876280994257
269.5859645962446
