with mode=0, handoff cost coefficient = 1.0
232.4441055482701
232.43061664576533
232.82030102550385
232.8599262133509
232.85991912995905
233.0140504929542
233.17302545080787
233.41513880860924
233.640602176805
233.6235623829887
233.7514653103111
233.77572963979821
234.09811894914412
234.84155420215552
235.32585885833473
235.34462083897353
235.48086810959512
235.4798221263954
235.4725591033617
235.47348059829577
235.69534973841496
235.7630512098419
236.15775315195333
236.19846460447192
236.19159236085977
236.44992238629487
236.78362289231163
236.80761235361467
236.8055130522311
236.80539759151216
236.76399767011267
236.75671232611762
236.80761235361467
236.9139661114689
236.92633436712967
237.53199073986258
237.53660618900915
237.589076437222
237.60620806351287
237.68287362315849
237.79154692941327
238.0279336773499
238.02679088545793
238.02802643205467
238.03261342521535
238.11944553644236
238.2972729783734
238.3113122908792
238.3470142513898
238.3469885243161
238.4141252431441
238.4140763497834
238.53486889843373
238.78163127864346
238.80572939378587
238.89336688616288
238.89516771435586
238.89505222370917
238.89473084990414
239.07322105725046
239.12888961226855
239.1797564224488
239.17997709159636
239.2634575013513
239.29544607578964
239.37453724481853
239.37454125249187
239.50507188269907
239.59210979367413
239.65239759233737
239.76659295161375
239.77477095760128
239.77514099743615
239.95420999393113
240.2283134344996
240.22831837467012
240.23374797440604
240.3704904741341
240.50172258553332
240.50612349838335
240.506131878192
240.5155813477144
240.525104687096
240.53367324416504
240.53367399957014
240.53827436902347
240.54569872213224
240.54564769255708
240.66464141113616
240.66240567446135
241.26979983784003
241.2994432710835
241.30518759856855
241.3025885129672
241.55187520788925
241.6412229892997
241.64382084406014
241.64923546068417
241.65001178629612
241.64897237145223
241.6934512571283
241.84787041708185
241.90666859097917
241.95548805376885
242.1643432690144
242.17730243167028
242.1805725690588
242.796850961325
242.8764238435757
242.90124928398507
243.01076194266315
243.07476844368634
243.0747063463072
243.17707096149448
243.17924133759638
243.17840189975155
243.26918759837366
243.31744102492758
243.32279416898024
243.41893471256188
243.71397540935442
243.7827365445121
243.84220103968164
243.91054169461123
243.91658659422745
243.91619493951382
243.928594721435
244.01235664536776
244.0501900166077
244.11389030299708
244.1687720084684
244.22837892312356
244.24899226018942
244.26450860911342
244.27677802002398
244.27017447477147
244.48297249956443
244.91506456933746
245.14919061088167
245.1435653280973
245.1436192460732
245.13907772065616
245.13908379759138
245.7629566100932
245.6941096805318
245.69428283852253
245.7077649677523
245.72160959505598
245.7629566100932
245.85689237669848
245.90474473368295
245.93505248991139
245.9593973628879
245.99400658755758
246.02583445039883
246.1623641972404
246.18549893342117
246.1860941456222
246.1860941456222
246.23480386134764
246.23868141296057
246.2451383863746
246.24810929349417
246.27011797879197
246.27170413455775
246.27173914679548
246.36455559836148
246.3784033302509
246.38044283449426
246.5323625373436
246.53241674686436
246.5594707741631
246.56327217565536
246.56852165313603
246.58578908077453
246.59120675406155
246.601251622374
246.60850484585717
246.6082379539026
246.69551452919524
246.72191112464216
246.7259526652152
246.8313282146568
246.89604590333616
246.92784157437373
246.92788062347657
246.92788595809182
247.02912275119743
247.0291455879649
247.12595408497248
247.12560478062483
247.12569705886898
247.1563408054101
247.15696430009913
247.2048753457114
247.29758184122858
247.3387708908192
247.34308611064472
247.34481188834542
247.3939157115313
247.58186500867993
247.6878580032758
247.7022965989647
247.74067785574576
247.9129871601528
247.92254873937918
247.92032501290856
247.929071761938
247.9291170598602
247.95047928867206
247.96097689060957
248.05325388174094
248.05461794523524
248.13602140736654
248.13826315941108
248.13954901622495
248.14213438058803
248.18141712630413
248.2531889504099
248.2856073341122
248.3184413562263
248.3661089249696
248.39717011130944
248.47108143091899
248.53733582617048
248.5372346228288
248.5372346228288
248.66986957762745
248.6976369303708
248.69786098715184
248.93235019529473
248.98108046175346
248.99570870065844
249.02159742773486
249.0273854165151
249.0541787556232
249.16248987903458
249.17267683891743
249.17613990947453
249.17573901851017
249.18152275011298
249.2136720331755
249.2138193227206
249.33317359678335
249.3615478151927
249.36190601795334
249.44273423393042
249.44273423393042
249.4723759583036
249.54420328717464
249.61491231492272
249.62273655465773
249.62404111321283
249.69448974731972
249.70673660949006
249.78904855579998
249.78838014982628
249.78875355752487
249.85135692734005
249.8515902167341
249.97570340279938
249.9760403703539
250.06813378333152
250.26286882888158
250.27409371893842
250.38631132811923
250.4024840773208
250.40631554312765
250.50951029544413
250.50962219901814
250.55306868492974
250.55307460112172
250.55307836148822
250.5531181134012
250.55527822174795
250.55507410597372
250.58206250176906
250.70501909951162
250.70931700012125
250.7072961345774
250.70745363438363
250.71671811720367
250.7172331054587
250.71723238502318
250.72415623549097
250.79413683297554
250.83136566934127
250.91496358166302
250.91370338413907
250.91754271422343
250.9175417552354
250.92004833852872
250.92006292882303
250.9222843266641
250.92935735687848
250.96201133058076
250.9620239881541
250.96077093261113
250.96076534587314
250.99195761872085
251.01387820709564
251.03946525628197
251.0416941298909
251.08203987190467
251.08630965247647
251.08652427685007
251.08460043713387
251.08885274898836
251.08888411728248
251.0907383006347
251.09175530934374
251.17539125820733
251.18001100740653
251.18148963187033
251.1875866095788
251.20079274662876
251.3559261074255
251.3559261074255
251.35754691794392
251.42663114354562
251.43841347595634
251.43735267854052
251.46756492418527
251.46826876351608
251.4713053163769
251.48056338183483
251.52140188955565
251.52281984722907
251.54892385252384
251.63919647699424
251.63920523588155
251.66128029289743
251.72661922663556
251.82068361825884
251.82790582724274
251.82589860096832
251.90728212721217
251.91674002017953
251.9264917475083
251.9815332899646
251.9848286968437
251.98394784530882
251.98715525358972
251.9892164182492
251.9902694681923
252.03610694584148
252.03641917221847
252.0386030063682
252.0458092170947
252.04581458013388
252.06068308797745
252.16237473878
252.24427352561673
252.24477795118293
252.2462269022222
252.31473682051694
252.31424644819646
252.41254985596748
252.43261027102548
252.4332710756013
252.4332710756013
252.43530060275893
252.4369763652635
252.45512015259723
252.45447207705854
252.4544683162026
252.5093686004873
252.50807894694597
252.53298554449165
252.55092490081304
252.55139762530868
252.55140138616463
252.55138435447927
252.55138435447927
252.55557783706075
252.55467111736718
252.55573659511793
252.55574009485403
252.593103540044
252.59310083715394
252.73036577865867
252.74211026546706
252.89048633496245
252.8906613784507
252.89120951526635
252.92369637974363
252.9239017349358
252.92436063500762
252.95840284437912
252.9593753195349
252.9783381124646
252.9783346104012
252.97912298502558
252.97908662982837
252.97907364106237
253.00216246447343
253.0021251915647
253.17551451772192
253.17551088874967
253.24361981031683
253.31259258953543
253.3111279059788
253.33309421309986
253.3339774163153
253.33505960955645
253.4119118739833
253.41430512643342
253.41311898783638
253.42538975668873
253.4707849461659
253.48895182835207
253.59355128593984
253.6065258275071
253.6070270082019
253.60408660439987
253.6028256326124
253.60739559297613
253.64454709340262
253.70780866334073
253.75748975379273
253.80222642967314
253.81560287084918
253.83401009624836
253.83403637213954
253.84167997693243
254.01842788158152
254.08196478288122
254.07174483233482
254.07925294889944
254.07928572443927
254.07721600278282
254.08196478288122
254.08223154529838
254.08223154529838
254.08223935392553
254.08265019378138
254.08342692300909
254.09077075297958
254.0910429934441
254.09103938965964
254.09110303459389
254.1104384532244
254.1104384532244
254.11534225382428
254.115506872987
254.11574937867644
254.11592837439719
254.12344341383357
254.12343420621505
254.12689118103668
254.16595085097168
254.16690488644906
254.16772358247073
254.16772554005342
254.1809907255282
254.18100756311628
254.18145500879422
254.18229491468168
254.18230207096184
254.18230207096184
254.18977410364585
254.2281574952655
254.2294512002325
254.22945068987113
254.26000553229986
254.28614165640917
254.28640220129378
254.28884275167425
254.28884688413447
254.30134322367783
254.30586508302392
254.3159884651354
254.32066163781596
254.32281881059228
254.39338556515762
254.4027658250286
254.40271536404703
254.41841346082822
254.41880635715376
254.41897072157195
254.41935466058845
254.45976857078153
254.46074505641792
254.4616522658918
254.46149568947496
254.46147700777746
254.49803516706285
254.54590844030065
254.5832510839249
254.6424278042976
254.64250762741412
254.73735201640113
254.73735207594586
254.7661168313485
254.76611849738774
254.76564203666035
254.76600599233643
254.76600806479212
254.77457701388298
254.77460656355836
254.86881879756444
