with mode=1, handoff cost coefficient = 1.0
232.4441055482701
232.5924084037356
232.80237276416537
233.01215525396134
233.14515647132748
233.31481892957532
233.402587208044
233.5593581992271
233.73110072991605
233.9993852621351
234.12535226700953
234.32614584201045
234.4357487773844
234.58095944481957
234.82148396528626
235.0439865027688
235.36465633458155
235.4812295796636
235.60526000106105
235.65145888559357
235.9978602204286
236.2285775261468
236.53870457580348
236.59668474401266
236.71078282587908
236.93483611362637
237.01642273884886
237.17206833900184
237.34454601351
237.56074776971175
237.60269443504478
237.7535944097699
237.87271482160716
237.9701166942773
238.16355563422144
238.25371301919236
238.36188853469923
238.46197509112056
238.58736520993608
238.78556715797774
238.95675849512838
239.38521084292708
239.67379160223828
239.83013427981024
240.02526538421827
240.16573095086912
240.31755318519393
240.46714068742287
240.48387885346784
240.8611377630238
241.06786005910664
241.42789512813158
241.6338769824042
241.84090104311758
241.86352091372626
242.04958718963897
242.2740135418977
242.46787456438236
242.64423922343926
242.76912294058468
242.86180731972323
242.92252247658243
243.04460909195987
243.11940919837474
243.2191327025701
243.36861818235548
243.48363683933766
243.58104043176945
243.70674156861222
243.99196013159886
244.05699410057653
244.1427098036557
244.3824470347717
244.4350284225934
244.49405758501132
244.66458107219208
244.9133043361662
245.05088176576444
245.13375434964402
245.32533747554282
245.5181774917471
245.68060820865702
245.8118725437418
245.8781624765978
245.9800615733916
246.11636524400413
246.26085937089795
246.3263780715205
246.4521037685192
246.53707848177103
246.71172170717261
246.77375717095475
246.87244698766582
247.1585230632346
247.4194289700203
247.47135545760634
247.62837880179384
247.85152552039932
247.9511857737337
248.1611238235822
248.29730987732336
248.44402642732916
248.55955305622396
248.75673248723695
248.87441118262765
249.0849800456971
249.1428141312647
249.30842765591603
249.45318927362635
249.57182391698043
249.72731970726727
249.8353869885582
249.927877329418
250.07025102294506
250.15635443771814
250.2898028496264
250.3878785900795
250.44060541542498
250.53228103694656
250.62934337825118
250.63771648434735
250.74805551514754
250.82280697638035
250.84390075026926
250.9495779338509
251.01681138709728
251.19604332939895
251.37628104909544
251.4075591178201
251.50368002032565
251.58235245762003
251.72404230385268
251.87751414614738
252.00489724865506
252.0515652761484
252.10086827496886
252.28856855089575
252.39692464830048
252.61456018721967
252.74131232631353
252.81011424136884
252.87391541694578
252.99316401608056
253.04093557903371
253.1288467053305
253.18834141177942
253.20360431175789
253.31499331957545
253.42943412025718
253.47538596342912
253.54693279649206
253.64557574704955
253.73573068336398
253.77403178737018
253.939273591904
253.97093826351917
254.0007693112411
254.07441314404272
254.18176264758372
254.2543062870024
254.32444050090174
254.3475338886593
254.53520589015082
254.61387607375298
254.79434249737494
254.84842059690456
254.97288380314492
255.17342463734937
255.20712086083628
255.38673928212557
255.40949836123332
255.4822845068969
255.5272257571029
255.57801231360227
255.60020047767836
255.74212279225466
255.77252742643444
255.82653342069034
255.8951545437233
255.9642552267677
256.0119985008931
256.1503406021401
256.2001186938841
256.3246176459644
256.51610473021464
256.56637018581006
256.62987294639294
256.7063451661286
256.81751735913275
256.85440808618694
256.87524670372244
257.18592550121076
257.3318807730877
257.3695413017611
257.4570972173225
257.47378910944684
257.619431505716
257.64099109347376
257.68387981976434
257.73605412515667
257.8453088234666
257.8943274846791
257.92721853428117
257.99234902057907
258.03036377027195
258.0722533648382
258.17649490886873
258.1793721649029
258.29611671216765
258.40291481176064
258.40998019860496
258.4849031879508
258.5178741900235
258.5586843204226
258.66150474262355
258.721008926038
258.7912358002517
258.792269627044
258.83227453093167
258.90978085664494
258.93365370967103
259.1443364324525
259.22356439480495
259.3335989851781
259.40201656834034
259.47643227350477
259.48660599049947
259.560073403139
259.6020470127574
259.62291551800644
259.62605242536887
259.70742856982537
259.75018722436164
259.8093505107495
259.88609907458454
259.9612777540938
260.0177872350905
260.052090569944
260.0937467470517
260.0927791328519
260.0891519605291
260.10298218460173
260.12028802626867
260.16385776387654
260.15815503655
260.1876331467819
260.2320649193837
260.3892512062225
260.4547907067979
260.4818623153786
260.57615630765804
260.7290880189832
260.82654235388
260.8677649720577
260.9446734481613
260.98442687415815
261.07494167406907
261.1273762825869
261.19229468348306
261.1848614871464
261.2560076642642
261.32453861626607
261.3486430520334
261.37718676664565
261.4422276433004
261.5039638730336
261.5948939450479
261.6248694720285
261.624275305428
261.7420656520667
261.77371673406947
261.8307903475363
261.84148080489945
261.84916172560105
261.9805474517895
262.00186304159325
262.0144663924533
262.05651668754314
262.054258980534
262.0548005067244
262.0622558590498
262.1295627982351
262.1471468176592
262.2235072375728
262.3122533029876
262.3410716205192
262.37284949473275
262.40420176816883
262.40325167861806
262.42411249353677
262.4842772017779
262.65063478600933
262.6538299085551
262.6601924056139
262.7147520472196
262.71705708659823
262.7898331552737
262.83680833289407
262.933910181793
262.9424528800571
262.9577891103693
263.03066068499425
263.0337324027313
263.0998725749066
263.13944313932564
263.2455221207969
263.2995165993009
263.3183620940112
263.36760006408076
263.48843170194726
263.5370799518099
263.5560911093491
263.594764115986
263.69093914197725
263.6807565287351
263.6861392151834
263.69811940221894
263.75582584368925
263.76758641488556
263.7785008118958
263.78591299559673
263.8857924421251
263.8993777334336
263.92996226076883
264.1017944520367
264.103217917375
264.11867557541785
264.1388065255682
264.16129277121416
264.21428570255466
264.2110179713959
264.2204058219106
264.2845969725171
264.2874618207727
264.3788874941369
264.44319100794377
264.5145161712278
264.5205991621474
264.5298795948668
264.6180930507275
264.66684837429506
264.761749222723
264.7950575790859
264.80943149992646
264.8274153576438
264.8746373571264
264.878670678179
264.9057070806779
264.9241407946385
265.0200664950413
265.04689018229783
265.1511295740906
265.18692091432655
265.1928013808659
265.20172027604895
265.20687803986493
265.1959643454407
265.23595276794555
265.23768184102516
265.26555315598864
265.29026866195153
265.3128009642907
265.3126607669189
265.31475518052287
265.33549193981645
265.3325876898972
265.35789532887907
265.37979360366876
265.39881370109566
265.47302847739513
265.4865187287438
265.5507947384933
265.5840150975949
265.7037089108745
265.7116339378827
265.7162402102713
265.7341419697347
265.7750677939823
265.8205173282246
265.8236035795919
265.88186177429964
265.9265378051888
265.9327647450914
266.05983753568256
266.05922471194356
266.05965570291374
266.09686660937587
266.1128945421706
266.12320214108155
266.15917350612114
266.1635304412142
266.26037971763
266.31410881417077
266.3439225177754
266.33663256365213
266.34281332897757
266.3876454682865
266.46227219539134
266.57269583021593
266.5757473823386
266.5922953390251
266.59546338337987
266.60803992910917
266.71497194957954
266.75312466804695
266.81180377588066
266.81469032902385
266.80578581676554
266.8148148923746
266.81712353649164
266.9164531313456
267.05978225627354
267.0727434007245
267.09152738885047
267.09039741623803
267.15570083044224
267.1779561798355
267.248667145912
267.2884162339758
267.2872538860313
267.3278839425421
267.3249952339444
267.37210791456084
267.46587841417795
267.5229319178835
267.53641193337916
267.58404735806533
267.58386999465915
267.5869212049277
267.58766316344276
267.6830445787828
267.7311852459665
267.7365502977795
267.74975630162925
267.76795389458505
267.7601383635665
267.7948043879261
267.8175698872797
267.81549430559716
267.84338065458985
267.83876548466105
267.84066264086243
267.88027389382205
267.9325356920019
267.99309352637414
268.0108431897502
268.08340466143324
268.1188154019374
268.1953146959947
268.29342328811174
268.36593663937805
268.3643181245733
268.4174556260762
268.4339326708468
268.43928411029583
268.44229611546666
268.4642812637831
268.46938866275605
268.5019322545256
268.5327989980836
268.5687168867314
268.5962419166967
268.5893299130878
268.6208640065976
268.6573168487601
268.69508995811833
268.6932227700171
268.7360744729191
268.7873972781439
268.7941802822487
268.8363621729859
268.862370497385
268.89023926095683
268.9573078781389
268.9979711516602
269.0220627132546
269.04510473598555
269.09581327286503
269.12131128761723
269.1429353464104
269.17608408624056
269.2215524366475
269.24509306060975
269.25037510944105
269.39417427943846
269.39425738454645
269.4488981743505
269.4803679571376
269.5204677335943
269.53015834763727
269.53104176875615
269.5766956769082
269.6031177431658
269.6276302051775
269.624408577057
269.6369526289474
269.65148254967966
269.6537435769914
269.6644271180374
269.6931498580794
269.6931498580794
