with mode=1, handoff cost coefficient = 1.0
217.94813548475702
218.15496573395433
218.27560167994258
218.3241164526311
218.45581966448032
218.64856267063567
218.7867129114588
218.9340107875779
219.14911451804107
219.27642036301998
219.44379478915226
219.51530967043746
219.65470390994804
219.74743660915885
219.91079088784002
220.13375380908863
220.40361880360666
220.63812846863763
220.69366004767323
220.80231003127545
221.0064582259327
221.20455969128503
221.3510573199165
221.47210952062224
221.5192264442601
221.61213556915868
221.69016637382887
221.9097757773046
222.03484796419423
222.116095107894
222.291406570209
222.50335357732322
222.74276695630155
222.89291684301597
223.06217566935766
223.14504642845284
223.27546001633746
223.3706151758541
223.4324544866686
223.52972292594634
223.73299911728952
223.79966714724426
224.00882257421273
224.06625599699734
224.113077802087
224.37534807898726
224.524261545813
224.61167976437886
224.74475390428032
225.00226161623698
225.18332206682524
225.20732023601354
225.2823939880146
225.46215589909897
225.59075209608932
225.84904888311618
225.92757339653357
225.99870911089465
226.04917865387026
226.15755666628795
226.366209517247
226.43741970788972
226.56077484329217
226.72783107727173
226.9645292865531
227.0331819636038
227.08687342201242
227.17775463513553
227.37519595815826
227.4927343362748
227.60937286960169
227.70536465165543
227.83426177777858
228.07182589542185
228.13242275325382
228.21278373490003
228.30494307574193
228.49504090996805
228.58378797890467
228.65095342964256
228.84258425343683
229.03065277930492
229.20691430099606
229.3004181217752
229.39997361741885
229.47608058226413
229.6763083658577
229.80565507201547
229.87713305286312
230.03289878058166
230.231177607385
230.4170217860132
230.4435917873365
230.46203622588547
230.5430077388848
230.68441315083945
230.70730955291629
230.79251837862657
230.8286091410579
230.95854344725103
231.09938073901657
231.15671407824652
231.22756629915122
231.30625048062242
231.4009454523547
231.48114178904498
231.5828722876379
231.7193523966208
231.7637627572226
231.8035721638085
231.83094519407024
231.99749495403586
232.09061544442076
232.11550448700328
232.2448559699696
232.30664077465414
232.41411680996444
232.46891658097258
232.60314119909532
232.729871513974
232.75807280826973
232.86046417483513
232.9082671678201
233.00200308188641
233.08439305058704
233.2222619611786
233.27303198638992
233.4053425731087
233.46601209002256
233.51528598481676
233.60273545873778
233.63056268895923
233.6566777387949
233.73301919644177
233.83135635579396
234.0530840603979
234.1922477868689
234.25092117634662
234.27047703072176
234.31033648588888
234.4513198040678
234.464743642571
234.59312040407698
234.6368608492362
234.81648912411194
234.83426295794868
235.01436547314836
235.13744489551277
235.36703487865546
235.4527039785224
235.52607891897347
235.55994571132834
235.647900008184
235.7273831922127
235.80442705015045
235.8737694437839
235.95660033115968
236.06350803577658
236.26500911080018
236.327651068955
236.433977780768
236.49302717342698
236.52766946507478
236.65039452343032
236.71092479299017
236.7808646855269
236.8712742891808
236.9410069356355
236.98014096414036
237.05484854421846
237.08150705792272
237.1117708310563
237.23213374836644
237.27698600381225
237.32463732389525
237.40416805950312
237.47007182743874
237.5629639945346
237.59063481633416
237.74392704057345
237.74907611628655
237.79170205608693
237.87105343297537
237.88371675848114
237.973232467863
237.99659614145773
238.2129460471609
238.25961081329825
238.30875526863392
238.33475471949012
238.352667631366
238.41598766689944
238.4385858362852
238.47966501797245
238.47898191627826
238.53267970502307
238.59385785351213
238.73004800651967
238.8607390119781
238.91163332523004
239.064696199893
239.15811687757974
239.2704710516809
239.4071936674987
239.51965046228457
239.63214941356966
239.81052859462426
239.90909361608425
240.0009135452088
240.10827143535263
240.19775608246096
240.32899035581815
240.37713810942543
240.40846023099877
240.4264671350494
240.4990960788454
240.55305970746684
240.55211047751334
240.6099068183287
240.72924642018563
240.80304023029032
240.83150249007593
240.89255952181935
240.8969824936637
240.90329030381983
240.94341234875793
240.95982415182442
240.96923600477598
241.07158799779393
241.14143332409367
241.22568367822345
241.24490696830355
241.29822959167007
241.34309345797925
241.3733609097129
241.40974702938357
241.44176457104106
241.53347895101106
241.56366353205922
241.62052406512026
241.64002097962293
241.69759310446926
241.71036019275846
241.772513346674
241.77618606558286
241.81657198957032
241.8555067489034
241.8604656885242
241.95680926470706
242.0470028133462
242.0689765834583
242.1402149099667
242.22405463981914
242.29028840299657
242.30966036369801
242.4244893440791
242.48665543230805
242.51921668655763
242.52039521384918
242.52776362060771
242.55196138525392
242.5854409377821
242.65679217563886
242.70112567431613
242.74008937362183
242.790688716107
242.80806332521567
242.8554279293796
243.01600685632715
243.0617502589299
243.06362958456126
243.1028703997679
243.1154614295995
243.14359404524114
243.2907730914223
243.31746254066985
243.3965077552179
243.40466972084445
243.4232217276772
243.5232533492443
243.5465817573504
243.58261744837677
243.6015332992124
243.6304391561224
243.6815530617447
243.7344813062506
243.75615635933013
243.7878152288635
243.85489358497261
243.88505268249904
243.93758231520818
244.0197476286899
244.09195630465976
244.13864524334923
244.13839876731686
244.22995037045584
244.2735526523895
244.3908430793389
244.43743029680428
244.5042136877577
244.57900452597315
244.627096703795
244.6450312028637
244.6989651796251
244.79979049317055
244.79625193896587
244.8336523648942
244.85344432814912
244.93223931835814
245.00930643198288
245.09167933820012
245.11011798986317
245.1312495531379
245.13194183967548
245.19298025666137
245.21853576084447
245.25987257719353
245.30800080593355
245.31163953366666
245.31638413995924
245.36488417420688
245.37326778983183
245.37126802592587
245.39000549088655
245.42484102432607
245.4429163777315
245.44644930087387
245.4548966810131
245.5376948046251
245.6032411641221
245.59954937410095
245.65320851630685
245.68165657641381
245.77151025549367
245.77818032667565
245.80656756873864
245.8386391770176
245.852781627317
245.8512039391314
245.90791888137122
245.9028020135334
245.92635833644258
245.97140189741663
245.99822701352966
246.12438597025175
246.18399023473484
246.2564720893029
246.3601670014395
246.39849368051216
246.41334584755793
246.5382670892008
246.58795159320115
246.59153387661547
246.614791070352
246.6728353867785
246.7284705799506
246.77841566724723
246.79184502824262
246.7907397573136
246.8038816625319
246.8857761809697
246.91905057763495
246.95234337090162
246.96676084922325
246.9618703560503
246.9782514771444
246.98606971329446
247.03211054506096
247.05097028679393
247.1288202959975
247.13104453923302
247.13215443848839
247.16007414145403
247.2448881752951
247.29176135495726
247.297469901314
247.2996841428279
247.3406782217615
247.34651240196766
247.42492511803843
247.50043980132656
247.53837826296868
247.58808142642343
247.62756669047292
247.67255910469532
247.78791127092342
247.88578889849674
247.92759046399524
247.95874634182982
248.0047629227451
248.023237336991
248.06890185417976
248.06813851999186
248.14685643855898
248.17162471385606
248.18132202354272
248.2115176714562
248.2141361751473
248.2146679343986
248.2347540658404
248.23490038006247
248.31272569259949
248.395099001497
248.46791409988154
248.5150590864868
248.5370981035974
248.59954176314307
248.62245120720183
248.6633552782771
248.6644413428112
248.66123358088964
248.7607125475832
248.83442423377556
248.9255175071159
249.00305935707033
249.02742320704527
249.0277767683265
249.03869446029302
249.08763767877196
249.0877380283829
249.0867545231302
249.11498470621416
249.15528051349864
249.20328209746856
249.27424139785268
249.30604866523356
249.34305100776578
249.3666001883858
249.40555925410806
249.40466156271134
249.491081385584
249.5126593458558
249.51549140895762
249.5137137454145
249.60670732585774
249.6098476153987
249.69138240758994
249.73918510329858
249.8101154106114
249.87087424938883
249.88854818566415
249.97035186395507
249.98527881006711
250.001066414462
250.06815868683748
250.1153853923783
250.18091623311514
250.23471500724054
250.24946036797633
250.369627320932
250.4283166858606
250.42719320617974
250.53391209131303
250.53150309779375
250.61605158496533
250.65531201615633
250.7195914867103
250.7853448663555
250.80699619168232
250.85044624700515
250.88582008674732
250.90026264132172
250.91799481200934
250.92393928641084
250.99716552403996
251.04513495072968
251.09871784293156
251.2301463998978
251.2278294716367
251.25069413378915
251.26973296820387
251.28381346910737
251.30393772766493
251.3359256980922
251.41235355819668
251.42230056797587
251.4194475489455
251.47271852052728
251.51644496986754
251.56758579897888
251.6033709033634
251.73536076660199
251.73667830120178
251.79470612862502
251.89002115075598
251.94458558610685
251.94361932322326
251.98134794726144
251.98169355071502
252.01507588384655
252.0403580142478
252.0966039156692
252.1576626604454
252.22467271781835
252.22843031881374
252.2768941354843
252.28618393575417
252.3213815465635
252.45153511765213
252.51392815096327
252.54014420586552
