with mode=3, handoff cost coefficient = 1.0
217.94813548475702
219.20858213033037
219.47987349820698
219.47949404665235
219.76914354278188
220.52993080540418
221.36397587051846
221.88525904242292
222.8799318813763
223.02355384630698
223.25187724772877
223.25110741986273
223.63110244969505
223.6311102806708
224.1558315597155
224.49498616035143
224.89170065448303
224.88965510152366
225.07003816542505
225.07024201392213
225.17794998512377
225.57435789378508
225.57300024708348
226.27413003368565
226.63746586894814
226.9622428471459
226.96367736033807
226.9638984848596
227.44523207846626
227.4806026129723
227.49459882242394
227.55947535237422
227.55868680052507
227.5589503416716
229.30099479724552
230.57096146928387
230.84353515900585
230.8440952543917
231.06801970965228
231.15800049654362
231.82572014889638
233.44697850439556
234.43964779038566
234.53611238459845
235.70275009191732
236.03665328445183
236.0813743461259
236.08111540120814
236.08313964292088
236.08314939696675
237.03474275120868
237.5745636860638
237.6159586783992
237.60876139906122
238.77078687369155
238.77067144907497
238.75120231869008
238.74974926522808
239.05270463501216
239.05559416474858
239.05574790568033
239.02303751332204
239.02303751332204
239.64987210202534
239.9903639057277
240.67203172758008
241.23162155571617
241.53723094234084
241.7994438217952
241.95670582102446
242.73625267672824
243.02559854868545
244.56684209577233
244.90866473880462
245.14267058822517
245.47590530978763
245.5411929967772
245.5407854324507
245.64193258389673
245.64233352778854
245.64982323094944
245.63322187676744
245.65095140018286
245.69733137916995
246.012669832994
246.01256833814506
246.08630553412422
246.05988764543656
246.17734860764455
247.15319011411322
247.1556645533409
247.13883880459548
247.25489025899842
247.29936823640276
247.4474546182269
247.43663160372353
247.44113890925678
247.44056609007006
247.44056609007006
247.56478799516688
247.66508397208176
247.6890626403671
247.68913320635517
247.7361600534145
247.7386242101921
247.99626913347004
248.03239430989234
248.03161025846674
248.05036820410106
248.0507237287408
248.08853190601099
248.0801982636098
248.08158509942336
248.0754001264513
248.0754001264513
248.0754001264513
248.0754001264513
248.11318415376883
248.1193214768957
248.1185316195462
248.12047381519315
248.2351121722532
248.2264579430641
248.2453749207376
248.4126874301971
248.41329103798518
248.4106525629438
248.41139642518388
248.41693932750593
248.4376383212982
248.430199718042
248.46671439376868
248.6305427921793
248.6231181035233
248.62709568720007
248.6396566957189
248.64154772562705
248.6420861034861
248.64221602673013
248.6426144782534
248.6467224647061
248.6627657882609
248.73714786497987
248.9956922063718
249.03797613304306
249.02007559700917
249.06396304748483
249.05668233767295
249.06412814847243
249.0644477206157
249.08136912359993
249.09864494037285
249.08206209729533
249.0934108010783
249.08471858616352
249.08471858616352
249.0876049022054
249.0876049022054
249.0990851777373
249.10856964813277
249.12436321212036
249.13383665265442
249.1412317366149
249.12694688175165
249.12694688175165
249.12694688175165
249.12694688175165
249.140271857361
249.13486630629978
249.13486630629978
249.13486630629978
249.13486630629978
249.13486630629978
249.13486630629978
249.13486630629978
249.13486630629978
249.14940264884314
249.15192603883636
249.15192603883636
249.1541241596544
249.15712700652168
249.1909296858827
249.19090369334722
249.17822146326384
249.17822183853414
249.17822183853414
249.17822183853414
249.17822183853414
249.18292953246444
249.18292953246444
249.5016756097307
249.5012522874031
249.50502874346566
249.5147909926632
249.51396817807895
249.51396817807895
249.52848132147554
249.54471662866243
249.54449105547084
249.5529437749174
249.55265676146374
249.55042476052213
249.55056348039628
249.55056348039628
249.55056348039628
249.55056348039628
249.5693508889855
249.55702295108696
249.56400216715105
249.58737182130398
249.58754615907606
249.57420228490832
249.57121342746348
249.58464520211987
249.58464520211987
249.58537101427942
249.58887741638205
249.58887741638205
249.58887741638205
249.58887741638205
249.58887741638205
249.58887741638205
249.58887741638205
249.58887741638205
249.58887741638205
249.58887741638205
249.58887741638205
249.58887741638205
249.59316332367138
249.599613001978
249.599613001978
249.5998291845965
249.6124140882274
249.61319650550394
249.61312402373784
249.61276186460822
249.61276186460822
249.61638743660134
249.61685074471208
249.61685074471208
249.62340148975755
249.63402704988982
249.63428815771346
249.6357522317511
249.63528913818925
249.63528913818925
249.63528913818925
249.63989699704848
249.63855888468828
249.63855888468828
249.63855888468828
249.63855888468828
249.73034917817222
249.73104782223027
249.7308500044098
249.73054236467698
249.73054236467698
249.73689716755305
249.73465019358255
249.73957166484027
249.74401842322663
249.74996706313755
249.7435825353965
249.74848233616365
249.76717479083138
249.77938376857813
249.78012911652067
249.80678917117777
249.80756926340544
249.80799932771848
249.81380144185357
249.81396010622046
249.81396010622046
249.82501891225132
249.83756770545932
249.83672608548545
249.83707479330133
249.83738875585703
249.84031145207092
249.84031145207092
249.84008219828098
249.84008219828098
249.84008219828098
249.84008219828098
249.84008219828098
249.84008219828098
249.84008219828098
249.84008219828098
249.84008219828098
249.84008219828098
249.84008219828098
249.84008219828098
249.84008219828098
249.84008219828098
249.84285554278034
249.84385683787906
249.8458024235009
249.8464112487364
249.84683762145596
249.84683762145596
249.84683762145596
249.84683762145596
249.84683762145596
249.84683762145596
249.84683762145596
249.84896538284704
249.84896538284704
249.84896538284704
249.84896538284704
249.84896538284704
249.84961402721922
249.84961402721922
249.84961402721922
249.85478352015588
249.85463234984724
249.85463234984724
249.85294449693004
249.85294449693004
249.85294449693004
249.85294449693004
249.85294449693004
249.85294449693004
249.85294449693004
249.85294449693004
249.85294449693004
249.85708977971765
249.85708977971765
249.85708977971765
249.86023857031515
249.86023857031515
249.86287185051614
249.86274877615605
249.86274877615605
249.86655470758254
249.8783008040779
249.8773288385484
249.90050517881792
249.89580743761826
249.89550745361015
249.8957203763182
249.8957203763182
249.8957203763182
249.90183539787762
249.9014602307824
249.90453092934223
249.90442754191753
249.91292724661434
249.91531822100444
249.90884571190986
249.9122746608636
249.9122746608636
249.9122746608636
249.91272089520345
249.91272089520345
249.91272089520345
249.91272089520345
249.91272089520345
249.9153269572691
249.91968420707119
249.92756658368242
249.92581161134999
249.9265491332424
249.9275452608053
249.9275452608053
249.928368996161
249.928368996161
249.928368996161
249.928368996161
249.928368996161
249.928368996161
250.00482035625973
250.00507096445887
250.00498285229955
250.00100254027504
250.00100254027504
250.00100254027504
250.004482041493
250.00451006328464
250.00451006328464
250.00451006328464
250.00451006328464
250.01773539965282
250.02165439542256
250.02244817089505
250.02592583318622
250.02602828256687
250.0312507206239
250.09830621849207
250.1079499215114
250.10807969024887
250.10786798274353
250.10782246953366
250.10782246953366
250.10782246953366
250.10782246953366
250.10782246953366
250.10782246953366
250.10782246953366
250.10782246953366
250.10782246953366
250.10782246953366
250.10782246953366
250.10782246953366
250.10782246953366
250.10782246953366
250.10782246953366
250.10782246953366
250.10782246953366
250.10782246953366
250.10782246953366
250.10782246953366
250.10782246953366
250.10782246953366
250.10782246953366
250.10782246953366
250.10782246953366
250.10782246953366
250.10782246953366
250.10782246953366
250.10782246953366
250.10782246953366
250.10782246953366
250.10782246953366
250.10782246953366
250.10782246953366
250.10782246953366
250.10782246953366
250.1122818935005
250.11919614781158
250.11830112394568
250.11556086150222
250.1155713894164
250.11980444259694
250.11980444259694
250.12376635736263
250.12474330850313
250.1245648421667
250.1273029407788
250.1280185380753
250.12796815088052
250.14067606274165
250.14077547710178
250.1428832259702
250.14341466695038
250.14341466695038
250.14393890865136
250.14393890865136
250.14393890865136
250.14393890865136
250.14393890865136
250.14393890865136
250.14393890865136
250.1463714567231
250.1463714567231
250.14694678613
250.1464623656675
250.1464623656675
250.1488957879905
250.1488957879905
250.15229948957804
250.14911633505156
250.14911633505156
250.15258050906948
250.15258050906948
250.15262008274956
250.1528159688656
250.1528159688656
250.1528159688656
250.1528159688656
250.1528159688656
250.1528159688656
250.1528159688656
250.1528159688656
250.1528159688656
250.1528159688656
250.1528159688656
250.1528159688656
250.1528159688656
250.1528159688656
250.1528159688656
250.1528159688656
250.1528159688656
250.1528159688656
250.1528159688656
250.1528159688656
250.1528159688656
250.1528159688656
250.1528159688656
250.1528159688656
250.1528159688656
250.1528159688656
250.1528159688656
250.1528159688656
250.1528159688656
250.1528159688656
250.1528159688656
250.1528159688656
250.1528159688656
250.1528159688656
250.1528159688656
250.1528159688656
250.15229948957804
