with mode=0, handoff cost coefficient = 1.0
217.94813548475702
217.91545866893654
217.9137016344926
217.94485108668925
217.996524316065
218.2632494545648
218.40803466262332
218.6591732871248
218.67183979288095
218.74873488015328
218.73877801895296
218.78609450027426
219.2622430451458
219.26226401174836
219.46397896345033
219.46423003497839
220.17298356648948
220.17298795049464
220.17316248167756
220.17320351146284
220.1667577823282
220.23890832288285
220.69273044940022
220.67852895171518
220.68313638496664
220.95964251165742
220.9711523667862
220.9711740779912
221.24111458599953
221.43432024248847
221.4353694639137
221.71315749283625
221.79726371414122
221.87219039415274
221.89770107736243
221.89053951866057
222.0610557812049
222.2273902188789
222.37672774027692
222.38129466331594
222.81037333329962
222.88921699180295
222.90093524660213
222.94839413875212
223.11754707147824
223.42875894501978
223.43184083576813
223.4414445632677
223.49123125353663
223.5159168516833
223.610411374108
223.807540903667
223.792471546364
223.85051897143745
223.99723346288584
223.98359678735676
224.0306052730416
224.01389070900655
224.01819550284353
224.7678734417826
224.86408542187357
224.96534036712043
225.19103065249757
225.34617510881108
225.37500114303188
225.3664900182612
225.38612241760072
225.38602658425827
225.38781390017095
225.53977692017273
225.84587319350973
225.84863158894385
225.85518912137476
226.46748810595054
226.80212505492776
226.78360935950602
227.33347555770192
227.49936106983043
227.83779753192388
228.11282723571898
228.11358337292577
228.1100287851314
228.2655003297872
228.2655003297872
228.3895419014071
228.84180010895244
228.96359179432318
228.98060139751567
229.12227265935894
229.17088214186464
229.35445315594046
229.4047013006385
229.40001357683084
229.63917451843088
229.64318103669268
229.64888335912244
229.65070662985394
229.70564407444968
229.68562231770477
229.6497743799392
229.65488220558993
229.7687512364044
229.7687512364044
229.7687512364044
229.76768292542346
229.76777831817327
229.83969499978764
229.85780432349347
230.28045754783432
230.28045754783432
230.28740287260513
230.28169385200113
230.28739993045698
230.28813780708762
230.34124991088854
230.34123385641814
230.48994229179928
230.51067012539613
230.59780773215482
230.60639389339235
230.95671327426115
230.95266513353252
230.96568994646435
230.96566037470814
230.96675996148892
230.95288267836818
230.94406888433247
230.94212552094018
230.9472677117077
231.36863109775993
231.3957254922608
231.3957254922608
231.40926781144395
231.52228889847015
232.17119700384953
232.1539961492669
232.37352234173485
232.37355191349107
232.37361812945187
232.36713310609568
232.48439834055742
232.48147849260283
232.81505939298813
232.81077425102632
232.7839896983873
232.9710038583093
232.9710038583093
232.96566312706597
232.9567114048254
232.95312375121858
233.22998887894164
233.22681278240336
233.58394657984235
233.7285845536007
233.88836910332876
233.88836910332876
233.87509570851927
233.87509570851927
234.0148510173708
234.08362753740258
234.26861173025077
234.41916965827573
234.57055675586915
234.6208811225324
234.62098930836677
234.621117559428
234.62827610276378
234.63592422803532
234.64938173779666
234.6644536733081
234.66445129276096
234.66445129276096
234.6672300766595
234.6508101455694
234.65244840999927
234.889743332406
234.8749641873784
234.87495548243294
234.98339047835466
234.98340042782252
234.96864051516144
235.25475959392887
235.26888713292774
235.47220693465613
235.47220693465613
235.4821995091261
235.62290911291274
235.76129133884706
236.30257588110058
236.56441333930218
236.56441333930218
236.562556887272
236.87790744059956
237.38815043401084
237.383715021553
237.36685156201202
237.67741631129581
237.67741631129581
237.67741631129581
237.71364984949696
237.71354267728816
238.33210859111017
238.43463363551606
238.66913309151556
238.67520968636643
238.67520968636643
238.6752301978993
238.68417687715166
238.69983672074784
238.85343298754373
238.87256130981964
238.99401040322115
239.1975540396572
239.43279533761873
239.43279533761873
239.42221303860472
239.42140337109763
239.41947449582776
239.677853299058
239.7714633763142
239.7714633763142
239.7795906186519
239.78030671837647
239.78395060474867
239.8153773295416
239.85110506532772
240.07078061273282
240.2613737546226
240.43171734402665
240.43171734402665
240.43392641946048
240.72023271844392
240.73104531270116
240.73104531270116
240.75003449581294
240.71395997796327
240.70921142232572
240.93605636859263
241.01738722656907
241.02252662004426
241.02252662004426
241.04104656231962
241.04056172733598
241.04056172733598
241.17874417709874
241.3050520912759
241.66700509541369
241.83389342823835
241.82216685017198
241.87416871610566
241.85944857857282
241.85944857857282
241.98137779487058
242.0159900485686
242.0159900485686
242.04377206616945
242.0332667452252
242.02977013324016
242.02073807867995
242.00942571435203
242.04377206616945
242.05203291171588
242.0601124505504
242.06551009552354
242.06524862550188
242.1670256917053
242.1670256917053
242.16934222181536
242.16934222181536
242.18513444198734
242.19006239783928
242.19159245479185
242.19217603666672
242.23039755756685
242.23193068504435
242.31670743069563
242.37212297061302
242.46678284766224
242.51873141258628
242.5209386352813
242.51514140680746
242.58613771229767
242.58613771229767
242.60000654215122
242.6116255062155
242.66261800283078
242.6699669022399
242.84341506442325
242.84341506442325
242.84341506442325
242.8465924989835
242.84518148616482
242.85179705997476
242.842564867894
242.84005800000446
242.84005800000446
242.8713656465146
242.8813614001135
242.95693967407337
242.95693967407337
242.95693967407337
243.02875962710473
243.02909843846263
243.03285967895997
243.03297602429146
243.0563032640224
243.0563032640224
243.0563032640224
243.0563032640224
243.0600021892972
243.06007727175907
243.22077170549875
243.22077170549875
243.22077170549875
243.21135719261625
243.23297036343754
243.23516721526497
243.23524411632826
243.24488579579642
243.23932286376007
243.29357418841374
243.29699887614356
243.29567830169935
243.48806767441988
243.4887166832783
243.49080467184942
243.49080467184942
243.49080467184942
243.48697381306266
243.4934797346654
243.49519222421063
243.48909158690674
243.50449411786795
243.6848031022344
243.84658093194963
243.84831378517396
243.8525837608916
243.84615141680104
243.8553258411216
243.855392952312
243.90136585530902
243.92832807595622
243.92833600009047
243.92188948639497
243.9377149163477
244.02159759828578
244.02629525081892
244.1315748544795
244.15188507559864
244.1559479989928
244.15699222286355
244.47760288417908
244.47760288417908
244.49105823612274
244.49372616236457
244.52919320197853
244.52920789256225
244.52920789256225
244.52239093312258
244.52494518458755
244.52494518458755
244.53333732124722
244.53333732124722
244.53333732124722
244.53343596130028
244.8866650032401
244.8922954887385
244.8922954887385
245.1086971165115
245.11392855479295
245.26759187663416
245.2761677170378
245.3374789171927
245.34402443357402
245.3440143141614
245.36386577424344
245.36469608644603
245.36276318602873
245.36276318602873
245.36732787257674
245.36926077299404
245.37078938885142
245.37167238069932
245.3715962381516
245.61261787037827
245.6176615756784
245.619422437746
245.7692517421656
245.7692517421656
245.77791746288858
245.7966110047297
245.7966110047297
245.80061786437625
245.80109323846284
245.80109323846284
245.82771847335616
245.8261411851473
245.8461362286415
245.83713060680367
245.83713060680367
245.84049619472677
245.8405051308332
245.87353882082232
245.9053792950161
245.90649899709175
245.90653890867847
246.00798447706347
246.013262901181
246.01072986497906
246.0147596836993
246.00662963014582
246.19625787937628
246.20129862711707
246.3061369570094
246.40168059737593
246.40419011040433
246.40419011040433
246.40419543487334
246.40419543487334
246.40136707355038
246.40419011040433
246.40186274949835
246.39952563500086
246.40522611981808
246.4052994743665
246.41078860289696
246.41118477002595
246.41806776688867
246.49729422001562
246.49729422001562
246.49729422001562
246.4996049285955
246.50635763188836
246.52501121624772
246.52743503580717
246.533667541425
246.55920988749875
246.55921310687438
246.72156506751028
246.7233040139842
246.8174055850737
246.81776224600628
246.81991377489274
246.8217190088146
246.82027535298428
246.82514387773966
246.82652246680303
246.82796612263334
246.87000031468813
246.8716004696134
246.8743505910544
246.87523991618914
246.8761106187991
246.8887014989768
246.92102814000808
246.92321592783583
246.92190303155746
246.92260228752343
246.92359005238632
246.9283102107042
246.9285553615933
246.92870201196047
246.92874115157764
246.92849600068854
246.9532801115376
246.9532801115376
246.95489155681645
247.0005598756265
247.0005598756265
247.00284053349606
247.00273213839847
247.00226576979537
247.00359747015332
247.07556905888654
247.07556905888654
247.07654222507935
247.0796478922518
247.08025438900827
247.08171765981615
247.08171765981615
247.10706435625184
247.12271032668656
247.2155195372187
247.21748591402536
247.27033637662532
247.27999210702163
247.2800322466854
247.2800322466854
247.2832996663885
247.2843493135619
247.2878114056848
247.29040974837758
247.29040974837758
247.30433257612492
247.3910442638334
247.3926511847593
247.39286229574816
247.39063226674546
247.39161855859254
247.39190661795868
247.39286229574816
