with mode=3, handoff cost coefficient = 1.0
206.6096537217651
206.6803892078218
206.91824471597303
207.0834481038583
207.88532917078894
209.0387223000567
209.36187139819208
210.07370559695107
210.16414463328778
210.31338969726707
210.501506293592
210.7885210325862
210.88374977081654
211.17702273712874
211.29384585973858
211.29358846835612
211.29307140518085
211.34872752558925
212.30678590977243
212.53380146340578
212.78171225884142
212.78122643167876
212.78139057143235
212.94819413749408
213.1480078971143
213.21472038896593
213.33804286210727
213.33616792341346
213.88156320564352
213.88191307671426
213.8810949629489
213.933692353898
213.93552417928706
213.95453818963216
213.95472022397902
213.97937021094265
215.1674283880473
215.32478412625937
215.36611852115306
215.747699087567
216.09031728487184
216.28350438427154
216.65797418554456
216.94667224086544
216.92273576825863
217.2260327969311
217.23741270045045
217.2364635402926
217.22574100166824
217.3125766997903
217.32460594342567
217.3267433727525
217.6693195267622
217.78304418364752
217.78335066561
217.78392542156485
218.1239102956909
218.28574606636914
218.35237863941964
218.35226948475673
218.38410469007275
218.3832224134355
218.38328560522845
218.38293172963262
218.61768938755006
218.6781000799291
219.54420318631676
219.61689925634522
219.65273293928135
221.08864116384473
221.4274856955595
221.43752780316592
221.59860881201936
221.58400303348097
221.58242882623264
221.61697854206656
222.48308443586347
222.8866379021938
223.45266231529297
224.66530417643008
224.6933388948706
224.75174727976753
224.78706630037792
224.78725876849
224.95248283684907
226.16466601259296
226.16496276958281
226.57064363636067
227.02458202277649
227.30623738365935
229.04876506321907
229.3183536839833
229.3399772527821
229.49787567532678
229.49800703507898
229.52585096632444
229.55044659352401
229.62169592292634
229.74059480360177
229.70816119069357
229.7087682237804
229.73883104125807
229.77002481064915
230.04210907495104
230.05881446583447
230.34660114145254
230.3466148204189
230.34585481725532
230.68477199135725
230.76585039735812
230.76567378420657
230.7652180861109
230.73902608048508
230.8598009097118
230.97021756646586
232.2364591459776
232.21047156330087
232.59383822485313
232.63363405965674
232.65717357215743
232.88450266126165
232.9102304547904
232.926737388826
232.93450702328914
232.97766489162277
233.0150004864873
233.08278268703629
233.0816970731453
233.08836346799612
233.08967723018077
233.17327442496853
233.18731374695753
233.1880718166559
233.19430197986577
233.1946782180077
233.2014693889854
233.19433683488066
233.20719052816446
233.19718081191596
233.23111247169328
233.24499666142688
233.24475097827585
233.25907120411574
233.26421936067604
233.26470327126282
233.36133117553356
233.50241977064087
233.61424580333613
233.61329482586586
233.6223818044321
233.62264677184265
233.83287523652052
233.83463271368248
233.90396570062595
233.97166916479415
234.07160834391192
234.08481342891548
234.10870648282543
234.12057578713606
234.11596674294202
234.13355544827044
234.13882217751336
234.14404407850918
234.1439806052694
234.15810717537664
234.16018843960734
234.21649636450886
234.22744299824896
234.38058435533213
234.41967632886633
234.41960309994852
234.419480520536
234.41943441873724
234.42785408991128
234.43579037768313
234.4353109372034
234.44617259379334
234.44608284534357
234.4460872341391
234.44450802029877
234.5116373556079
234.5209215805467
234.5541034969189
234.56176113131232
234.74715507752947
234.78277843421031
234.8283765379126
234.84491258096608
234.8445482545488
234.83592174431686
234.8381891869061
234.8381891869061
234.8381891869061
234.8381891869061
234.8381891869061
234.85103310158271
234.85569714144702
234.85744297815884
234.87134693435928
234.8763245246671
234.88869908878954
234.88162833689807
234.88589411535503
234.88610839526734
234.889085607258
234.90713123571038
234.90749444651888
234.91573964193412
234.91672063805083
234.9158829371617
234.94348625523313
234.94392663097506
234.9445073614315
234.93660974892097
234.94538585995616
234.9600139290977
234.9605498459858
234.96040926878155
234.9629897224088
234.9629897224088
234.9648980208661
234.96467952351085
234.97697256267543
235.42866837677684
235.45118461736203
235.45845788238253
235.4588342564918
235.45892892305102
235.4588227835468
235.4588227835468
235.4588227835468
235.47279460362748
235.47082403332425
235.47136631288163
235.47301935734419
235.49014580943978
235.48700288770792
235.48286964416909
235.485417550561
235.485417550561
235.48964289133463
235.4888287323113
235.4917376873714
235.50421896980177
235.5067054776615
235.53156515825978
235.54137830688114
235.54273656032046
235.54407278443526
235.54359968780562
235.54359968780562
235.5564390230179
235.56290793979196
235.56348179827017
235.56469485231
235.56940164513554
235.5693046136724
235.56913021947875
235.56866143553603
235.56866143553603
235.56866143553603
235.56866143553603
235.56866143553603
235.56866143553603
235.56866143553603
235.5938940373021
235.60718011021197
235.75204924376695
235.7573183706889
235.76831054608954
235.76817036912377
235.76203925671425
235.76563913417826
235.76563913417826
235.89938716229685
235.89924797563438
235.90501542510748
235.90532909167916
235.90379179422047
235.90379179422047
235.90648232335082
235.90648232335082
235.91460443467588
235.9147659493617
235.91478492714538
235.9201179418149
235.9173328654497
235.92036081180112
235.927076988596
235.92583610776938
235.92671404595671
235.9295268029554
235.93601438751105
235.93550146553005
235.93250994211624
235.93250994211624
235.93250994211624
235.93874125102403
235.93829450541395
235.93829082072963
235.93829082072963
235.93829082072963
235.9468758311896
235.94828170300482
235.9480290240363
235.94351332730568
235.94351332730568
235.94351332730568
235.94626757536395
235.9467268394294
235.9467268394294
235.9467268394294
235.9576394582291
235.9556020640921
235.95734300871436
235.96095239839656
235.96057787220565
235.95965417687074
235.95979935833034
235.95979935833034
235.95979935833034
235.95979935833034
235.96782308233605
235.96731918419883
235.96761382508447
235.96782908358503
235.9863430596572
235.98701731160088
235.98738732559198
235.9872763757448
236.0026349104151
236.01096114805466
236.01021611466953
236.01095349924537
236.02136655955943
236.021907816589
236.0242105662706
236.0253181759359
236.0263430961855
236.0251259301726
236.0251259301726
236.0251259301726
236.0251259301726
236.04034175706911
236.04237773425947
236.04191158769743
236.038286254595
236.038286254595
236.038286254595
236.038286254595
236.038286254595
236.038286254595
236.038286254595
236.038286254595
236.0408653933048
236.05223607746163
236.05266212648382
236.05288981616388
236.05255418989225
236.05255418989225
236.05255418989225
236.05255418989225
236.05866533789128
236.05866099629833
236.0644264370661
236.073512967816
236.0741580048738
236.0741348784371
236.07924045712218
236.07924045712218
236.07946177176558
236.0802872463601
236.0802872463601
236.0802872463601
236.0802872463601
236.0837721204417
236.08442665731457
236.1944284967546
236.19409929522772
236.19481202367976
236.1951345411276
236.1951345411276
236.1951345411276
236.1951345411276
236.20242570334213
236.20248454484417
236.2019769233483
236.20166492587603
236.20166492587603
236.20166492587603
236.20166492587603
236.20166492587603
236.20166492587603
236.20166492587603
236.20166492587603
236.21308782418845
236.21294499263985
236.22645980045107
236.22693189278698
236.22689751672792
236.22649573748737
236.2301848764367
236.23501792348463
236.23698716586472
236.24263191314188
236.2459728177025
236.24572595793418
236.2458823474964
236.25363264817614
236.2535788728686
236.27069432001426
236.2698068270478
236.26971725139245
236.2699103875217
236.2699103875217
236.2699103875217
236.2699103875217
236.2699103875217
236.2699103875217
236.2699103875217
236.2699103875217
236.2726476986499
236.2726476986499
236.27288279230885
236.27288279230885
236.27288279230885
236.27288279230885
236.27288279230885
236.27288279230885
236.27288279230885
236.27307707062198
236.27307707062198
236.27307707062198
236.27307707062198
236.27307707062198
236.27307707062198
236.27307707062198
236.27307707062198
236.27307707062198
236.27307707062198
236.27307707062198
236.27307707062198
236.27307707062198
236.27307707062198
236.27307707062198
236.27307707062198
236.27307707062198
236.27307707062198
236.27307707062198
236.27307707062198
236.27307707062198
236.27307707062198
236.27307707062198
236.27307707062198
236.27307707062198
236.27307707062198
236.27307707062198
236.27307707062198
236.27307707062198
236.27307707062198
236.27307707062198
236.27307707062198
236.28009511562945
236.27787196030064
236.27693847091956
236.28127622259052
236.28419390887478
236.28104583130508
236.282674599143
236.282674599143
236.282674599143
236.282674599143
236.282674599143
236.282674599143
236.282674599143
236.282674599143
236.282674599143
236.28444623940433
236.28444623940433
236.2845146494611
236.28504723279264
236.28504723279264
236.28504723279264
236.28504723279264
236.28504723279264
236.28504723279264
236.28504723279264
236.28504723279264
236.28504723279264
236.28504723279264
236.28504723279264
236.28504723279264
236.28504723279264
236.28751427880192
236.28695013796715
236.28737462298284
236.28737462298284
236.28737462298284
236.28737462298284
236.28737462298284
236.28961084097216
236.29064693886403
236.2905873181162
236.2931653846739
236.29850166682576
236.29878185263857
236.30089879567856
236.30172362973178
236.3068049192911
236.31704464062
236.31788207989422
236.3176492991908
236.317144048871
236.317144048871
236.317144048871
236.3206015876579
236.3206015876579
236.32002405266064
236.32002405266064
236.32002405266064
236.32002405266064
236.32002405266064
236.32222125567944
236.32426743290924
236.32426743290924
236.32425037500286
236.32426743290924
