with mode=0, handoff cost coefficient = 1.0
206.6096537217651
207.3616638406958
207.895417227031
208.08288919561454
208.21850950569308
208.27833235973335
208.35848857304003
208.35785649026653
208.43112195518336
208.4474991351131
208.57750833688226
208.53166574130336
208.55714970837403
208.70538297897585
208.74861313252617
208.74847431699948
208.76588837499565
208.76098039384453
208.7742270497429
208.74540434958496
208.72051529688028
208.79114947770503
208.8785166277856
208.87858515365434
208.88082216219752
208.9970786150129
209.03329790977625
209.04751851161683
209.9281074054885
209.9279334745582
210.2316431081275
210.23452367538698
210.17697958657448
210.17697179096365
210.17697179096365
210.18651218684778
210.24068943273988
210.58981646181235
210.69477309406102
210.73001121241447
211.00893313463587
211.00890936686253
211.1286719330931
211.13992629708488
211.51111702674856
211.7123063083431
211.74846018785857
212.03008568647417
212.32557636481658
212.32551728029773
212.32588245241232
212.46880008233884
212.50783438034992
212.4981805289594
212.53279088714706
212.53272814473831
212.6110108947051
212.73821912388735
212.7400252681462
212.742858031773
212.74838644945248
212.75172530357779
212.79129283123797
212.79101741690027
212.79233468329863
212.79243095668713
212.8164541388433
212.8192600334082
213.29965561238956
213.29583889028646
213.3298045312782
213.33029011132558
213.32587567766006
213.3306317131333
213.28029674658194
213.37846898454603
213.3555582184057
214.0248970979514
214.22099224533474
214.2060529933065
214.2059639465169
214.24940008176935
214.28846541211803
214.3110578293013
214.52445037045044
214.58204601842846
214.68688691488984
214.67862638322254
214.67862959256615
214.66997668933067
214.8625582195361
214.87453590674812
214.92808368931787
214.9281855769397
214.8873599297479
214.9108162519144
214.94053043853023
215.08679312310304
215.24464519066285
215.26908144239965
215.2694450880256
215.35987812738645
215.41752974769523
215.86798341464865
215.9981404233939
215.9981404233939
216.02716342516496
216.03047222714693
216.04055655417199
216.04840906358893
216.06718532972715
216.06347774843422
216.06701072272128
216.4856463148235
216.4856463148235
216.48570723297956
216.66235898972246
216.68075467004195
216.66542112949782
216.66474034363432
216.7321964520926
216.77106750267498
216.75280951621457
216.7857359512254
216.92401174185036
216.92530140060063
216.9956730342143
216.9956730342143
217.2967278046838
217.43406625644755
217.46446562573237
217.66594577804298
217.684508922714
217.7765311999465
217.76687906638486
217.7854831682932
217.79585305804116
217.81305399259307
218.11761824624426
218.11762035156136
218.18487101320412
218.27769566741276
218.27769566741276
218.27819387467528
218.2802606103804
218.30814642282812
218.30814642282812
218.27826651986035
218.2711489256275
218.26493473539065
218.86779548460945
219.363035117561
219.51719194712064
219.55182579548298
220.0404258008133
220.0404258008133
220.1154107971439
220.11552531583618
220.1978784521242
220.21235813713668
220.2582730193442
220.3788002046564
220.61332756268928
220.6183407399265
220.6084278454489
220.61073893960662
220.61101712814425
220.60543806804634
220.7167158686144
220.74578531424063
220.7470414353411
220.88433670754864
220.88607474367336
220.88607474367336
220.83903002756665
221.1887696775453
221.20373032525126
221.20373032525126
221.50020258655564
221.7019342452525
221.64676946302515
221.84138440782218
221.86334965595174
222.2686883330588
222.2686883330588
222.2686883330588
222.25827712487626
222.25827712487626
222.2686883330588
222.2700886326526
222.2700886326526
222.2681223799601
222.35545591722845
222.3554801869208
222.37337800337227
222.37859513509127
222.38636259393408
222.38861515504024
222.39686222883907
222.40214580822075
222.4085297494738
222.4353435527756
222.51880982291914
222.5188254268246
222.5587400644567
222.56558221294466
222.58260128342553
222.58260128342553
222.64274590738472
222.64843188347436
222.64846882570384
222.78050428877228
222.88308288844996
222.8796462265714
222.86632565286695
222.87326633962624
222.87324938466932
222.89177640636353
223.0170063317504
223.0200721609025
223.02767272368982
223.02799305050638
223.14915320525134
223.1890072506839
223.20845735994055
223.2089362448545
223.22194779320998
223.22957165411793
223.23145260691672
223.23145260691672
223.26976001259249
223.26976001259249
223.26976001259249
223.6281417847195
223.63599490408234
223.64266627498165
223.64263300852446
223.7108957327588
223.71372212154944
223.69586795844867
223.69953801415755
223.99868298669412
224.0198291943034
224.02998758052073
224.02777093335473
224.03276086964996
224.02685671478963
224.02685671478963
224.241308736727
224.30889891889495
224.34668655878883
224.3504370952085
224.39700214673547
224.41718654430355
224.4441090505619
224.44149207511515
224.5149226246685
224.5149226246685
224.56863243287359
224.56956627547038
224.56969382770922
224.56684458211794
224.56684458211794
224.56325953270112
224.5895003699352
224.59646484646453
224.61477476002912
224.6127828627699
224.63656949098652
224.63657079737786
224.66155474382586
224.69442080940465
224.69843625659698
224.6919188874452
224.69195563809026
224.8597217187793
224.8597217187793
224.91700925196875
224.91700925196875
224.93780731169332
224.96448448304182
224.95459136535132
224.99330920751962
224.99277674148865
225.07550963408877
225.1076486294398
225.11323672336687
225.12122001907355
225.1246097481754
225.12462423907846
225.12647154614424
225.1288396060105
225.141718690556
225.15111866747424
225.2133122293057
225.21993966391557
225.232072680006
225.232072680006
225.23205735260882
225.23205735260882
225.23141396412274
225.29579970683386
225.29579970683386
225.3437184394381
225.3912688248681
225.46285671897613
225.48161748181448
225.48166362702338
225.48166362702338
225.48165061272425
225.55387124651256
225.55387124651256
225.61048279023024
225.6222598489156
225.78396944735533
225.79290550756872
225.83730294868315
225.83402392108565
225.83402392108565
225.84856140504667
225.8485270524332
225.8717486177743
225.91421149638842
225.9188913329886
225.9188913329886
226.17003237141472
226.17008992997046
226.17008992997046
226.16804038002545
226.16809403296497
226.3889801536978
226.3995423900455
226.39956159468477
226.40670780803154
226.40993008693806
226.40670780803154
226.5141332610623
226.5039326910696
226.50530143373604
226.67727016865342
226.6811258042828
226.68327627709547
226.72173778886386
226.74095304500128
226.7610041523329
226.7610041523329
226.8130290469253
226.8188425824151
226.8188425824151
226.87491747293527
226.91148526325642
226.9955961182311
226.9961577560287
227.0033803212641
227.0033803212641
227.00871435744216
227.0272222259399
227.0272222259399
227.045563986758
227.05324913392576
227.17760774556388
227.1957858512948
227.1957858512948
227.1975029021419
227.2271740805396
227.22018483214748
227.22882351449823
227.26659503213165
227.31508817012428
227.31957111343144
227.62047531969452
227.62070400324453
227.62174014769087
227.6249157267401
227.6204213948608
227.62204627551415
227.6301451742722
227.63064737484376
227.63076212047605
227.6715264007214
227.6715264007214
227.66863328683766
227.67401918263056
227.69010082539558
227.6940355969344
227.6940355969344
227.69222195907764
227.84806936953353
227.85126944153512
228.01828631097976
228.03156723740472
228.03156723740472
228.03663055899625
228.03419732272422
228.12550970712408
228.12550970712408
228.365005409645
228.36503897339094
228.3716248872272
228.38187226957118
228.38197593875614
228.65726725862976
228.6723447234806
228.6723447234806
228.7076044388836
228.70694272734193
228.70941198787787
228.7233686804367
228.84019296094317
228.82543696807318
228.85280795586442
228.8528188911068
228.85156861215745
228.8519226628515
228.8519226628515
228.8519226628515
228.85887791317265
228.85887791317265
228.87987765474037
228.8873453351145
228.88996581793128
228.90049038273597
228.90077830835375
228.96680226669312
228.97094732511923
229.089773743941
229.09545114281752
229.305216232552
229.305216232552
229.30909995541165
229.39328763344193
229.40949934296833
229.42542041200633
229.42542041200633
229.42542041200633
229.43582549181102
229.62574799449374
229.6279346176792
229.6279346176792
229.62552640007257
229.62696834849558
229.63171264492644
229.63400884292278
229.65720702369242
229.65584637769504
229.65674521837894
229.86377770147948
229.86377770147948
229.8617563422618
229.86137809068612
230.14228879124278
230.16410613064807
230.19199766129773
230.224576897435
230.2288846584369
230.2288846584369
230.248745822478
230.2611731143611
230.28108457960226
230.555826819388
230.5635179241254
230.79949650074792
230.79949650074792
230.79949650074792
230.79961430594898
230.82166517181852
230.83720149372405
230.83676832126937
230.8548258384264
230.85174619443688
230.85174619443688
230.83702606285303
230.85664208023857
230.8723656627067
231.29056859662964
231.3293699832261
231.34470849797614
231.34346470503783
231.34583363464122
231.45216717207293
231.45216717207293
231.45216717207293
231.43604336327044
231.43306039968925
231.45216717207293
231.45596410144157
231.45599072505576
231.49596863984266
231.50513895250845
231.50494900037455
231.50494900037455
231.51089933053547
231.51553105626468
231.51487082684838
231.51259672495183
231.51260967802108
231.5126220238179
231.52495952793808
231.63713992508696
231.63800854865514
231.6543837531962
