with mode=1, handoff cost coefficient = 1.0
206.6096537217651
206.6899501847385
206.89744003179962
207.02189316058153
207.1864559325134
207.52827435115785
207.89998569836698
207.98537972182947
208.0424550378218
208.07379884355583
208.16600469826668
208.3652713179934
208.4683483962161
208.54080382311835
208.79053934822116
208.90161219465776
209.08867301473728
209.2961191990436
209.35963839411943
209.46921595525893
209.5612185444902
209.72215483353216
209.91765680562798
209.94641989569382
210.0738544935516
210.14330417519324
210.2988821870239
210.346798603526
210.35475826917593
210.45528528834237
210.5026012257663
210.6626242428085
210.90475993153004
210.97971867106236
211.15402582162844
211.18990256552127
211.22640455569956
211.28355349796806
211.3626716089277
211.43740100878563
211.5117418515924
211.53678676616866
211.62057903269937
211.67637290753305
211.9697412102376
212.2031719882774
212.28615503866556
212.3230104264404
212.3955561400813
212.5528434692571
212.72122199780063
212.90575467615403
212.97066948811963
213.12446366637135
213.22616563054777
213.26493527664127
213.44127372475535
213.607803904936
213.6907941203254
213.75743279344593
213.82223350121993
214.00252993688588
214.05412554724123
214.14288413802225
214.36441347295937
214.48383045140815
214.51251693978466
214.67098083078153
214.9550713734119
215.04235748411392
215.08102171441288
215.15139320510195
215.29372124604993
215.37966355310974
215.62147716699593
215.69315004571834
215.83985230365005
215.93811731861956
216.01240452085523
216.08029207744815
216.15414407263873
216.21794289519926
216.3879594935932
216.41619122150362
216.4860301597571
216.52526897620143
216.5621239769498
216.60642344397195
216.76595647850263
216.9625725079433
217.16831302918484
217.20451724859822
217.27828731058656
217.50414029045987
217.5655371972224
217.63579232055451
217.72899620944358
217.93204517189335
218.0029045138797
218.13538249416095
218.34351218864438
218.42838658096167
218.69624813017163
218.739307882345
218.88780983818899
218.93587881941477
219.03954861699967
219.16392414168442
219.25777932111197
219.49980132903696
219.76077096067394
219.85496400480528
219.93366534137272
220.00782454044997
220.09785168232264
220.16214851710947
220.17716148041077
220.25225726252256
220.2907211273063
220.43921759408175
220.50974428710632
220.53154239739217
220.6119050150042
220.63781805843513
220.69405909386415
220.72891543326898
220.82664981539673
220.82422753556423
220.88238695068776
221.14904097424392
221.19312243397178
221.24953779921339
221.39364215156616
221.48213780095466
221.57882788155953
221.66478594970232
221.75834532821654
221.8982512619277
221.9941801859136
222.00699043266803
222.06510332111463
222.10003138875481
222.21448115538425
222.31633097556673
222.38775618455045
222.4304562774209
222.4320968242029
222.54829841716423
222.59750184274588
222.61235737802036
222.77334653929256
222.77941138999134
222.8495660831447
222.89190778430998
222.9025897230074
223.0089776246661
223.10721541832243
223.22705110111278
223.28058869675056
223.39321088878958
223.39919119754703
223.47794305544724
223.4999447160736
223.53855766972012
223.57061905024736
223.58292958051453
223.61746134313833
223.68055604160125
223.89897056708398
224.10805756675762
224.13714851653833
224.2680152041163
224.41572374457962
224.4784878112778
224.49068399414358
224.5334691497206
224.67484535925934
224.80424039590199
224.84004099201664
224.87796211921025
224.89222031092066
224.97246642306007
224.99057475284312
224.99593957643506
225.009881583864
225.02648122266467
225.02936906757668
225.10732501870103
225.17632696801897
225.2236305866418
225.2774354345627
225.2989814458644
225.3234494703323
225.41404163312694
225.5399984273382
225.5601489734927
225.5629782830473
225.57507023746857
225.74456488985288
225.87458264111962
225.9127523621982
225.91885356818682
225.96934711045625
226.07265725675995
226.09554460051143
226.13092790987272
226.1607552569797
226.22393583200702
226.3836899839097
226.49097557480326
226.6263382584465
226.63800630742702
226.72640170595136
226.73712635297153
226.78380121752758
226.84359011455692
226.90776852827943
226.9065884464792
226.92214865208393
226.9358251415081
226.93374328268342
227.03046295874154
227.05217851315433
227.07354527229518
227.24812686009113
227.34530642427075
227.34952731096078
227.3704754652046
227.4565641633525
227.5827263095622
227.6454223636724
227.659676591172
227.7700362969274
227.77825170296165
227.8595754633837
227.87073940930438
227.8944584630769
227.98431682352955
228.0109609439116
228.03541652555117
228.04581872095753
228.0828368329176
228.10266535529556
228.1053646494379
228.11186751171465
228.14218728258155
228.24809927439273
228.2421532225118
228.31139911599357
228.34990579640817
228.40680279361845
228.45350082636446
228.46340008541588
228.48676456752386
228.49056553577137
228.545208592772
228.5545295387677
228.5760311433875
228.57731264623553
228.6018204207447
228.61495437772484
228.66766572243114
228.75523441142067
228.77862271385428
228.78872856082344
228.82066206511323
228.8717625288665
228.89368116783297
228.9682199068008
229.0462684288237
229.06114939359958
229.0681782606746
229.08721621043227
229.10789312750194
229.14473530784235
229.2576913936986
229.31741466437802
229.33943358411776
229.39891908985348
229.419493797677
229.44191043103152
229.47126517116197
229.4814706358521
229.49613938762764
229.50696566277907
229.53315104896873
229.5758044687373
229.60630889210387
229.62586934410356
229.68258765748203
229.6806164364584
229.76876815793162
229.78318406492858
229.77886424857533
229.7992715485559
229.8695459241551
229.96497376702197
229.98070738745622
230.05544334177117
230.07390291524075
230.07872232394178
230.13167735866313
230.20527250252556
230.2458216554776
230.35140257538396
230.3715585582698
230.40111676134669
230.4026724841389
230.6163313305131
230.62586655874475
230.68768948255095
230.69951095549283
230.7143466723352
230.71888384035609
230.72794310954762
230.81596098549915
230.86435082833484
230.87224737579666
230.92422787695654
230.9302965962301
230.957129974852
231.008180100512
231.0439582865299
231.05281690462667
231.1031189807468
231.1058415175355
231.12174233692969
231.14854929404692
231.21396123762355
231.31529192881447
231.38731811419458
231.41410286941525
231.47668420698196
231.48030861370904
231.4908146743072
231.5344329052444
231.5453180306569
231.55072461284266
231.55797843473167
231.56773757561544
231.585641964141
231.59539095770353
231.60238993626805
231.67920268532112
231.70776122472458
231.72980377224587
231.73778896006223
231.74918778095056
231.80203690895505
231.86265544874567
231.86583344534395
231.87611501168257
231.88227122486296
231.95534906892854
231.9787947452381
231.97716928816473
231.98102762089636
232.0380214465553
232.045429771601
232.06929064370914
232.14411392907493
232.1665472785789
232.17384640900823
232.20992006545342
232.3104524927514
232.3251981660231
232.4057082818416
232.46599209467558
232.51736482538186
232.51753579409205
232.52295543639397
232.53568657401613
232.54266444805785
232.58406786289143
232.5763243507798
232.59402045522648
232.60984214528384
232.67139204671741
232.68128737979492
232.72565414248223
232.73982332987825
232.73628239575007
232.83458865184755
232.8450197072686
232.8890949615549
232.89400987174224
232.91702107128293
232.90890740249557
233.03827239148941
233.04961053216547
233.16663380101645
233.1718820968081
233.19661235991293
233.19604545954968
233.20798654969457
233.22921200429099
233.23014179870827
233.3005816908364
233.38082869446185
233.3946420217167
233.42075567824
233.41858714165
233.4607418663822
233.47798732593384
233.52846001815792
233.6154774287409
233.66825868521002
233.71882323522962
233.78597813978897
233.80434984984365
233.80147710812147
233.91649556956466
233.92636120264643
233.9735232313421
234.02673853126146
234.06870705407073
234.1098248500077
234.15399125959382
234.15540809269655
234.17417832771804
234.2192309876938
234.30139113889445
234.33359332101472
234.4048439353903
234.41109644496984
234.4681519254583
234.49833380708964
234.54537887983233
234.59548786664251
234.63361917284618
234.65826712830403
234.74696829722254
234.81053568081555
234.86726852728648
234.89762117051524
234.90419930305316
234.9025582653907
234.97816633743366
234.98891580100906
234.9960114004134
235.0325392759285
235.0840477409368
235.1171118267452
235.17251099924113
235.18661636460416
235.20662284817968
235.2516240627417
235.28083652510432
235.32565861640356
235.3516947776511
235.37405388922937
235.3961645873663
235.397339076467
235.50084090921715
235.53364538994305
235.5638179038789
235.56040401912242
235.61824489167176
235.68084290482997
235.85527062183004
235.86039698977947
235.86146404363504
235.8712630967467
235.88010165032725
235.88654447724394
235.91645489298136
235.93030621281835
235.98406267239048
235.98122306323583
236.02043868444864
236.02651264270577
236.1131868789291
236.15700835079502
236.16998274111697
236.21486698611997
236.24980734847512
236.30598574681557
236.3701251614292
236.3826736117766
236.42284185931936
236.42821780192497
236.48041037742746
236.4921018879159
236.49886134976833
236.55032157193955
236.65866859646573
236.665928205472
236.71135861749195
236.78352352729078
236.85753189160283
236.8563121399381
236.89748795411916
236.99641730826593
237.03539327991743
237.06619407291072
237.1333681285905
237.15920274204774
237.17878779752274
237.19451467032695
237.20426573430527
237.22659895626407
