with mode=0, handoff cost coefficient = 1.0
217.52893796957306
217.52891205455532
217.64767513062716
217.843518810783
217.8107858626185
217.81073629727166
218.27950839617822
218.30268197440031
218.99048821338408
219.4072361525883
219.40781604336243
219.85305535410254
219.85493904473265
220.18012301067793
220.17269662279398
220.16131726285855
220.1680382396489
220.25434453589872
220.2550788356439
220.49674344001832
220.68573245995398
221.07641198953735
221.11121008220675
221.3165290986235
221.49803530465627
221.46028795256368
221.45461276655502
221.50958869590082
221.75446639608523
221.86745837080485
222.02113293179931
222.42374611738623
222.49524002395705
222.49479252766824
222.5318774369023
222.6406695469963
223.22842260660107
223.82101257598453
223.86779664022808
224.10089734539017
224.66868589875398
224.7766002273879
224.77296216755408
224.78955900760914
225.2790831734209
225.274743088931
225.2727457960142
225.38065634708144
225.3763664152327
225.38854549789173
225.4283594888059
225.43026529619306
225.4303224860329
225.64939967564973
225.68420554569397
225.71076628295643
225.7107763786874
225.92900860446122
225.92900860446122
226.09943188286792
226.50813245677116
226.53269229795526
226.9149567446212
227.00855269529433
227.24913922909792
227.24913922909792
227.55856356365956
227.70694370883672
227.7114587901122
227.738235461574
227.7405940570364
227.77276057017235
227.79978238423396
227.79978238423396
227.74430635208373
227.75962107139938
227.76722452881395
227.79978238423396
227.87093058775676
227.9654201283087
228.01793423583666
228.0708147887283
228.09238417696196
228.1188217552754
228.22561387788969
228.23851511553372
228.26459659845597
228.26459659845597
228.26491687541284
228.34025774291325
228.42549331090635
228.42549331090635
228.4435744933665
228.4752742540306
228.49418270094733
228.4991750469132
228.52483879315182
228.53597448807224
228.55651521165788
228.60003025815374
228.60000090896511
228.7009821692689
228.70098981379377
228.7011602374447
228.70116833013873
228.72808089622185
228.72413058653044
228.80667816239531
228.8666593480953
228.88127730593112
228.95984612254819
228.9535951573858
228.96061487880593
229.11725397621947
229.12729876302174
229.14849596220486
229.21568260260102
229.2208638042423
229.29728516635475
229.29731518641404
229.2992897443379
229.3064223471477
229.43665943070837
229.43921914762868
229.4427412554035
229.70562314027381
229.71296490080368
229.85356537702427
229.98846645589725
229.99152524221415
229.99152524221415
230.07596261339972
230.09305521512658
230.10537669474434
230.13084262076487
230.31699827333412
230.5183216685154
230.52331127615656
230.636835137791
230.66838775519062
230.7105296875065
230.70693437811258
230.70876748996727
230.72663776538607
230.74300581148773
230.74577511049634
230.7483402797105
230.90159152008144
230.92103568777677
230.91457025021023
230.91538057516908
230.91550047939478
230.94138399582255
230.95976160381687
231.0327351005151
231.03227194415675
231.14525718248026
231.2511315930042
231.26337465217588
231.2798802626605
231.35902825419143
231.3604358013344
231.36328382048174
231.384775301142
231.38544238535817
231.388584298192
231.48821592099964
231.48988814176568
231.50187867682519
231.6094857609395
231.64870321639322
231.64726882080103
231.65095280891703
231.6529716498508
231.73240451184734
231.76050549769616
232.05411939592472
232.190826949119
232.1936993746073
232.1973078089172
232.35862622981392
232.3607253218769
232.40423884675332
232.40057314980547
232.40057314980547
232.40264093501654
232.62168336822154
232.62177229325974
232.62341571976086
232.62341590527296
232.67031081091153
232.67031081091153
232.71012931196148
232.70848588546036
232.75257035261896
232.95159619225657
232.95561437443084
232.95160398506178
233.03539497361234
233.11920245223115
233.19022136037225
233.20984375377296
233.22307103956675
233.395722155184
233.39321667865238
233.39397603355673
233.45544702188803
233.45579577713767
233.45849096006572
233.45811157787546
233.45985085182886
233.45985085182886
233.53315076260793
233.55047277293608
233.54993247860236
233.56472643846206
233.5765902678771
233.75252024914374
233.77438751305786
233.7744030395484
233.79138169524995
233.92224239897692
233.94353177981466
233.94534611162786
233.94533438281115
233.94699757015493
234.1609911600267
234.2945489590894
234.30520713703794
234.39834976969536
234.40812490908957
234.70937362306486
234.83022826666064
234.83431274915884
234.8564420584974
235.00357302595106
235.05088634117777
235.06631983424114
235.09585267352588
235.21000092572388
235.32950048479913
235.38686737776948
235.39392420345928
235.39392420345928
235.4207263711965
235.41797608803847
235.43377725615832
235.4339222026567
235.44455660148978
235.461680775202
235.5539327344206
235.5893588727687
235.5893588727687
235.612633592225
235.77007771797753
235.79716720300647
235.80084489122484
235.78285917304802
236.0963569181596
236.09642877032815
236.1025504242278
236.1025504242278
236.10413566842556
236.08668398614827
236.24594549209002
236.24612738262556
236.33090458595075
236.3408876516693
236.34163615595705
236.3935534419674
236.41982154158663
236.4488102539168
236.44889705361862
236.4575793534509
236.55535817782214
236.55535971946892
236.62741803346398
236.64457404695375
236.7550692018751
236.7550692018751
236.87723390622247
236.9188198229629
237.07428640019634
237.09459993508494
237.09459993508494
237.10962557579373
237.11463711684587
237.11504332795528
237.11524768277937
237.1220119675996
237.12075185260258
237.11842171101804
237.11821114194112
237.1277641001518
237.13079478978378
237.17498374465262
237.17497807860585
237.1765654877115
237.278779963912
237.27967423053812
237.2587214532244
237.2722260815394
237.27612693413832
237.28450644544228
237.27055029985723
237.2739766632775
237.2739766632775
237.27443941856615
237.28450644544228
237.3469660028461
237.34803394226552
237.40502359541375
237.408608707088
237.42758583442108
237.43920462595415
237.43961729867695
237.43961729867695
237.5686775314128
237.56777521946182
237.56674173557278
237.57978524904982
237.58121382756468
237.58276989190466
237.59101360046233
237.5971846013351
237.59366220336412
237.59433269943304
237.59433269943304
237.59433269943304
237.6857820546306
237.7307069126883
237.73072550289598
237.73790258454193
237.77126562174792
237.80775649702068
237.8195823053177
237.8221955588893
237.82798741544144
237.88832593478884
237.8887127347729
237.9219200829086
237.9273348214199
237.9335402114535
237.93379858048093
238.044568759133
238.05738742039074
238.05785340525813
238.05794088606828
238.06130973735424
238.09648551185754
238.14511040376468
238.14511040376468
238.1459106062717
238.14591049454023
238.15904309329443
238.18034684532057
238.3070068117469
238.3070068117469
238.33924302242187
238.33944067461377
238.34184897007273
238.35377339331822
238.3848092205114
238.43660444786366
238.44450950577456
238.45685189366287
238.50023723635786
238.56079389062717
238.56672724372595
238.59742911690478
238.64262500619913
238.66361090902052
238.66361090902052
238.6691943964517
238.67068890949224
238.67380688073274
238.6738083762869
238.6737782960613
238.66997247041155
238.67016636060765
238.67380688073274
238.67531298846734
238.677676416183
238.67958160401818
238.67987665287322
238.67987690594825
238.67996487087973
238.67996487087973
238.68198521869596
238.68308384977723
238.68374815034042
238.68374815034042
238.68374815034042
238.68461961153722
238.686871081203
238.68761645378405
238.6932015445434
238.72343279380203
238.7234354750916
238.72833833536995
238.75632328651633
238.75672665070715
238.75674361080513
238.76177017308845
238.7620303576532
238.76216594138708
238.7659750860762
238.78235833695234
238.78235833695234
238.78254646837925
238.83324101304927
238.83525519006537
238.83528440110348
238.8403314084349
238.84048304887074
238.84443873329047
238.85962504942836
238.85976223240624
238.86437086660806
238.86632365453244
238.871285906367
238.87224060726942
238.87224156711414
238.87224156711414
238.8743164969962
238.87884309809783
238.88242531259206
238.92950167015968
238.94451892437837
238.98628565004324
238.98768809829866
238.99092578410563
238.99088055364803
238.994656240835
238.994802070596
238.99531214489863
239.0399788348244
239.04039112895845
239.04060391452794
239.04108689618477
239.04571572750012
239.04573385459827
239.0465760796966
239.04719219954433
239.0835914049345
239.09197005580728
239.09254967759034
239.09256059878788
239.09256388393425
239.14246817831042
239.14246817831042
239.1470791501851
239.15579053044547
239.15579053044547
239.179614318345
239.17961570527325
239.18288380693025
239.2152132311578
239.2153835347596
239.21537760464224
239.21845367569
239.24991147642567
239.2806507617109
239.30563899948646
239.31210902166305
239.31263236753992
239.3152319189492
239.31806226405823
239.31808190767603
239.32020541586937
239.32031125837537
239.32516643954202
239.33057293025794
239.33057752491888
239.33129204419217
239.3315152000878
239.3315152000878
239.3319602549379
239.33199710636492
239.3632484236257
239.3964349372675
239.3964349372675
239.3974927717062
239.40052483651556
239.40052483651556
239.41799744358215
239.42246141120776
239.4633470759994
239.46341327249405
239.46620773504446
239.48996074029674
239.5146559227776
239.5146559227776
239.51637447049313
239.5167203648024
239.51947422757993
239.54458256557007
239.5620060313607
239.5614646568474
239.6113192035987
239.63231275423874
