with mode=3, handoff cost coefficient = 1.0
217.52893796957306
217.58120337771294
219.08837379042467
219.492155302175
219.9040152963041
220.53805174290213
221.31708771352572
221.349302379116
222.06442119843092
222.24221276194032
222.40243503372685
222.6422902967964
222.69886950358526
222.92081411276584
223.13915082701706
223.19308863500228
223.4260667437109
223.78594875599245
224.06711375429504
224.06584583195055
224.22882656574555
224.23856113327324
224.60990935482104
224.76549602560786
224.7653518886285
224.7877588622833
224.96652990997973
224.96624107716684
224.98069351579565
225.16909512127984
225.23958765120352
225.49741436498343
225.5808200956412
225.58042119681195
226.11991175500614
226.1212895278938
226.12127062200457
227.1188360501092
227.11887749777387
227.8939274716208
227.88940576308585
228.71208915356218
228.77991856840708
228.8622561839406
228.86262714831227
228.86259164562316
228.8648259774419
229.2800409515626
229.32235391280403
229.55033215280739
229.56663186705137
229.60583190339892
229.71936848132535
229.71704082077508
229.80036181659725
229.80073799005876
229.8360536990777
229.83717324987137
230.0648950075274
230.1123389103218
230.12772790625058
230.14714411394152
230.22412295147754
230.35298401512998
231.19589811775333
231.80445227622423
231.788357869764
232.9610584189728
232.96119737861966
233.16920369264872
233.21425712418414
233.5882363596163
234.05788319127592
234.1221483723804
234.11603740692794
235.0090561540649
235.03375853046265
235.65175648597622
235.89717034072208
236.14799927067818
236.58690900090997
236.59307637923905
236.96404504502127
237.18055998280045
237.9346969516374
238.03212366324792
238.30855200991968
238.3860699016485
238.3853046010522
238.45650559398632
238.4591662953512
238.58248744419924
238.5820452176102
238.81373440638683
239.07610859679895
239.07623619500427
239.17921008285518
239.35278483874873
239.50047174827927
239.65955798000363
239.67349342084077
239.7024740813638
239.76121619313753
239.82449203018425
240.0058481928945
240.00628336719194
240.018831798152
240.07829570839826
240.1439248710173
241.2321383859404
241.26455776666836
241.34213455620818
241.44460266363706
241.44783774831694
241.66470320785749
241.70226837975844
241.7381645578635
241.81968915205474
241.88646670811713
241.88675823231245
241.87843190238854
241.87826315627706
241.87826315627706
241.87826315627706
241.87826315627706
241.88530735853442
241.88530735853442
241.88530735853442
241.90686433171706
242.54352938738393
242.54677125543344
242.6946692397565
242.6944270840814
242.70531137377455
242.75598931847892
242.80671016444487
242.9811353620959
242.98148248048315
243.0136007353675
243.01355979749457
243.01341597963017
243.0319076254658
243.06852015424673
243.31579210866744
243.32657288214696
243.32673351997047
243.33286777600435
243.3332299553386
243.33353299972055
243.33344656059796
243.33344656059796
243.33344656059796
243.33344656059796
243.3812924292897
243.38543080439902
243.39244317828295
243.39698663521713
243.41114365112978
243.84759199611682
243.8758675093291
243.920120919919
243.93644250862042
243.93455550810575
244.3052178817528
244.31853791006267
244.37464572652692
244.47277569648293
244.47781891851696
244.47703698510213
244.48048494058315
244.48666041656935
244.48308975140543
244.53691643087166
244.53974449755037
244.54265092885595
244.54284036369438
244.54193895054044
244.57700609143274
244.59069640258178
244.59308159856522
244.61424326477095
244.61414965125567
244.75258361493678
244.75251792813208
244.7520130218482
244.76738392908146
244.7670824143567
244.77127913835102
244.7696815904377
244.77015876237056
244.7705870757847
244.7705870757847
244.7705870757847
244.77445723825798
244.84738563275818
244.87515854516278
244.9216395614252
244.92694680617302
245.00720424557716
245.00715177936172
245.00762275307892
245.0158065016431
245.3156415577376
245.33241976707723
245.33359663401615
245.33513572683484
245.33500528772026
245.33500528772026
245.33661646640445
245.33661646640445
245.33661646640445
245.43497395705018
245.44938390961252
245.5107327172596
245.51244658027645
245.51243463804047
245.51614388223862
245.51646788254465
245.60152081549037
245.62125144157054
245.6379280300461
245.64029838304046
245.65176103604531
245.65175099000277
245.65185071485155
245.65475692731079
245.65475692731079
245.65475692731079
245.74168690249334
245.7416452947322
245.74352410521237
245.743625725513
245.7443232534853
245.7461032559769
245.7461283848436
245.74674751852368
245.74679588894128
245.75586100484327
245.75587763503492
245.75588553530108
245.7558814814785
245.7558814814785
245.7558814814785
245.7558814814785
245.78325744005457
245.783482285712
245.7834466825002
245.78008109034494
245.78008109034494
245.78008109034494
245.78008109034494
245.78572868558507
245.78572868558507
245.78909943564636
245.78919030147802
245.78900408794067
245.78885764815752
245.78885764815752
245.78885764815752
245.78885764815752
245.78885764815752
245.78885764815752
245.78885764815752
245.78885764815752
245.79714513451134
245.79749354732488
245.79965230018894
245.79802193959176
245.79802193959176
245.79802193959176
245.79802193959176
245.79802193959176
245.79802193959176
245.79802193959176
245.79802193959176
245.79802193959176
245.79802193959176
245.79802193959176
245.81891831781223
245.82178708838916
245.8216840764896
245.83126527673767
245.83275025408741
245.8321086060535
245.8325881680279
245.83491892537828
245.86497644760288
245.85546564052345
245.85545310617456
245.8683926371322
245.86793810960134
245.88979753465216
245.89236379927763
245.89805403055436
245.89855487449108
245.89863813420772
245.89865175540956
245.90076036587362
245.90076036587362
245.90076036587362
245.9128741091825
245.9241978321162
245.92697072134496
245.9270482047275
245.9264585715872
245.93181385893547
245.93501245820363
245.93473643617938
245.9413801171858
245.94158042831552
245.95566245200254
245.9559213606217
245.9558922944306
245.95597738526376
245.99400173582904
246.04303773235804
246.04528250648326
246.04605553416712
246.0460016727286
246.0460755756119
246.04856561121812
246.06888482772115
246.06963959097897
246.0696910354295
246.06629673504224
246.06629673504224
246.06629673504224
246.06629673504224
246.07294998907017
246.07298156725926
246.07298156725926
246.07295338482248
246.07295338482248
246.07295338482248
246.07295338482248
246.07295338482248
246.07295338482248
246.07295338482248
246.07295338482248
246.07295338482248
246.07295338482248
246.07295338482248
246.07295338482248
246.07295338482248
246.07295338482248
246.07295338482248
246.07295338482248
246.07665189698773
246.07665189698773
246.0778841132766
246.07821322601936
246.08465393032668
246.0846098257016
246.08587398386888
246.0857075399695
246.08791185221668
246.08800637289008
246.08800637289008
246.0945362643565
246.09462960817606
246.09457278880177
246.09473919739514
246.09473919739514
246.09473919739514
246.09473919739514
246.09473919739514
246.09473919739514
246.09473919739514
246.09473919739514
246.09473919739514
246.09473919739514
246.09473919739514
246.09473919739514
246.09473919739514
246.09473919739514
246.09473919739514
246.09473919739514
246.16495681614876
246.1649479021571
246.16602968839953
246.16385529975403
246.16385529975403
246.16385529975403
246.16385529975403
246.16911250993053
246.1692417441713
246.17144324828726
246.17413310835136
246.1746098022178
246.173603304094
246.17878595366915
246.18199117917027
246.17884939049029
246.1804291868435
246.21611094276014
246.21579652848504
246.2159008516795
246.2177772027231
246.2177772027231
246.2177772027231
246.21888405289323
246.21888405289323
246.21888405289323
246.21895607568186
246.21895607568186
246.22050662912025
246.22050662912025
246.22196022733195
246.23061436383094
246.23038101265374
246.22977870787298
246.22973954406308
246.23473834876333
246.23794806214
246.23799382148545
246.24325016415932
246.25771211917402
246.25767745692892
246.2582843220183
246.26012162157397
246.26012162157397
246.26434075101142
246.26434228959823
246.26385406323303
246.26503478202497
246.26503478202497
246.26503478202497
246.26503478202497
246.2693288066538
246.27673602364763
246.27673954534748
246.27672643912996
246.276831988816
246.276831988816
246.276831988816
246.276831988816
246.276831988816
246.276831988816
246.276831988816
246.276831988816
246.276831988816
246.276831988816
246.2843885302093
246.29355254683054
246.30892262395446
246.3089191532618
246.30891490561845
246.30914862636166
246.30914862636166
246.30914862636166
246.30914862636166
246.3192793102166
246.32306292006282
246.3229529525066
246.32470614418983
246.32821236238013
246.32821236238013
246.32819707800533
246.3283654949054
246.33139307975776
246.33132664078775
246.3394652809673
246.33948809938906
246.33944303940163
246.3408824151892
246.3408824151892
246.3408824151892
246.3408824151892
246.3408824151892
246.34290245063377
246.3431896713747
246.3431896713747
246.3431896713747
246.3431896713747
246.3431896713747
246.35189520897583
246.3516406581115
246.35175619747864
246.35422840365015
246.36248531838368
246.36244777114655
246.3626272819392
246.36384885358262
246.36384885358262
246.36384885358262
246.42095445834062
246.4787882822914
246.4788837379396
246.47789453265804
246.5315531875671
246.53028790565045
246.53201047697524
246.53247762506209
246.53247762506209
246.53247762506209
246.5347969459072
246.53639807566353
246.53576751107622
246.53575815325271
246.55733484560898
246.56206920230818
246.62716039199395
246.63847090356796
246.64549874503976
246.6512132128817
246.6519587233335
246.6519521702757
246.65274897931346
246.65274897931346
246.65274897931346
246.663214966363
246.66309919851477
246.66595254523634
246.66596575969567
246.6659756287599
246.6659756287599
246.6659756287599
246.6659756287599
246.6659756287599
246.6659756287599
246.66992945732534
246.66996788922063
246.66997316910994
246.6699730210567
246.6699730210567
246.6699730210567
246.6699730210567
246.6699730210567
246.6727830898819
246.68015518505425
246.680194935329
246.6805134160789
246.68864014867765
246.68758333794952
246.68852472125172
246.68947955411596
246.68947955411596
246.68947955411596
246.68947955411596
246.68947955411596
246.68947955411596
246.68947955411596
246.68947955411596
246.68864014867765
