with mode=1, handoff cost coefficient = 1.0
217.52893796957306
217.7770869624794
217.83456725930225
218.05794967942043
218.1878768422339
218.33063054588501
218.39178226854645
218.49328382549407
218.70043128080516
218.96846094064165
219.05292422085554
219.14569573803635
219.22282152950774
219.33310189841006
219.4376797872378
219.4997141441393
219.65249175022612
219.9185865044349
220.10281064022263
220.2281479241841
220.272310967144
220.31781789257707
220.5330270331731
220.5714368821804
220.69088062761378
220.77642439995265
220.8430627827373
220.93127583409324
220.9887099793221
221.0294974953786
221.08235627712983
221.33454595099016
221.4290614716366
221.527469524978
221.55673176350808
221.63695991161262
221.75292417291743
221.87333854443804
222.05021398908661
222.09138424233112
222.25834221066026
222.33974994526278
222.36618961096912
222.4257595998263
222.5495432475354
222.57458448656539
222.70626543367436
222.76132344639944
222.81776755837302
222.88591030842443
222.96988531513273
223.0329771298846
223.2122076508171
223.4122555735658
223.44702790145564
223.61142918062896
223.6923417735468
223.75543795379457
223.85518203281592
223.92467020123945
224.05697757509995
224.1686437678282
224.3736374915434
224.45195367332656
224.59182890329797
224.63300506319763
224.74254235514917
224.88078858307546
224.9158572616989
225.0363853451977
225.20712398856358
225.3873513048402
225.45972036350503
225.47592684725683
225.58172843101008
225.74156202204813
225.83985257897675
225.90302534996297
226.00398546017053
226.12415560013667
226.18752999174055
226.3286556068078
226.45026477793982
226.6574899323022
226.80009443887172
226.81173989119654
226.93579110596815
227.0606340322081
227.11894756859866
227.26025432011656
227.36049105233167
227.43915667369004
227.56398708156107
227.65591203237884
227.73696204186348
227.90059476991894
228.00602836513937
228.15820438399732
228.18141401821742
228.29352232840185
228.4640623490874
228.55682363412484
228.58867683248528
228.6270443641672
228.67065790940512
228.87281592021273
229.06407211534378
229.11396230038503
229.17983741846513
229.2913803277562
229.44360265523346
229.50400496545706
229.66091309060974
229.6992140531547
229.78325612660242
229.8736123288545
229.97321325232647
230.07189625677526
230.23690175627658
230.38260344261212
230.45194941423662
230.4859981067435
230.49736336922638
230.5648902103004
230.7666742906528
230.82139725569988
230.84904626171553
230.86510951066217
230.94540050080718
231.01643332397714
231.1777209656099
231.21227587048799
231.34034706411092
231.48452718917878
231.57734225025473
231.66791905157356
231.7121203156114
231.73708645910642
231.8032541652715
231.99116812729721
232.10309471292874
232.2566078687194
232.28127247905616
232.35147719872583
232.4462029029516
232.52389055723748
232.58300918814732
232.58897400337716
232.63776272396436
232.6982390622959
232.8005045065328
232.9495715507333
233.01685247967734
233.25539840737682
233.3095439451735
233.3740976910957
233.39360438981927
233.4884809301282
233.58480699009385
233.73558364416544
233.7954021694832
233.82200689032848
233.82404103446387
233.89687629822748
233.96577410253633
234.10438835836695
234.1389341418947
234.22621466856205
234.2504651847709
234.31901478715824
234.4048108115758
234.4120603127169
234.43729061792357
234.4587409203202
234.48009860467013
234.5349170200811
234.59412507409832
234.60369606327333
234.64935720037124
234.74326760213793
234.75515548453043
234.8355020383521
234.84751630696977
234.97036023635087
235.08577009686766
235.10828229409816
235.14551641826293
235.20128268758307
235.25765240870118
235.27252808920622
235.32475994540195
235.33677316009926
235.37452626143647
235.48845444772698
235.54689834133632
235.6241044274319
235.65997469002406
235.820693765222
235.85878732446048
235.87331082464573
235.97930899531877
236.13527391231068
236.2330166647651
236.32450971300173
236.3530084195634
236.42952173795766
236.4687763310382
236.6026037946183
236.67918137350682
236.81710449208427
236.92872706906456
236.97375310918372
237.08606165879473
237.15544153606984
237.22192292648833
237.2364925450011
237.29206312433485
237.3095321176971
237.34409576471305
237.3915512295522
237.40075964783753
237.4401022251544
237.47799589844195
237.5297547512642
237.539090069582
237.63329588816373
237.68405572455606
237.6972531300774
237.71297652474385
237.72109898487622
237.79203380495335
237.8110068386571
237.87334086733435
237.93041885753718
237.9894339543583
238.08966337954195
238.16713251812413
238.20898651578378
238.24687769424335
238.27665370586016
238.34025850028928
238.36208933831867
238.41805244232933
238.42607013821132
238.49294232390739
238.53254875432063
238.55757972893292
238.5729249898497
238.5766632688585
238.62793144954767
238.65277228404082
238.73596839187783
238.80270766504418
238.85751382270584
238.92246221322716
238.92952375409138
238.94197319635478
239.01350840213917
239.08189493357747
239.07977536790614
239.11153390694636
239.13143959849188
239.15320386049552
239.15783067651245
239.26562266970566
239.30501319635775
239.3355779922782
239.36848976275016
239.41295338209298
239.53922955350293
239.593175227456
239.62370987056903
239.72043290443108
239.76564997840197
239.82772530028697
239.85015651795524
239.85137771137326
239.89772210123323
239.90752812268315
240.0025881038069
240.08657529273762
240.12118168419036
240.1588157045776
240.20510805185683
240.25282229171376
240.26851756021847
240.3154941709167
240.41533442745296
240.45188195251856
240.52628897675356
240.54695130810552
240.63121102570176
240.75391603099945
240.76533480034755
240.81624095502377
240.84953121384996
240.8538013397311
240.85792416327573
240.87501627802942
240.88088546946418
240.90008280939045
241.04571386752275
241.0527004042645
241.1738155534544
241.20574020678217
241.21403413954167
241.28775379190856
241.33813180814485
241.38756647871443
241.3864283049352
241.3853535003541
241.41174638921908
241.42451261264065
241.44858218396573
241.49518777432866
241.4991939297466
241.51581637060048
241.5339216287444
241.5392653223686
241.55046169844198
241.67852005239286
241.6970709267064
241.75077394568805
241.81703300737604
241.8347230655677
241.85575955183302
241.86445185512804
241.88707548601548
241.9253704295142
241.96573215750288
241.98679786009816
242.02825681530535
242.10316749823778
242.1041822726838
242.1136197680572
242.16263077474702
242.18287237503688
242.1974769962833
242.19997277925987
242.23155405022536
242.2421723193018
242.28503809842843
242.30716091771228
242.33412292892496
242.34491544023163
242.34475169883956
242.39503391920516
242.4529553490763
242.48400723840197
242.49571973773183
242.5034552165864
242.51459191645264
242.55384008239676
242.57308299616398
242.5831168709796
242.59392682985902
242.6766144622335
242.7225524454086
242.78218148734308
242.8451114880595
242.88496925324168
243.0105093924407
243.0193099857321
243.08249909505034
243.13957942178803
243.16988797140021
243.1860692193011
243.1878347654831
243.20490764377388
243.22921507471233
243.27651875783033
243.29154357384314
243.3411981232607
243.40116223102234
243.4296882929479
243.50136736652888
243.50808802483658
243.5115313748769
243.5142491906271
243.53611191737988
243.57504126939543
243.62157944745564
243.6813771338881
243.71025376723574
243.7178111251493
243.7234147667037
243.72279067388945
243.8143088932621
243.9154067636502
243.94219208939282
243.95338015358723
243.96296538717223
244.02711458171063
244.0602943171011
244.07849915455483
244.1751388729684
244.24384535703962
244.29500322040502
244.40522138740022
244.47141817330316
244.52669515355387
244.5889315609605
244.59103650308043
244.6672844425556
244.72496034693444
244.72486666739528
244.76755758044663
244.76633161408643
244.76959352027916
244.78225598221638
244.81100065992032
244.81475485443173
244.82187651487448
244.82188351007045
244.88132245377753
244.9475733171387
245.03264015600809
245.03982178986408
245.06922699164002
245.09196374521838
245.16620638270393
245.1689780967286
245.19930814610476
245.23471151925986
245.30354603491813
245.29916410140083
245.315560065518
245.31605216646733
245.32186510953798
245.44328734753378
245.48025758429466
245.50095657265194
245.5372928788219
245.58526865341472
245.60334478640348
245.62984417445938
245.65451919383423
245.7851393813712
245.7933657668402
245.8198304217006
245.87367065034158
245.87155498731164
245.92462035767127
245.9826406518592
246.0651217726273
246.0881008221284
246.0948640243108
246.09554480744734
246.146612650581
246.19094044767942
246.2345600797409
246.232342380437
246.24448724018472
246.2446364032614
246.27502846666232
246.30298304731025
246.41006271500015
246.45915106165327
246.4615382357571
246.4694804707182
246.50076226770955
246.52444794205982
246.52438726685043
246.61670041148554
246.70203500402485
246.70728974231827
246.76301792476966
246.7845664761426
246.82668299821873
246.8284124513039
246.86458852623977
246.88039964272943
246.95586540891873
246.9886062734667
247.05354551297958
247.08443523328268
247.11512318167846
247.18485925852525
247.23544274812502
247.26570970296126
247.25613310035894
247.30086306245926
247.30034222194118
247.3156796860252
247.37722681236775
247.42371123404092
247.47039033383768
247.5455995946104
247.6107366404376
247.62249664227855
247.6537981324048
247.6814926469376
247.69932030477793
247.7005304162969
247.77510236780657
247.77459990620264
247.79772097766863
247.79942705360074
247.82111536344453
247.83361929497897
247.90349717332384
