with mode=3, handoff cost coefficient = 1.0
175.06487558035948
175.53942137410104
175.96276424267347
176.30704725608274
176.307439498726
176.30725903189358
176.43128922555024
176.9685466209198
177.78056858018124
177.88760936984443
178.41758738244613
178.55449110858274
178.58712485719127
178.58712485719127
179.004872427933
179.30787968001027
179.3078987921714
179.53780620414463
179.95268827935314
180.08292262788825
180.11028484328958
180.19243277849793
180.20871655176074
180.30008515077563
180.39344162581256
180.39338919211426
180.39340025267762
180.43851774885786
180.4382462834891
180.43789741331628
180.43771030857908
180.43771030857908
180.43771030857908
180.43771030857908
180.4558395956429
180.58559582086366
181.09290934675252
181.09325304890191
181.93961537922172
182.5613098627921
183.080865587989
183.5773266194397
183.57740242649913
183.60118287195502
183.81231496109962
183.8115707547389
183.83503435620906
183.83275335211067
183.83240479764015
183.81946579515824
183.85145631758672
183.85157499130094
183.85189417655252
183.88432937279435
183.96458949970685
184.13999173994065
184.26869007053028
184.43721107440524
184.54956379908688
184.57718776292256
184.65384184622638
184.67597947758432
184.67597947758432
184.68647991644144
184.74653674995628
184.95395105610845
185.13486001209435
185.14035800568914
185.81008775045248
185.7860910623014
185.8514287258137
186.26091766118913
186.81796279775082
186.82008923341843
187.07820837804724
187.598774808818
187.81826464119524
187.8464388253549
187.8593428056422
188.01299472880817
188.1111448834368
188.2981955709335
188.4107374538784
189.14490249996823
189.8359867398592
189.90587519756747
190.15266420725595
190.19363422354007
190.19753047019012
190.24404812235753
190.59854114665288
191.01625366060995
191.27629194286973
191.31946572323304
191.50065790694438
191.53809640217372
191.60517129165646
192.12434359422417
192.17897481035874
192.21823855875644
192.4169811247084
193.03954566757872
193.47194243321746
193.49424373217553
193.58150016772464
193.60033634993687
193.56078678925456
193.57109905944066
193.63766503282707
193.7173952992784
193.87415891018378
193.98006068347053
193.97690094752312
194.01343522223632
194.1493581372674
194.2931613186513
194.34593362713326
194.37956875033336
194.4198977469327
194.4236111732183
194.44991703352633
194.48835760657454
194.49911925759363
194.50821764090185
194.69265076641076
194.9680861434958
194.96753389566962
195.17498451126758
195.17539234260602
195.20251590298795
195.27970313257157
195.29398746243953
195.30319220728833
195.38763622631635
195.38808127290284
195.39824610890926
195.41088945933345
195.4106254615269
195.42670371380947
195.41204767961133
195.41204767961133
195.48074354394308
195.482416752395
195.48843206525206
195.56822521950656
195.6181813863272
195.65245801555824
195.66614572274338
195.67108864329512
195.67100703738495
195.70048909481505
195.76238610322147
195.76244203190657
195.81658150990657
195.83812896936885
195.85130130101442
195.88754147682334
195.88757043417445
195.89159433727298
195.90354123795606
195.91650469575137
196.0620597590189
196.1566841780782
196.15946000375476
196.1561466441101
196.1574504204321
196.1922463544572
196.19183376776016
196.21275415906757
196.2302145740394
196.24781958384568
196.2527528750917
196.25949245685945
196.26201349853966
196.26221835326402
196.27008606768783
196.2703789575587
196.2954953955092
196.2993395425915
196.29906550341968
196.33482534760702
196.34556063429903
196.46979384193446
196.4871878225032
196.4958304488826
196.49593326350742
196.5075996514583
196.50521561033645
196.51324447833497
196.5234683000845
196.51899588571277
196.58545869538995
196.60680394469983
196.61112230529181
196.63570373193969
196.65326087520268
196.70902362205985
196.71427879684134
196.72750180051574
196.7294185619295
196.98947707325374
196.99910680935028
197.20399044064823
197.2081831830273
197.21910414436877
197.22116183955183
197.2276580741464
197.2276905652957
197.22610219810485
197.2983300837609
197.30599787888355
197.30924017909152
197.42692742743196
197.43883953589042
197.43887162116138
197.47680355298246
197.48329120581462
197.4770192293885
197.49232474702546
197.4923797579161
197.49256392008442
197.49763068707935
197.56133387787003
197.56237963609317
197.56237963609317
197.56404565724654
197.56404565724654
197.56404565724654
197.56511442420157
197.56672468921715
197.57177750421806
197.59621864275863
197.5942722754324
197.59631413030357
197.6366609661601
197.6364407142503
197.6882816615979
197.69631656226863
197.79637407510558
197.79842675102222
197.7971648837084
197.82007448595348
197.8162312548907
197.81613101940334
197.81606101246174
197.81606101246174
197.81606101246174
197.82223868283867
197.82093027502444
197.82093027502444
197.8214774847061
197.852318447075
197.85460518456063
197.8610479831096
197.8650017099888
197.86779989230376
197.87739207058286
197.88203753262508
197.89292471408834
197.89470459110458
197.8948081582613
197.91699803189982
197.91691709382746
197.91713457211586
197.9193819941537
197.9193819941537
197.92698286806007
197.92681989441698
197.94497875018376
197.94412020170566
197.94427621175686
197.95025337809537
197.95030036748437
197.95755288334
197.95704952676346
197.9588384004548
197.96308161023452
197.96703219070798
197.96732941996783
198.05568528183207
198.0558408720919
198.05925636674692
198.05948412499072
198.059537823931
198.06036334923425
198.06036334923425
198.06036334923425
198.06036334923425
198.06036334923425
198.06036334923425
198.06642913137452
198.06522832189978
198.1389748852705
198.13937823447876
198.138524545553
198.1385924496951
198.1385924496951
198.1385924496951
198.14068372867942
198.14072286819905
198.14242468663892
198.14376694480208
198.1438567334685
198.1457426013958
198.14920678934746
198.14923052486535
198.14738616966648
198.14793036273582
198.14793036273582
198.14793036273582
198.14793036273582
198.16413297753348
198.1695276278194
198.16954165976216
198.1695510087804
198.18243606816884
198.25244238216146
198.25099360705593
198.25100661545326
198.25094097469156
198.25094097469156
198.25094097469156
198.25094097469156
198.25299785068862
198.25299785068862
198.25430833015636
198.25428312358974
198.25545295422486
198.27989044342175
198.28153732566744
198.284583569897
198.29714554127796
198.29885829509539
198.3046791749852
198.30457340735558
198.3130629090245
198.31679804715145
198.3318358362478
198.33454682618793
198.33449691455144
198.3994557500631
198.3994675340429
198.39945203930813
198.3979212782309
198.4000480301334
198.43674856805552
198.43674856805552
198.43681250902807
198.43683230399557
198.44233618741362
198.44278370396148
198.44378192040284
198.44471709688656
198.4447091726559
198.4447091726559
198.4447091726559
198.454859783759
198.45531421908134
198.45529232057453
198.46499441282518
198.4654570483249
198.46554846579934
198.46550777745617
198.46550777745617
198.46550777745617
198.46550777745617
198.46550777745617
198.46550777745617
198.46550777745617
198.46550777745617
198.46550777745617
198.46840566311212
198.46886954933964
198.46886954933964
198.46882842925876
198.47285792496697
198.47313768656616
198.50704857346236
198.5121757517866
198.5122166256961
198.51385588545617
198.51390947281203
198.51390947281203
198.51390947281203
198.51390947281203
198.53469086117877
198.53465063641903
198.5351957395016
198.5351957395016
198.53673469314901
198.53721193234014
198.5428151455127
198.54288658180633
198.54276561672395
198.54275483788138
198.54275483788138
198.54275483788138
198.54275483788138
198.54275483788138
198.54275483788138
198.54275483788138
198.545806110734
198.54613166664078
198.54616731682933
198.54621504069516
198.54621504069516
198.54621504069516
198.54621504069516
198.54621504069516
198.54621504069516
198.54621504069516
198.54621504069516
198.54621504069516
198.55293206171126
198.55292301547496
198.55291682060528
198.5535065841912
198.5535065841912
198.5535065841912
198.5535065841912
198.5535065841912
198.5535065841912
198.5535065841912
198.5535065841912
198.5535065841912
198.56125351831884
198.5703026494707
198.57333483816345
198.5740517076736
198.57327931651
198.57396656421457
198.57396656421457
198.57396656421457
198.57396656421457
198.57396656421457
198.57396656421457
198.57396656421457
198.57396656421457
198.57396656421457
198.5779959286428
198.57691338922774
198.57650671549166
198.5879309250611
198.5887627720062
198.58847950045688
198.60197217725482
198.60260538535516
198.6235954406741
198.6235669234345
198.6233420398394
198.6241941645545
198.63907525615693
198.68848222854717
198.68797517994585
198.68997688663924
198.69016799967406
198.69016799967406
198.69060117397382
198.69060117397382
198.69060117397382
198.69101570101176
198.69101570101176
198.69101570101176
198.6938780732804
198.6938780732804
198.69451272219374
198.695569311112
198.77380802433225
198.77485817744974
198.7748559915399
198.77438544592803
198.77438544592803
198.77438544592803
198.77438544592803
198.77438544592803
198.77438544592803
198.77438544592803
198.77728253109404
198.77728253109404
198.7772034123435
198.77780266171285
198.77934385241514
198.78315367648707
198.78311447185382
198.7832366883939
198.7832366883939
198.7832366883939
198.7832366883939
198.7832366883939
198.7832366883939
198.7832366883939
198.7832366883939
198.7875298237598
198.78762210994248
198.78819987205057
198.78816929894634
198.78816929894634
198.78816929894634
198.78816929894634
198.78816929894634
198.78816929894634
198.79085378732907
198.79085378732907
198.79133008506636
198.79124952601688
198.80223410269005
198.80223410269005
198.80256305555974
198.8025517065483
198.8025517065483
198.80851587683935
198.8120527492096
198.8121200887979
198.8124058608908
198.812500034257
198.812500034257
198.812500034257
198.8163843352637
198.81633751385027
198.81627275693933
198.8163071402085
198.8163071402085
198.81865064322392
198.8187345543015
198.81958860862085
198.82072024867077
198.82123838535898
198.82453633377293
198.82372679582053
198.82372679582053
198.82367346831865
198.82367346831865
198.82367346831865
198.82367346831865
198.82367346831865
198.83417248863745
198.83411492182475
198.83413846249496
198.83404877905346
198.83404877905346
198.83404877905346
198.83404877905346
198.83783338040558
198.837788977374
198.8379920676672
198.8379960598318
198.8379960598318
198.8379960598318
198.8379960598318
198.8379960598318
198.84069255873774
198.84081088399853
198.8408390337923
198.84047145058014
198.84047145058014
198.84047145058014
198.84047145058014
198.84047145058014
198.84475036431644
198.84286099749522
198.84286099749522
198.84287340759232
198.84287340759232
198.84287340759232
198.84287340759232
198.84287340759232
198.85866395191766
198.8587477768403
198.8587476803013
198.8619369300275
198.86808005382892
198.86803387928612
198.86803387928612
198.8920599505531
198.8920599505531
198.8920827236742
198.89210370123774
198.89210370123774
198.89210370123774
198.89210370123774
198.89210370123774
198.89964572987284
198.8996393822336
198.90004694351828
198.9000871779209
198.9000871779209
198.9000871779209
198.9000871779209
198.9000871779209
198.9000871779209
198.9000871779209
198.9000871779209
198.9000871779209
198.89964572987284
