with mode=1, handoff cost coefficient = 1.0
175.06487558035948
175.13003439026352
175.25008335241412
175.32980242933127
175.40409662884323
175.4844440319826
175.50066987937552
175.62124200410614
175.72027123679342
175.81567875029012
175.93646975796688
176.04097016023152
176.10573106068458
176.19276031101646
176.20763362118672
176.31327525840513
176.35541905898083
176.43526588203662
176.52105571235978
176.62396675547998
176.78767678850605
176.82472454724484
176.89677019044865
176.94863385563806
176.99081272462107
177.1269611228467
177.22324729153948
177.35692074527137
177.55374503675813
177.7271687824948
177.75731815633978
177.81425249483127
177.90725707450795
177.9907737259437
178.11451095659197
178.24909964832887
178.34632875080368
178.47502691791078
178.5741382616756
178.6000794429436
178.64906735830957
178.6887264091496
178.74019679311482
178.80865063016685
178.87135747223
178.90503316606657
178.97184447945645
179.012241533509
179.12619901321818
179.1728420209423
179.25530789546247
179.27842165494866
179.41183080588362
179.47717413774166
179.53541655635598
179.65121139203546
179.73559797294723
179.79226803504892
179.9199037759562
179.99013974255575
180.16504089429932
180.22698824494665
180.24279616503094
180.30106262728353
180.31798718987665
180.3744497913
180.38922634331834
180.45637857512233
180.5821303700073
180.69547156670802
180.82760179144907
180.88657305363648
180.97181846891903
181.0184945019156
181.03877883062447
181.09564101072013
181.1524692052187
181.23308027711863
181.3432411687922
181.43926164780478
181.47166174208922
181.54731345613735
181.69538723777848
181.81362127788253
181.85983578198486
181.92762440369367
182.0585233178155
182.1242586158566
182.22695019377997
182.36387901496
182.46554993397532
182.5807772120673
182.62703497359905
182.72004291879233
182.74339592761825
182.78446032520984
182.83649662970154
182.8822164374006
182.90844043764108
182.9730105496042
183.13466234993177
183.17406108137658
183.26352920705614
183.3074412658316
183.35360087833573
183.40800849513553
183.46657392682917
183.5118377061002
183.56765141158468
183.63363297665828
183.68588828400132
183.76522932239237
183.89406000189473
184.01292969356484
184.09007296734373
184.1169493427326
184.1838265929374
184.25207938494717
184.34933726506452
184.41564741327676
184.4771799501581
184.5754207330193
184.6858552869907
184.80454418397548
184.8706256581159
184.91472056503775
184.92996972100605
184.95795972391812
184.98617752188682
185.03314186157107
185.17154645764757
185.2153771899504
185.2844756199882
185.2960900895169
185.3607854032291
185.41721853640985
185.53060682518543
185.60756377066343
185.67383102630566
185.78525460320168
185.9556864312643
186.0990086870254
186.20859642601062
186.25418941715816
186.30133414316964
186.3926792903916
186.45911657371127
186.51399925101813
186.61664579415398
186.71205428188205
186.76702274073946
186.85446256690278
186.88105884038688
186.94568995422372
187.05278362609937
187.1053720753522
187.15520158961894
187.2207152716948
187.25134918365742
187.2605050999094
187.30912711591958
187.32607258873577
187.37762077041174
187.4173685012138
187.50768640843296
187.5888755623215
187.60634450678245
187.74363629537388
187.78270025046876
187.8412635026149
187.96992201352106
188.0402013670819
188.09400392543344
188.13135712374253
188.16190008185094
188.2429824981586
188.26312971024404
188.38649790146005
188.44578631791777
188.45402697897902
188.45980319210636
188.54388621596635
188.65057909740477
188.72750546253243
188.75790627917192
188.81258402975539
188.86542668455354
188.86760694011144
188.8912275861781
188.90850320930207
188.99084937712894
189.01198106245295
189.04832706070516
189.06241053919425
189.1599273449285
189.22002043957363
189.30043364992227
189.3646476366739
189.38417910000288
189.45801576388186
189.55589524689728
189.583339510374
189.60464694572408
189.65387636999114
189.73310431313362
189.80141010305815
189.8316657128608
189.87394865399716
189.89921329412672
189.92906812201673
189.94571249814524
189.98673564996201
190.04296216415636
190.06557075927054
190.13843057926096
190.19409215239702
190.23116568330929
190.25071383311416
190.31811840894767
190.38403262989087
190.4185769583924
190.49037910404155
190.53219519139478
190.56766012789868
190.62343711472911
190.65800964679198
190.6931503612321
190.72037493044394
190.8032535797436
190.8056698223432
190.80988757019944
190.81816085653836
190.87237933423393
190.90308209198898
190.90826473438037
190.92921782485882
190.9915997658834
191.00282043749908
191.09910593048488
191.10745132118652
191.13532113289693
191.18068273659875
191.22163360201733
191.32269009607106
191.3469990468766
191.3856621841326
191.40061926066076
191.42710292617224
191.47837474305462
191.50681000109782
191.52981761998458
191.56830895157765
191.60357238878007
191.61137681030146
191.66292614760852
191.68955076295111
191.70802976658507
191.76261235096797
191.80900112419718
191.83151105738094
191.8388263670395
191.84741654023782
191.86335597607427
191.90630177149652
191.97780744626394
192.0124707908224
192.08980759566325
192.1121214603435
192.1505809271339
192.1613892634475
192.18182045064069
192.24858824655396
192.26683430171806
192.26926015418925
192.3024920023513
192.30713353966001
192.32842765036108
192.3682397461722
192.36839584703006
192.38777632957095
192.4043756317764
192.40526772846525
192.41026360213482
192.41129411144598
192.4128886083169
192.4168358320643
192.4152044699856
192.46299027845842
192.46634912521205
192.52776403477833
192.55715508985668
192.64932695191078
192.69228218501382
192.70249211659058
192.74037046098138
192.80587018407365
192.83314911940516
192.85859386058306
192.8708689205072
192.89165352450811
192.91304670663234
192.9648379669629
192.97782175884984
192.97999756523478
193.02505201817632
193.0692221494466
193.070008197589
193.11739221910335
193.1399406298434
193.14046044133582
193.1383344773409
193.20989673714
193.25550374084904
193.26783122577856
193.29087541863848
193.32888403954152
193.37656450519967
193.41474702002358
193.4655467791482
193.50976001267648
193.55188197635852
193.5557447296435
193.6049658659717
193.64075562408965
193.646434116579
193.6850191062272
193.75772759693217
193.76068480632017
193.82662869717814
193.83779135719894
193.87109134431972
193.90345485425613
193.92749913748696
193.9538860226029
194.02763146376827
194.05893872026974
194.10887871928495
194.1395021378533
194.14013516054092
194.19369622646028
194.2130914695546
194.24095617968894
194.23535831943715
194.2723553401667
194.28141628466952
194.31637399212946
194.3788477014254
194.4469157473156
194.45778713283602
194.54663259081607
194.5771839091732
194.60056532784748
194.6079948321385
194.60810951795568
194.6255651862097
194.6383033696981
194.68906072499936
194.68999095119904
194.69485231200096
194.69988807253347
194.7270291011944
194.8024159281396
194.81269512955066
194.8700277825201
194.88172022052905
194.898880107385
194.9729937875322
195.00713856747942
195.00633961084085
195.0279164315164
195.1322267299615
195.1668389445269
195.22833029254596
195.25015692495086
195.31649843240086
195.36318851578804
195.37896531555162
195.42457497702628
195.47932407275692
195.49917667216042
195.5129850688451
195.51824119823127
195.5480185046685
195.54752286853994
195.5666852111777
195.58360646849206
195.65383366865703
195.65583738295123
195.65718680378137
195.65156256708462
195.7123605760221
195.75661104263153
195.8133753766363
195.86052850242817
195.90096415259217
196.01743633284437
196.09095294593965
196.17157487607753
196.1763680684587
196.220058028991
196.24842695062912
196.25153135292064
196.2483660140689
196.24773399801617
196.25171157997866
196.31858122947602
196.36225695482494
196.3767943535625
196.42071257760662
196.4202458039601
196.4419160259428
196.4743571037148
196.51273807140677
196.51499441455488
196.5313512057102
196.5679273534277
196.5883030145584
196.63205994767685
196.67666482496767
196.6960458718661
196.70125363081905
196.7841140726739
196.79253699131988
196.8674632799364
196.89684017961142
196.89389225416807
196.9265364798032
196.93203729557447
196.9350575422942
196.94046481771775
196.94253803410766
196.95030188276172
197.00859295346868
197.01426911560452
197.02047783918522
197.02101547045345
197.06522410782716
197.06978608247024
197.08698683828845
197.11465675746825
197.13577546275775
197.21016209720608
197.23930090711258
197.29673700757166
197.31555085545682
197.32253899480176
197.3341636308178
197.3932068346038
197.42015417634133
197.4204258109733
197.4419999822227
197.51848479644812
197.5198517441423
197.5240183763786
197.52950783166327
197.568526879014
197.56546378370976
197.6652366921228
197.7272160383922
197.77613218814523
197.88775480252121
197.94840004126252
197.96211038425554
198.00752496328843
198.11379691555516
198.14179852359354
198.22678029578532
198.2675261498558
198.2738599197329
198.3735567200891
198.3746128168429
198.39348149110768
198.45927169661894
198.4628728921605
198.46292209585218
198.51571195023604
198.523160129556
198.5550051396678
198.555464220904
198.63117569985056
198.65518389172593
198.68867702932712
198.7175478910055
198.73211267278785
198.73223133568803
198.8029078663668
198.83368326268106
198.8482374060997
198.91672141773319
199.0293950896205
199.07877724737546
199.09672126022647
199.1124369440139
199.14973410784407
199.18382466962453
199.20514677372483
199.27255559217468
199.3035669665508
199.31590157748528
199.37187112812848
199.4050256603807
