with mode=0, handoff cost coefficient = 1.0
175.06487558035948
175.08118135619858
175.20207319622418
175.18890532783516
175.19539435688037
175.1968813258064
175.32877451896047
175.52494384761897
175.76429588854108
175.76463918931438
175.82225406079823
175.91077031763695
176.0030178347109
176.00292861793966
175.99998472837245
176.31958381741845
176.3151850756805
176.62603929906686
176.6849875472378
176.6855765171838
176.76515056742528
176.92595219953844
176.96266197401
176.96265160010987
176.96788998573598
176.9658069660833
177.0892299441553
177.10761910688848
177.25774508713155
177.25048579349365
177.34826272309184
177.31561339498305
177.44793624201824
177.8009987857797
177.95718898582248
177.9691710597114
178.3219984136792
178.38772982103276
178.5738963609685
178.57389159928113
178.5876030815939
178.6008331966252
178.6008330253367
178.70766522678133
178.85316654531044
178.85311818430154
178.94661491208285
179.31824323464005
179.2932528267731
179.46569378921308
179.4674557073016
179.4776406473256
179.50695849281578
179.82492593878388
179.81990373162228
179.84542332854116
179.8738434087302
179.87082926428602
179.86997102560684
179.87332068908063
179.90550180359284
180.0552638899827
180.05568138218234
180.07629668507676
180.41455219819986
180.41465318161718
180.42975914173394
180.5799344604516
180.63894980842605
180.68268147232564
180.68268505095477
180.68262958467122
181.02552682093545
181.03153851625427
181.03244843513886
181.06066734561466
181.15671427258349
181.15671427258349
181.40431448572988
181.41062289411957
181.39202638748418
181.5797196020146
181.5905226172422
181.5961995172668
181.59643360051095
181.60934218822084
181.6094239359758
181.62371993255303
181.6562676274398
181.65189584249794
181.62911382109726
181.9667012244244
182.17070074894437
182.17678891592286
182.1481734725373
182.3764103007352
182.3853000049039
182.38554976463973
182.38554976463973
182.7363217587682
182.73107889345516
182.7310804425546
182.75960346153911
182.7666618855006
182.91266157608368
182.91356129564488
182.91321200228478
182.930817029816
183.25541758142407
183.28140791357976
183.45114350501572
183.79331208912643
183.96371654809138
183.96393787218486
183.94469211767418
183.95312961857772
183.95540984039926
184.01712763415796
184.07563988833735
184.07427871172544
184.11932626844904
184.26116687298762
184.26116687298762
184.26609512582883
184.3217696250747
184.66011544277293
184.6491931901661
184.64908314983987
184.64359330127414
184.71649057972408
184.83846063546923
184.95854178864
184.98985838302266
185.04968763882266
185.440901940143
185.4396457324939
185.43679308064637
185.55056839980912
185.57172703049076
185.75434845312415
185.93259353673713
185.93259353673713
185.91733861704122
185.92053217649806
185.92935629193968
186.0966920549015
186.10497418546066
186.10898000194064
186.11908865738832
186.0781971483465
186.07818317804896
186.10293731761175
186.10293731761175
186.2520509050578
186.2520509050578
186.2520509050578
186.4195520242206
186.4195520242206
186.75092906671352
186.7362316142129
186.9786671095067
187.00847368406139
187.10741404977043
187.1091430033743
187.23228864726974
187.23228864726974
187.23256420819087
187.2325629840192
187.2375095412808
187.2375095412808
187.4591498635562
187.45915108772786
187.52120260827607
187.50509901720696
187.61368074531
187.65349206447377
187.9810878606118
188.05045958006409
188.12165950068322
188.12165950068322
188.12418131013706
188.12697101503176
188.43237487812164
188.43235203033848
188.43103901528067
188.51201816056957
188.51504063643216
188.5131928521967
188.5823925901265
188.5823878052556
188.5823878052556
188.6632575697702
188.66711548610178
188.68113508870658
188.68847643468143
188.6626363415288
188.9404885151924
188.93845653302046
188.93845653302046
188.94005721661838
188.94005721661838
189.26946742701716
189.28454694240668
189.28207844857366
189.30202735000285
189.30245129149543
189.45684468271227
189.727704260961
189.84837108384474
189.8708177707335
189.8708177707335
189.87892486459944
189.92145896638667
189.91309056321322
189.9038781400533
190.03798219910018
190.03798698397114
190.0482935513873
190.05608939075728
190.14180923787666
190.16844406612285
190.16244340057514
190.21497086865338
190.21497086865338
190.2271689205254
190.4428591623811
190.71495445895647
190.712802786268
190.74536867190884
190.73011458115005
190.7984184299871
191.07762414407154
191.0791602275255
191.0791602275255
191.09467000527638
191.10487455166438
191.11073094630248
191.12335091802166
191.12024911720113
191.2384670939625
191.56601552406585
191.5605879241987
191.68979957842836
191.6991109055164
192.04015293112292
192.04016006074312
192.0398918177902
192.25794808842025
192.25793844950937
192.2580703899522
192.45840119472277
192.42911169675017
192.4207024760177
192.72209300559243
192.88310169425026
192.9372011089152
192.96121832051463
192.9609310715148
193.02825123576667
193.05130377137291
193.05130377137291
193.07507645943656
193.07507645943656
193.07509651784594
193.11842688247833
193.11842688247833
193.11842688247833
193.31739945835332
193.31739945835332
193.31740691413322
193.330879148349
193.3901215079435
193.3901215079435
193.3901215079435
193.36853095281487
193.36858756658117
193.50506363773428
193.5100796002171
193.5304331646113
193.53414857027653
193.5137950058823
193.52735706822824
193.52982957272914
193.5150268079449
193.8093979071781
193.81824389856544
194.00671884507645
194.00671884507645
194.0066954189317
194.0066954189317
194.0924634992867
194.09157333995924
194.09253853318597
194.09253853318597
194.09253853318597
194.0925465031384
194.22113058392253
194.22113058392253
194.2189785839577
194.24178976862464
194.47909976056576
194.47909976056576
194.49377846251488
194.49377846251488
194.49377846251488
194.49377846251488
194.4969917146631
194.4969917146631
194.71435951712687
194.85155619137112
194.85155619137112
194.86124110676425
195.00690047972654
195.12242124972667
195.12242124972667
195.12242124972667
195.3515952115271
195.48750325756467
195.48750325756467
195.64332282459387
195.64346047895705
195.64346047895705
195.8566260535425
195.8566260535425
195.85584963382277
195.85118420555887
196.01591488133198
196.06517938175722
196.07756017479932
196.19291463947033
196.19292217317198
196.19292750683204
196.21645468606593
196.21645468606593
196.21645468606593
196.21645468606593
196.47257520407575
196.46139429193883
196.45994992167118
196.46009149451902
196.53527570973085
196.53527570973085
196.60210700529348
196.7393834314141
196.7548795207868
196.77538844766732
196.75553588357164
196.75553588357164
196.75553588357164
196.73325708160723
196.77538844766732
196.79147546823773
196.79150071182696
196.79210162621166
196.7932590501737
196.82661121577166
196.91796764241005
196.9489931416868
196.9563704215576
196.96445478293327
196.97902544695748
196.97902544695748
196.98758157762347
196.98053185469345
196.98155306213405
196.98964866109392
196.98964866109392
197.01496138506153
197.04925033967498
197.04926738408386
197.12106755458095
197.12615469928068
197.12615469928068
197.1182047035979
197.13682971287324
197.2025341387179
197.2819706457085
197.35288839141054
197.40224768557673
197.40639268458554
197.40641388790812
197.53173059903503
197.53173059903503
197.5642246701963
197.56930960892217
197.56930960892217
197.57404741195666
197.5768987350334
197.5768987350334
197.57691014364352
197.57681676846977
197.58332677923073
197.58320026247375
197.58824842002028
197.5884435329398
197.66810722748068
197.66810722748068
197.66492765080025
197.66494228954903
197.66656070010796
197.7937068170207
197.78973314199487
197.78973314199487
197.79146242184171
197.79284386156556
197.83083830797852
197.90096197272925
197.9009643948209
197.90936445387473
197.90936445387473
197.90936445387473
197.9128520612836
197.9128520612836
197.9129904723524
197.91298468692455
197.9129684236253
197.9453148342306
197.9562144156559
198.0135007572974
198.01350849843925
198.0148482448061
198.01554376493792
198.01461750535432
198.02315874765512
198.02204284358555
198.022835371021
198.022835371021
198.0899850196371
198.09025678409026
198.09135963161782
198.09135963161782
198.11683693150206
198.11683693150206
198.10719834686626
198.10719834686626
198.10579679278553
198.11683693150206
198.11683693150206
198.1449256900438
198.1449256900438
198.1449256900438
198.1449256900438
198.21295912657138
198.28228566122988
198.28238155565626
198.28238155565626
198.30278785194938
198.3132650777251
198.31327435194962
198.33707436752292
198.34159962041937
198.34847157253853
198.41527746617953
198.41825899240501
198.41825899240501
198.42753719121558
198.42753719121558
198.42485813027577
198.42485813027577
198.42572694848062
198.42753719121558
198.42756060775562
198.42756060775562
198.44945187236823
198.4579311956334
198.4584930257346
198.45849303146693
198.45973978972629
198.46001535479664
198.46108448573122
198.46131370982332
198.46376737634475
198.46410377051288
198.48319774035048
198.48736566485724
198.48736566485724
198.49558110949772
198.49719461808616
198.49712703649624
198.49713155797923
198.5037552339992
198.50403628985399
198.5040368225155
198.50631047321212
198.50672803610473
198.50694735492615
198.509422382011
198.50973190581647
198.51059453492053
198.51156033554517
198.51249623014482
198.5133827866209
198.5133827866209
198.5133827866209
198.51545731261712
198.5184842358312
198.5184842358312
198.5188281154682
198.54821381766888
198.54827702303717
198.55043827836792
