with mode=3, handoff cost coefficient = 1.0
183.69798406671194
184.24777868007374
184.24770332681774
184.35794630639742
184.42719490338447
184.8032231327744
185.51870108460602
185.83406750373084
186.2114397478359
186.33291899729997
186.5923635753959
186.70403434804928
186.79313035491057
186.92744371517333
186.99369003133774
187.15577054213657
187.2778465837846
187.57438874010313
187.60651491443852
187.70390094260986
187.72615926198077
187.74829235359414
187.75894186327528
187.88386827152414
188.04758486343624
188.1396938890513
188.1387794313608
189.5672622646591
189.56783772030386
189.60228827736748
189.6073692166748
190.2315273590959
190.249309064855
190.24946266558126
190.89340488430503
191.09977441466265
191.09737419227542
191.1786138838181
191.66841601704493
192.5835531076651
192.99040234319273
192.9907958460746
193.0017452060567
193.00086239305233
193.01621815911957
193.07021497089602
193.07021072037367
193.01543537369264
193.05467677824143
193.05467677824143
193.34747356805627
193.59547772022052
193.94425550115568
193.96234294738952
193.96692337690007
193.95845934903718
193.9659346972091
193.98559938385415
193.99035026140535
193.99204189657746
193.9967001363176
193.9967001363176
194.00369002582562
194.00361387245795
194.09188351868585
195.8129432377046
195.81202624625956
196.69983707957584
197.57586632093458
197.59553124418392
197.80715732392517
198.39595172714007
198.5215623044454
198.70412284265876
198.7506726335955
198.7573386583712
200.430824562279
200.49162215740404
200.4913836271785
201.3836089794786
201.56161695023098
201.56166322634374
201.77303735015084
202.08047863167383
202.10503128514154
202.40474091109124
203.3389207759725
203.3349938488639
203.368915426606
203.8076696730647
204.53524323687043
204.5362760784991
204.802265569018
205.16030382356172
205.2042941640413
205.50128791850887
205.51399647556548
205.6447187230231
205.63620054182203
205.63303311375753
205.7233127145511
205.83568671474234
205.85889646502983
205.9346706708039
206.41386117271233
206.43596604743186
206.45408400358724
206.65389069749557
206.65605406460506
207.09085680977424
207.14838904517174
207.14350277819085
207.33457460916367
207.37100131570952
207.42510056116987
207.42512864836615
207.43699638803955
207.4706207525381
207.55114707730107
207.64484043397076
207.6542617423584
207.6542071059483
207.67385129128658
207.67401891958926
207.71306867926387
207.74022233946528
207.74064704691042
207.76005935156388
207.76543874835946
207.77826217286756
207.81383698289017
207.82143813481179
207.97071418710433
207.9701284009253
207.9648880038125
207.96598003242357
208.84387143310016
208.84502200146557
208.8473288967538
208.8473288967538
208.8473288967538
208.8473288967538
208.9108643743664
208.9001426553992
208.93173670216035
208.90419083366757
209.81719957980198
209.81078731621284
209.83721151246345
209.88935877868846
209.90782131283325
209.90958751314966
209.94091031727754
209.95029842984428
209.94987688054982
209.95770575919482
209.95770575919482
209.96018844213071
209.96026748123958
209.96348045724483
209.9863700877678
209.9918444543476
210.09254215335787
210.10439734067944
210.13259241977286
210.13259241977286
210.125402026072
210.1335310954175
210.13966895601118
210.2905318991155
210.28719016173585
210.30365569897427
210.30987113259303
210.30821768800809
210.31590736864393
210.31590736864393
210.3233135655295
210.33165127908447
210.33165127908447
210.33347829163344
210.37542917115795
210.3767414389383
210.39412518539044
210.41607581781713
210.43965007223076
210.44168447640507
210.47615308213423
210.52322187587575
210.52497884523004
210.52508840878676
210.5267985997711
210.52657545704233
210.5797331890054
210.5797331890054
210.58017776714954
210.58017776714954
210.58017776714954
210.58017776714954
210.58017776714954
210.59138969690676
210.58300529823364
210.58306360785733
210.58451700031466
210.58451700031466
210.58451700031466
210.58524045930992
210.5900163783405
210.59374003216638
210.59880822500836
210.6032485123632
210.62313014351724
210.63401370783527
210.64339443210082
210.6430446612494
210.6489758933167
210.64900275341967
210.65435518065948
210.65989248647927
210.65998900418685
210.6596684947778
210.6578431265451
210.6578431265451
210.6578431265451
210.66077827999405
210.66751508300408
210.66591500984774
210.67044975045607
210.6727138159875
210.67450465686068
210.67443954154342
210.67405802989663
210.67405802989663
210.67405802989663
210.67405802989663
210.6798279127839
210.67816380239816
210.6788437012916
210.6786207954001
210.6786207954001
210.6786207954001
210.71977988421642
210.7326261070699
210.75627122389594
210.7555752370785
210.7531334972263
210.75316442824945
210.75316442824945
210.75316442824945
210.75316442824945
210.7637249713291
210.76862216945068
210.76873472658218
210.76811519317428
210.7684444719013
210.7684444719013
210.7684444719013
210.77656719270936
210.77656719270936
210.776352294885
210.77720492173813
210.85803518714985
210.8581353652325
210.8589289566838
210.8524073368083
210.8524073368083
210.8524073368083
210.8524073368083
210.85808159231777
210.85808159231777
210.90514516804862
210.90788805316373
210.9097808583473
210.91014677043862
210.91014677043862
210.9100061310032
210.91306989371714
211.0157283195051
211.014110256286
211.01338281143762
211.0237462836811
211.0209938446285
211.11930046173492
211.1144438459746
211.113670181078
211.12714837805595
211.13005388092816
211.13021464305552
211.13901812959705
211.14589729351215
211.14578978423472
211.1468736779012
211.14537992570857
211.1524123794075
211.1524123794075
211.15254055549522
211.1519830231483
211.16158551119764
211.1618185711363
211.16552320485735
211.16552320485735
211.16552320485735
211.17590935713065
211.1798344395997
211.1771546042973
211.18115189983993
211.1859292431738
211.18605637923352
211.19670041523813
211.2080891779412
211.2080891779412
211.20910583829715
211.2099952285062
211.2099952285062
211.2099952285062
211.2099952285062
211.2099952285062
211.2099952285062
211.2099952285062
211.2099952285062
211.2099952285062
211.2099952285062
211.21051348177414
211.21051348177414
211.21051348177414
211.21085886807126
211.21085886807126
211.21085886807126
211.21085886807126
211.21085886807126
211.21085886807126
211.21085886807126
211.21085886807126
211.21085886807126
211.21085886807126
211.21396901555732
211.21396901555732
211.21396901555732
211.21660822788857
211.21627654591907
211.21627654591907
211.2168228417723
211.2168228417723
211.2168228417723
211.2168228417723
211.2168228417723
211.2168228417723
211.2186608393378
211.21869544388196
211.2252160285515
211.2252160285515
211.22473856024246
211.22473856024246
211.23009048714636
211.22993183816686
211.23823722494842
211.23823722494842
211.23834269462753
211.23870208776384
211.23870208776384
211.24637470608616
211.24635287075256
211.24756396464636
211.2523852307599
211.25196589726275
211.25196589726275
211.2556195015187
211.25897919281326
211.26161859454416
211.25804817544898
211.258277218953
211.258277218953
211.258277218953
211.258277218953
211.2632712130309
211.26847258546715
211.27593496041297
211.27729335811185
211.280841967552
211.28352163183442
211.28336350086445
211.28370962086066
211.28370962086066
211.28370962086066
211.28370962086066
211.2861109395182
211.31217006259178
211.31114059830978
211.31478394347258
211.3175593964997
211.3236131046484
211.3236131046484
211.32469596074878
211.33050487300105
211.33432124925372
211.33437690162032
211.3983431018306
211.39876730470925
211.40169546916732
211.40169546916732
211.40407081725294
211.40384204516138
211.47223228264238
211.47346189828343
211.47370289691295
211.47527771937564
211.47886120203026
211.47949193138652
211.48470906163715
211.4847190590475
211.4858685047017
211.4855183579128
211.4855183579128
211.51780494667776
211.51793778824572
211.51914304113353
211.52039340142034
211.52219385957645
211.52040156995275
211.52040156995275
211.52621645478015
211.5267440401163
211.52749947826015
211.52764801987496
211.52764801987496
211.52764801987496
211.52764801987496
211.52764801987496
211.53345315054094
211.53341790268655
211.5329864795177
211.533593961435
211.533593961435
211.533593961435
211.533593961435
211.533593961435
211.53750064100123
211.54047227632947
211.54835411398582
211.54846283220348
211.54853064048785
211.55058784703238
211.55124672601414
211.55337378952274
211.55315640075446
211.55618597556798
211.55632314267805
211.5572043508646
211.55708469499498
211.55708469499498
211.55708469499498
211.55708469499498
211.55708469499498
211.55708469499498
211.55708469499498
211.55708469499498
211.55708469499498
211.5586229409511
211.5586229409511
211.56012934659228
211.56316689748078
211.5632114037284
211.56244221937763
211.5625855446024
211.5625855446024
211.5625855446024
211.5625855446024
211.5625855446024
211.5625855446024
211.62125901687997
211.62134994743585
211.62134994743585
211.62134247832532
211.62134247832532
211.62134247832532
211.62134247832532
211.62134247832532
211.62134247832532
211.62347491894008
211.6253725096016
211.6253725096016
211.62534065686972
211.62534065686972
211.62534065686972
211.62534065686972
211.62534065686972
211.63254969846477
211.6326137722966
211.63379947018828
211.63143081564166
211.63143081564166
211.67112229693493
211.66786489103362
211.67112390828595
211.67117931755308
211.67117931755308
211.67117931755308
211.67117931755308
211.67117931755308
211.67443208331082
211.677684050351
211.677684050351
211.67787261578394
211.67701363052197
211.67701363052197
211.67996066866857
211.68064267341805
211.68292353787052
211.6843962273151
211.6848846325967
211.68452213023113
211.68452213023113
211.68452213023113
211.68452213023113
211.68452213023113
211.68452213023113
211.68452213023113
211.68452213023113
211.68292353787052
