with mode=0, handoff cost coefficient = 1.0
183.69798406671194
183.91919011518
183.92731561520011
184.19806972381485
184.3190209900992
184.31898171960893
184.2966360627343
184.2966360627343
184.30683280580237
184.35384026375183
184.39449180342618
184.39439994516192
184.42573251203004
184.82073195845248
184.8237092653437
184.87482998142664
184.91092653404564
185.12945564236122
185.2381836463581
185.23821069705502
185.24458880119062
185.28275441582505
185.29247631772247
185.54490508077154
185.95880047594247
186.088087898566
186.145247236019
186.17433690504393
186.24891026967006
186.2550759887765
186.28295659709855
186.26506825175997
186.26750592382203
187.03382378102413
187.08964186055746
187.1180786862511
187.5411423642253
187.58806935110422
187.5896284491299
187.60240823540997
187.59557203727874
187.59557998123663
187.59558019014665
187.58732423602697
187.79618209236452
188.04033484047335
188.04032942446224
188.0642081805091
188.0644739022388
188.6830162693027
188.74644431635534
188.7464364703531
188.76182857283374
188.7834708619388
189.46385517656182
189.79416797637882
189.79417819998392
189.82041385731463
189.85378171832224
189.8814422984703
190.08721576953008
190.52200232343426
190.83323962700956
190.83382016376012
190.96926918363206
190.96897935629684
191.65033676862447
191.6483907744363
191.96500849971108
191.9702352831011
192.44669278429774
192.44482180075443
192.3943814845316
192.3943814845316
192.64385647774566
192.99809982624723
192.98304724322333
192.9830081056938
193.0147029246569
193.0147029246569
192.99659994027215
193.00801695201753
193.1317640891226
193.16607031742097
193.21800063075074
193.29669571777518
193.62020029089692
193.65118265390876
194.11833767667707
194.15940625532934
194.22148642546017
194.3225636434717
194.36578605530087
194.3939818695723
194.39317741808367
194.4022290812597
194.39967503029965
194.39781232296983
194.41756164754116
194.4859494544413
194.5081983920853
194.50833784812124
194.62919766391104
194.61443838311848
194.62888446048566
194.67361309656775
194.67361309656775
194.67361309656775
194.67361309656775
195.0804834070024
195.13856059914474
195.16941846731584
195.17150321487702
195.27418471095143
195.331032601124
195.5444479991401
195.5784368928077
195.66415045619732
195.6706031287718
195.69849933218848
195.71084013212567
195.70052847599874
195.87165799766268
195.91379898935682
195.92348191384437
195.93802716676257
195.93802716676257
195.94069793145943
195.9625259357541
195.97056719257358
196.0283299771634
196.0283299771634
196.04735104663132
196.05901873712395
196.06085326815517
196.06085817986218
196.04698137293244
196.04749702913517
196.0474547038157
196.06085326815517
196.0604815543407
196.0607098615382
196.0830233665492
196.19939603398075
196.19890723185395
196.200322749452
196.19817667056702
196.19789005748686
196.19925899906193
196.19887813614443
196.25485358345446
196.25663245732542
196.30190565763928
196.3658728969156
196.36607852553723
196.38730346796802
196.38762956360395
196.38762956360395
196.40317171442888
196.41120076969844
196.41181257492752
196.41522839280412
196.42064324940216
196.42155673229564
196.42464814803557
196.42546438315057
196.59294836958537
196.60722361897902
196.60801852035172
196.63077965897793
196.65074693038508
196.6528832614181
196.70908874600516
196.70863800772196
196.88164973489359
196.88244769470313
197.05602196793654
197.05604090413738
197.08007631751232
197.075622765433
197.075622765433
197.07649785868685
197.07649785868685
197.15348378610528
197.25220582452172
197.25107656939198
197.31808543256986
197.33679183055781
197.3383228300952
197.3383228300952
197.33397209379126
197.3386386902639
197.38165224340568
197.37622928567941
197.3764216660061
197.37615393369242
197.38377460905815
197.38379994761019
197.38482351920996
197.38491140835322
197.3839192566765
197.3839192566765
197.39821309808065
197.40017477507308
197.40019110041155
197.40014696640785
197.44234731629868
197.4457567127459
197.44319026943003
197.55947228859583
197.55947228859583
197.69520080286244
197.95451726728476
197.95590576377995
197.97371316064127
197.97300802151517
198.0289056839049
198.03484109476656
198.03686784030523
198.03686784030523
198.0312152191335
198.1447275184553
198.1447275184553
198.14472757716212
198.14878245906118
198.17329594241357
198.17939344542398
198.18457041749446
198.18473723026568
198.1907153986576
198.3619570783892
198.3619570783892
198.4229146912537
198.42520559212116
198.43336701068722
198.43469757329018
198.4375471088728
198.4375471088728
198.44093335716826
198.44021711331027
198.4407849810832
198.46987408139017
198.50597174801786
198.648137081959
198.6482812729742
198.6482812729742
198.65928988534634
198.65928988534634
198.67841514373177
198.8305195534921
198.9462634393749
198.9462634393749
198.99770148768317
199.00651526554594
199.2433883330273
199.2450480229606
199.24595637104585
199.3522567686109
199.39000796822472
199.6299355332462
199.6299355332462
199.6585522666934
199.65034581136436
199.65034581136436
199.65035611156088
199.81421856251995
199.84371034312431
199.84083983661867
199.84083983661867
199.96678871061562
199.96705326156967
199.96942569659686
199.96951931595697
199.9715403716932
200.026031787928
200.026031787928
200.0499606503952
200.06186955373263
200.09880195538884
200.12282989419316
200.12518469468418
200.12629617790103
200.16980114925283
200.1655781234314
200.16559749586597
200.29690219546094
200.29124854915366
200.46198972354892
200.46170081152485
200.53565632120475
200.6872218362769
200.68797579528842
200.74015573903827
200.74121554069532
200.77088786682052
200.77888551950716
201.01315657205282
201.01315657205282
201.0205291784756
201.02350326187536
201.0562113635441
201.05585666272302
201.07122509340476
201.07640405000322
201.18266712404366
201.18456244575287
201.17079522838367
201.17183099269863
201.21368104234102
201.2172898505292
201.22046791668453
201.5073972111267
201.50775191194776
201.6224709716604
201.62297163423224
201.84604864055905
201.8516881069247
201.87572733702206
201.8802909364669
201.92188967584522
202.00581673601482
202.00581673601482
202.00581673601482
202.00717836457898
202.00717528200488
202.14224608771735
202.14582829150308
202.1436537392059
202.1436537392059
202.14009950195148
202.13756084292177
202.1504590728308
202.15088575664976
202.1881123026489
202.18815558574406
202.18942054992368
202.4208700653402
202.45442863453766
202.4617335748322
202.48423550104
202.48423550104
202.49229593824305
202.54953965042952
202.54960494208922
202.55874070455852
202.7148588209439
202.81827609873173
202.81827609873173
202.84470431195183
202.90526712788554
202.95001056780725
203.1481083766697
203.15617747151495
203.24600753991567
203.24600753991567
203.24593277191923
203.24593277191923
203.24882938573523
203.24882938573523
203.34870730479744
203.3693221480018
203.38575507840662
203.41427734914913
203.41641438499778
203.41657726846262
203.4507274192124
203.53701212483722
203.54031834735608
203.54723243286435
203.5473193012199
203.5473193012199
203.54817735418686
203.55296515223665
203.55596816225975
203.56350873055916
203.57534024012023
203.6893138795379
203.68903934563397
203.86793226755262
203.8699274975286
203.88698111499298
203.89067131998377
203.89206306876966
204.00232799423932
204.08820581423996
204.089299421569
204.08977778249997
204.08977295433013
204.08973535790062
204.20681316115392
204.24573592137946
204.2783161567968
204.27832552172353
204.2779942246415
204.4082650138973
204.443214521008
204.45295490685277
204.45295734928487
204.44893650696207
204.54187412186178
204.70730634241886
204.7542386701866
204.83049634004612
204.83049634004612
204.85881625317884
204.86452957471235
204.8652413480029
204.8652413480029
204.91994390302975
204.92102936134862
205.13516460567266
205.13625044208882
205.13626909890579
205.13626909890579
205.15161021878387
205.17078281925686
205.17078281925686
205.17082532824017
205.40266364584008
205.40266364584008
205.40266364584008
205.4025561757874
205.43723317037148
205.66664212921927
205.66924220748479
205.66924220748479
205.72767280182285
205.72767280182285
205.72767280182285
205.72724842813093
205.74536950183818
205.75886534447966
205.7562487862427
205.7523031947876
205.7484351867424
205.76739534308714
205.79698902444548
205.79706943646556
205.79397245734873
205.79655606370085
205.79655606370085
205.80475748310747
205.80339131039227
205.80339131039227
205.88824112937195
205.90586086003464
205.9026653195033
205.9392937618489
205.93925096057393
206.04716599583503
206.05535906972418
206.05535906972418
206.05539640876233
206.05573715812395
206.05195007757865
206.05360875620724
206.06105646513618
206.06980697573601
206.09226704266462
206.25612228753704
206.26953421300027
206.3518586691966
206.3538110432424
206.61458915322737
206.61581063439814
206.61306219261587
206.61817099071055
206.64442500624256
206.6615116264682
206.6630402376872
206.66286625778065
206.6658486404199
206.99043578072278
206.9904721730152
206.99176749219336
206.99176749219336
207.00035469401516
207.08213560842896
207.08265905951882
207.08265905951882
207.2356705831937
207.2356705831937
207.50084344212854
207.50089345556228
207.50076163584356
207.614130714242
207.6141920415241
207.6141920415241
207.60939604354874
207.6105324095306
207.61353642105985
207.6141920415241
207.6379875871879
207.68765063646157
207.68767631281457
207.6896706604922
207.68955292459083
207.69225408701072
207.6914457272718
207.6913955804335
207.73093749445417
