with mode=1, handoff cost coefficient = 1.0
183.69798406671194
183.8447248556783
184.00747260785167
184.17335929757286
184.4212200300557
184.6365047823477
184.77721145988008
184.83651694442335
185.14608722349226
185.25908475714272
185.33981646614416
185.51696668651365
185.57145466902494
185.61331333697228
185.6665678822447
185.7335213934041
185.96344400894918
186.08385793805877
186.1237549625613
186.19267899285342
186.2486297509066
186.33215233861543
186.43820772826757
186.63989646383536
186.68988725803038
186.7448490885322
186.76905563554848
186.83322619086385
186.9704844167785
187.0829993763356
187.26800831721633
187.42385854553487
187.4597227577716
187.52381518214784
187.54550863133517
187.68424940456492
187.77284135833526
187.8691860720892
188.0042952872702
188.10354266698505
188.14284924570723
188.2275171280501
188.29535938301103
188.4581432341985
188.60312973591274
188.7199639200347
188.89205384926981
189.08745126760624
189.11318902082408
189.25087163842497
189.3640878746946
189.45656617978145
189.65193091902964
189.68892316719175
189.73986098553397
189.85212628401456
189.864156494512
189.99619948920625
190.11430067973464
190.18562376219361
190.22849951015363
190.27411380292514
190.35017952623153
190.36189269943097
190.47260695363045
190.56583225752343
190.75611971968587
190.80471403081205
190.96239006083005
191.09610670125207
191.24323449114536
191.31988121543878
191.51226492760395
191.61387295908148
191.86979026591038
191.96557175303016
192.01896391310075
192.05764077744763
192.09425433307996
192.25827329642166
192.36944131066042
192.41950180109214
192.50373312063107
192.632653051654
192.72535284052017
192.7818779612958
192.95641128907704
193.0866781825024
193.1689266237725
193.2534660787974
193.38123373090625
193.48153256242043
193.67774003519392
193.8921605635646
194.03207421543058
194.1263931300926
194.23780263844372
194.2845535111896
194.33301231418582
194.55884118040848
194.7602865501257
194.86875305459887
194.88207005315311
194.90272627331262
195.03373176123338
195.17392144595763
195.24905692754803
195.41029168573638
195.54370720918325
195.6088941409477
195.65532919004036
195.67165570851398
195.77260406839116
195.85318480469982
195.94299411838932
195.99037413407177
196.08767825817517
196.16048148556206
196.28654414956594
196.34963617636086
196.45599169489387
196.48276803820616
196.54713721585966
196.6004319290977
196.6758689760931
196.75068275046917
196.77832233251317
196.9284148852316
196.98037712081913
197.06603530096407
197.11647697475792
197.29123215447456
197.41487752416307
197.53059953980244
197.65187242530175
197.69224019167558
197.72393999497933
197.81366607683555
197.9062598008136
197.9571953753258
198.02699861334955
198.03788509637528
198.11760027123617
198.20508334555413
198.25257107156872
198.32273159478976
198.34817256108096
198.35791273145142
198.4053532574611
198.41861050693305
198.48048333934486
198.54148175139812
198.5732491179819
198.6321035969263
198.65536081173636
198.7348557091911
198.82314923057575
198.88499742971328
198.90101812329166
198.98426742998828
199.05437793558028
199.22027109817614
199.26481836190868
199.29202508940742
199.33250387434467
199.35378024936932
199.41678346581313
199.4483743542208
199.47101318981163
199.5734620555744
199.58688434134976
199.65586702141792
199.7005691780534
199.74510517676813
199.78188921601532
199.8303273963646
199.90456090686376
199.93701315311912
199.95763646575767
200.0140520904318
200.1641855581147
200.2197875833666
200.25065317454312
200.2557100556653
200.27658340145615
200.29636341027552
200.33970994497815
200.33929434784596
200.43133972400793
200.48360594519022
200.50821616614476
200.5582317862834
200.62045167660492
200.6498033113984
200.72715029534612
200.74014386849433
200.78868776858343
200.80571990386295
200.86967242506543
200.89075701063226
200.89395728412478
200.96435227824404
200.94455537572426
200.99065662436797
201.02126559335602
201.03786470366674
201.1031489913224
201.11881308263852
201.13133897921352
201.21557144224894
201.30454563414668
201.3221991094168
201.35663845248337
201.36277766696656
201.36611710847686
201.40256393023137
201.44338261226133
201.47360483943473
201.4795985030215
201.54386788745538
201.59381878106515
201.6886215406595
201.720907529066
201.74856433839844
201.77069641305474
201.77069060885174
201.79615662021712
201.84358015895288
201.85060181417575
202.1034996006374
202.14010104576636
202.1632937246004
202.21866515035472
202.23762102462769
202.26581097817535
202.28214750198418
202.35743571166282
202.36528500144865
202.38703500639636
202.4930170074513
202.5816635184865
202.58697374655665
202.59850648679418
202.61598594103341
202.67284603372116
202.6945495715057
202.7403755908184
202.78844671420092
202.82249146049642
202.83958650427437
202.86648661940865
202.945689012506
202.95952425204447
203.1790773447465
203.19190235067734
203.2917728013862
203.33692771823445
203.35724329324952
203.37088338833874
203.38839699109084
203.52913866698492
203.5815049487907
203.61730838578217
203.68465198312802
203.72837405648266
203.74035143221118
203.77010479231916
203.79848406596443
203.80596254832474
203.84674773503195
203.90141945340287
203.97118798807153
203.98688359624174
204.0469626308107
204.1081198303281
204.19250094803013
204.20853217774177
204.22427869293682
204.26248582764936
204.31567085761037
204.3381147641239
204.37502366245033
204.4148442835112
204.48224599498133
204.51861924992374
204.53009216949806
204.55689064385865
204.58483523066332
204.60565010942037
204.69884195835957
204.76811339986446
204.76896376393134
204.814325843072
204.82460620725828
204.8283300328248
204.9532367687067
204.96354253387747
205.0963364265312
205.11865198746787
205.14017276265096
205.14215186487047
205.1972240876777
205.31668435059726
205.31548960575023
205.36318343888843
205.44275854818284
205.48841116152832
205.52158619579743
205.5707086155146
205.62920323083233
205.62980883687786
205.6325567880338
205.6672967684178
205.73369595261184
205.77392831166597
205.86143182249916
205.91764463040138
205.95038753302703
205.96116772562678
206.05150189494464
206.0601883612613
206.1589102458356
206.1616510796349
206.1901363086972
206.23920297271135
206.25787879705717
206.2979622997177
206.34826725662973
206.37374013975244
206.42982690773036
206.45114586815947
206.4894264023238
206.5815237560534
206.60853631300108
206.63662976319097
206.64144225127905
206.6463931491273
206.65039251144395
206.7173116109562
206.73069323492336
206.75564911825708
206.76173478809335
206.79181176655808
206.80565916223944
206.92136752014045
206.9764773011409
207.0622196272746
207.14926227040092
207.17213466496662
207.1834943295648
207.21020874517103
207.2663243596487
207.27096092230218
207.3192979325422
207.3974671548824
207.44516358268376
207.46094048004062
207.47998767042958
207.50757892166246
207.5372568899069
207.53950726752362
207.55598333732954
207.5658995971186
207.6071274535321
207.63400894905197
207.73298573515441
207.77959401517774
207.81686366879083
207.82684559485148
207.83482472316186
207.8369957737049
207.86793836528489
207.87898999371248
207.98568947767225
208.05999912970387
208.0676151644427
208.0744176064622
208.17410415581196
208.2006950364059
208.20044390339277
208.24070974407738
208.24569469894118
208.3077370369433
208.34711826927514
208.39501762196932
208.39570284798972
208.40761009177947
208.43591936888194
208.48868300346146
208.49641664408335
208.5759033509989
208.60101510540233
208.70191927965615
208.70843922371077
208.72940490845227
208.87180121819068
208.8816646335402
208.8990411096674
208.95143343408597
209.0678980619452
209.09280013152338
209.11746749966292
209.18923135689724
209.23639322421664
209.23899559399945
209.36839482284103
209.3972983050317
209.40847507125054
209.451114943353
209.47235609529037
209.48718991229418
209.49885041687554
209.52316759995486
209.5932680853094
209.6005855693882
209.64192219842766
209.650301112418
209.77484373433327
209.827924391632
209.84253923889958
209.89878947366233
209.9335166613561
209.97074125494333
210.10194583878834
210.14743680305082
210.20348522270334
210.20810431132708
210.24200131609456
210.24097387019177
210.23845673518252
210.2407504194708
210.24102940768825
210.25078639484602
210.2652250591982
210.31524368190938
210.31465615564116
210.31713033239527
210.37152938119587
210.45302073011413
210.56088846592743
210.56583790487412
210.60913647638301
210.61277292491442
210.65265834673653
210.7278628454614
210.7917483679563
210.79457474710838
210.79664674198094
210.80418143451132
210.82177906410294
210.882637758546
210.8839088744057
210.93079271164459
210.97682463061744
210.99999373020435
211.06595030902218
211.1545029557668
211.16871854363671
211.23616592741416
211.23620618870987
211.26675995901616
211.29954944450324
211.32814827864414
211.34781494653146
211.42837281287706
211.43044272771857
211.5166549228455
211.5460235668809
211.56311172759413
211.62395700508952
211.6935775561716
211.7212522431556
211.75919067758213
211.79388466447978
211.82649455283064
211.84684132519814
211.900235965189
211.91065688221988
211.9153576643441
212.02112426739865
212.02966352039914
212.05810174309747
212.0606524488214
212.09657393079536
212.15687411536652
212.16892358041906
212.1696280614558
212.20170162870608
212.22960974754105
212.29062485493534
212.3437990432417
212.37260631855884
212.38455070758283
212.38711311880996
212.3878537761306
212.3930023678416
212.41566438841195
212.44303602909147
212.4775816585306
212.47960421241336
212.58290266620386
