with mode=0, handoff cost coefficient = 1.0
133.96495937618172
134.0437370417727
134.0786105301773
134.09752844023205
134.0975271360076
134.10981693723016
134.26054377689184
134.25563552976254
134.25887555839466
134.53288438099207
134.56606546615495
134.55593261417016
134.55591982261393
134.53992824373955
134.53992559786315
134.56606546615495
134.5916896902604
134.6658407356188
134.67680861345238
134.67695335144154
134.67705521561552
134.67731070745143
134.69102236848676
134.69259608759404
134.69242461907578
134.71196062525118
134.78538369563105
134.79247823689553
134.81122591188895
134.81169742450982
134.82184121048098
134.83533368216575
134.8351869720956
134.8334583939785
134.85018251819446
134.85015934334757
134.97029458793025
134.974043045037
134.97072047329644
135.00829422508087
135.00861439868268
135.01065326271575
135.0103300213109
135.01056176563665
135.0088493162579
135.02583243261722
135.02583243261722
135.02585560746414
135.02608536220905
135.0263519925909
135.02680124693956
135.03712301730485
135.03712301730485
135.04840744784158
135.048638393562
135.04872311347853
135.05051867036966
135.0770404371109
135.07704101994645
135.0785644646973
135.07672727143103
135.0776122786785
135.07569564511334
135.0869026828357
135.08614874323735
135.08653788535327
135.0877629546417
135.0984659882706
135.0984659882706
135.10132516389743
135.10133020522795
135.11346743823293
135.11506473053845
135.11506414159038
135.11506367582598
135.1870072416598
135.18417450772355
135.1833997254663
135.21019765778533
135.21945314133168
135.24603732052412
135.25079299422336
135.27781977829187
135.27559447515347
135.2773147750092
135.27819465324285
135.2919337799712
135.297746611792
135.297746611792
135.43568695693617
135.43568695693617
135.4327319626761
135.4327313226718
135.45898336464325
135.4662771325928
135.47218906591036
135.47218492091332
135.47568084255437
135.47600923350691
135.48571943476287
135.48759929135738
135.48759929135738
135.4883988964265
135.48863863199637
135.49778681920793
135.49928296658194
135.52592206972082
135.52693512918717
135.5272660232025
135.53129082544922
135.53453764967995
135.53662275388118
135.53660388455293
135.53694719078146
135.54474973607768
135.57128270145176
135.5691440414112
135.56905517328477
135.57516001929926
135.57303635802216
135.57339324605744
135.57172614274742
135.57010297128966
135.57516001929926
135.57534018443647
135.57436474838906
135.57422856272376
135.57500007919054
135.5761059028838
135.57716133910043
135.57700618601936
135.64614064081337
135.64721589456173
135.64720325981182
135.64728733750047
135.64763662643432
135.64780141939713
135.66093448897826
135.66097519268192
135.66098889258726
135.66099218905572
135.6609910711325
135.6609910711325
135.66111143184986
135.72962020676914
135.72940943279815
135.73089433648633
135.73269067418207
135.7666259048579
135.76661847697017
135.76661895656392
135.7667938272877
135.76663070086755
135.76675703812924
135.7662487681034
135.76560832706076
135.799832260853
135.8682539828018
135.86916035849703
135.86916062655254
135.8687761442058
135.86808264412304
135.9370476012344
135.9367036567157
135.9370476012344
135.93775321078957
135.93778563219996
135.9375474006767
135.939662001089
135.94416302702336
135.94372046890206
135.94343261331545
135.95562496367086
135.9559382918063
135.95593864462194
135.95563948520353
135.95527692759276
135.96557982488014
135.9656381046753
135.96582571370277
135.96582578615846
135.96600485382703
135.97004548698018
135.97019581972646
136.03920791244414
136.10809136125437
136.10845077044664
136.109192521262
136.12062767856227
136.140674113169
136.14077326388394
136.15386001528145
136.15406467168006
136.15306974460097
136.15355246155193
136.15354367029
136.15383362422028
136.15416228950366
136.15391524915523
136.15497430807744
136.15705392267367
136.15706734658588
136.15707904541176
136.15916075303758
136.1588825501733
136.1599742988315
136.16110632001292
136.1611142343915
136.1611142343915
136.1615441008418
136.1651688869374
136.1651690128092
136.1975379842295
136.2106835107142
136.21118593211486
136.21454469696803
136.21503273279473
136.21579336054631
136.21579336054631
136.2160173399637
136.21774888242086
136.21744460550917
136.21745467915838
136.24986722201498
136.2500529670519
136.25021455047536
136.25702142475447
136.25678178871226
136.25784813769368
136.2578683328408
136.25787497012863
136.26097640549688
136.26102156626283
136.2599512068921
136.26434592013564
136.2643497569975
136.2737636081175
136.34287559570848
136.34387868970418
136.34427148993174
136.34443567701973
136.34443699632132
136.34453514393914
136.34453518102737
136.34466214082562
136.36465672944178
136.36499179504057
136.3676948616075
136.3677320115882
136.36786618143665
136.38787819661422
136.38763683617861
136.3869817440286
136.38927980804547
136.40919805099725
136.4093198431815
136.40977042633762
136.4095407915819
136.4096963258238
136.40961320409082
136.40963729587668
136.40977042633762
136.40973043923697
136.4099504983495
136.40997574710994
136.40997574710994
136.41008300306635
136.40997050205772
136.4186135067949
136.41883493552285
136.41886619754365
136.41886614057861
136.41865132651833
136.41887831670698
136.41886995360693
136.41887233140395
136.41902028719548
136.41931734486326
136.42260178367917
136.42916305684267
136.42950164778603
136.42958798967447
136.42960590700065
136.46422872538466
136.46422875334423
136.4642268295307
136.46546267544946
136.46546018551533
136.46540129763628
136.46529757070863
136.46529776577987
136.46546267544946
136.46544534537688
136.4655164676906
136.46551846132294
136.46570187185188
136.46579007979102
136.4660251614264
136.46607460059366
136.4660582757408
136.4660582757408
136.4660582757408
136.4660707312374
136.4661340623394
136.46612321407054
136.46615185862865
136.46619456245273
136.46622796251216
136.46628997620826
136.46628798257595
136.46631513230747
136.4663989051977
136.46639892507358
136.4665147491856
136.4665044138108
136.4665044138108
136.4660342017397
136.46769526316282
136.46769526316282
136.46770259458728
136.46774987964605
136.46774988292276
136.4683366831489
136.4684126444711
136.46938883832624
136.46934346732422
136.46938303404184
136.46938986078302
136.47371603728322
136.47371388108718
136.47372660862274
136.47368285753913
136.47368293290035
136.4737278345639
136.47380908787915
136.4738191486903
136.47424317066523
136.47470528153815
136.47475329547558
136.47481106504858
136.47481220734096
136.4827200372126
136.4827383396455
136.4827540273684
136.48275405625077
136.4828362696651
136.48319458274696
136.48315475122814
136.4831877679491
136.49885556558098
136.49970602297384
136.49980803670695
136.49981045204495
136.5030728325258
136.50310375596555
136.5031897737928
136.5031897737928
136.50326579848982
136.50364905924548
136.50367351501438
136.5036480543862
136.5036692898423
136.50373556101974
136.50395526856968
136.5038724065189
136.50630604279667
136.5063485731102
136.50642139709095
136.50642139709095
136.50644150144095
136.50646348060963
136.50716947915177
136.50710445158953
136.50710446520014
136.50710989403188
136.5073181232259
136.50732141944707
136.50736389731196
136.5073748779771
136.50736577716773
136.52234132126813
136.53099855752137
136.53097017024123
136.5310046014675
136.53098799689195
136.53101015212414
136.53113366895238
136.5311847453058
136.53118206171484
136.53548822800332
136.53553657094918
136.53556836076442
136.53557793064547
136.53560219609275
136.53560219754306
136.53554125360648
136.53554125165408
136.53548301599463
136.53560219609275
136.53558665300426
136.53561281326864
136.5356140685281
136.53566757628494
136.5357280371279
136.5357324636989
136.53573247735312
136.53573439201165
136.53573533199182
136.53575250806335
136.53606843081403
136.53606843059825
136.53606843059825
136.5360688455351
136.53607854520598
136.544732532711
136.54507016292257
136.54507389603387
136.54507229571934
136.5450869091817
136.54508061311876
136.5454083880202
136.54540840297648
136.54541305783766
136.5493512359137
136.5518349712066
136.5518349822507
136.55182183209254
136.55965399975807
136.55965787607812
136.5598467868061
136.56065739175204
136.56068667043502
136.56069182348108
136.56071093943393
136.56071093946656
136.56074578943975
136.56322897335212
136.56323062295172
136.57036689086198
136.5703689462874
136.57037378181238
136.57041842176534
136.5704242677931
136.5704357019111
136.5704655299548
136.570590078178
136.57060590337724
136.5706291043419
136.5706356182683
136.57067057198145
136.5706669690858
136.5706669690858
136.57066697591347
136.57067041024635
136.5708454614823
136.5733274840521
136.57333831192318
136.57497476591442
136.57498681664003
136.57501711082463
136.5750213779362
136.57502067110784
136.57502856599194
136.5750315859765
136.5750355083009
136.57503771889424
136.57503809752743
136.57514464613928
136.57514983927388
136.57516086768388
136.5751612735161
136.57521634376502
136.57685229373047
136.57723033113444
136.57722855940835
136.57723042077282
136.57723394060588
136.5772330955602
136.57723033113444
136.57723034281432
136.57725039939572
136.5772635197455
136.57727598384471
136.5773327818131
136.57733079796859
136.57748052986582
136.57748573741983
136.57770046582942
136.57770832165113
136.57852647746898
136.5791214475858
136.57911898090904
136.5793322490588
136.57935252722478
136.57936461309967
136.57936439969677
136.57936439969677
136.57939341996976
136.5793934241979
136.57957725305502
136.57957725305502
