with mode=1, handoff cost coefficient = 1.0
133.96495937618172
133.9855364677524
134.00672803148143
134.0356460035427
134.05885452977395
134.07809365278536
134.09640788921354
134.14314841611773
134.16500072906746
134.1906729795975
134.20923096657256
134.2819837969551
134.31089733263963
134.32009265974312
134.36579596854438
134.384555631308
134.41251248529503
134.42702807399564
134.45761884129283
134.46267310382555
134.50646809626778
134.51526842129036
134.53038543107186
134.5493005194393
134.55410631258377
134.57824652728203
134.6610073296933
134.6944854634642
134.74358385080754
134.75416610104645
134.7710464792273
134.80452088068378
134.84855544914225
134.89395391610287
134.91463041919496
134.92574936691412
134.93292203546346
134.98257811838968
135.02445679784867
135.06304143283512
135.08746350407225
135.11241774743112
135.15923439019508
135.19322281155053
135.2515304466296
135.27347280854679
135.3263935584735
135.32589003487942
135.3632150408478
135.39929895967776
135.40137699275772
135.40354775356815
135.41143601287442
135.42890983672976
135.43373060881854
135.5009720147432
135.5113002096905
135.51990131209163
135.5239697480092
135.52386121930004
135.52512561345068
135.54358262907456
135.5450491980011
135.5712704223649
135.59050470743506
135.60700090036525
135.61462579521037
135.63518367422705
135.6338470973682
135.67149787757165
135.68212761909695
135.68653917863074
135.70698763168522
135.77305850478388
135.83647766803392
135.84647894346102
135.8545970922979
135.9084909006414
135.93081560526505
135.94251184932853
135.98775624408012
136.0350072275145
136.0557601663627
136.09448265383935
136.09751670331025
136.1040755830622
136.12103067061884
136.16097680300877
136.17700571992987
136.21145759749803
136.26125020054644
136.2641749669024
136.28763721888373
136.2928336196416
136.29489666829397
136.30314378587605
136.32276950819897
136.34291341223897
136.3609031460062
136.372068998722
136.37388973746323
136.40856651063305
136.41023599541532
136.41729015810748
136.45964896241418
136.4859739547155
136.52285874375727
136.58391833260794
136.60016297794755
136.6147835553276
136.67655283735155
136.68256855193763
136.71427426198423
136.7503359348658
136.81871780062812
136.8182550438463
136.84918160897064
136.8516211698402
136.86425451304837
136.91125889531065
136.92647647756007
136.93210161570389
136.93789229418667
136.93663459752423
136.9438899473072
136.98107484266686
136.99322991972446
137.0076324985268
137.07337895907975
137.07429911735204
137.13359872832714
137.13577860781012
137.17885990994344
137.21868231819832
137.25456198899263
137.2614981868278
137.26224335292386
137.26585554506653
137.27603255450788
137.27631903058906
137.27703898253452
137.33386269876013
137.3640399313405
137.36395829545134
137.37221301510866
137.38388794328847
137.3922015149458
137.39466159568485
137.41016183766862
137.40901408604824
137.41659715721036
137.4155591833639
137.41490015999295
137.4155590699403
137.41441670964656
137.4525179655285
137.45197117325657
137.47949726683402
137.47873548424448
137.48055363586707
137.51956019348597
137.52768567946003
137.57442044916854
137.59140528552498
137.60524880708698
137.61075098516
137.6455684455521
137.64641851975284
137.65901249798804
137.6945181777504
137.7068521460464
137.70625681647354
137.72324008435476
137.74194198345452
137.74087999365602
137.7707686230331
137.77690707120925
137.85981930689297
137.88251374343653
137.88425607613303
137.8915177221787
137.90593577453762
137.91803113762
137.98811149280232
138.01957375355934
138.02084492977994
138.02705506789877
138.03331783934766
138.0761115567322
138.12110986827514
138.1336700137831
138.16099232079944
138.162561421084
138.163673363179
138.17340381563426
138.16902479662477
138.16967689771175
138.16691534113642
138.20122410782426
138.20058867530594
138.2160808290983
138.28664829455428
138.28586484950569
138.29218305299807
138.29937211702432
138.33034974567133
138.33638835202981
138.3378717747652
138.34003040428993
138.33696175917996
138.33898517184957
138.3490665402258
138.3522083781585
138.35217197669377
138.35506289046546
138.35582559071315
138.36512363276967
138.36591698154157
138.36868942860983
138.40076774579822
138.40024293859238
138.40377032845657
138.44428516940891
138.4424378416415
138.49115491315692
138.4992033706877
138.50599069745928
138.50391943901886
138.5269878724754
138.52768733593606
138.57723120430774
138.57839828656276
138.57756248789258
138.57850165692477
138.62578065795492
138.6433492355948
138.6442533086553
138.65552573280584
138.65829716688856
138.71649756923924
138.75346687225337
138.78751044896435
138.78815586836942
138.78774898323005
138.80261320858463
138.80297771564025
138.8038414253988
138.80414180564654
138.84780988973512
138.8556442091276
138.8902515592037
138.89772797317895
138.93054252380318
138.93064861260618
138.93354406952704
138.94114572202892
138.95389519050724
138.9522030522619
138.95512087662803
138.98928203028947
138.98705175528403
139.00583444590922
139.02030911247135
139.0506223634229
139.07984061000593
139.08022889432118
139.08777942923558
139.0977037728693
139.12731699065682
139.15981725174117
139.20822580749746
139.2086787951715
139.21857481466958
139.2577787712245
139.25794473814108
139.26520179627045
139.27367600534728
139.2805179213279
139.31634282059957
139.32693722567106
139.39735898300182
139.3994055105651
139.3985339202083
139.39765431347686
139.41337593889443
139.4623816756024
139.49925559156978
139.49711365696317
139.52525566332326
139.53052625840516
139.5291446176504
139.52909678116458
139.537818080795
139.5725331057547
139.57539648174043
139.5786573004323
139.5787094499492
139.6024699301108
139.60330045984833
139.6200184272351
139.6201658226683
139.65357991159604
139.66595217314273
139.69689361817242
139.6945837542099
139.722266148123
139.75912641362765
139.76146676251759
139.77113427138246
139.76958950126678
139.77017066699125
139.77774691781832
139.8248681668292
139.8310154433073
139.83000714592438
139.84493228081567
139.85430947716702
139.86470311007156
139.91226680417677
139.9197084691626
139.9214627502642
139.92302253192372
139.92510414670852
139.92636992393506
139.9414834141699
139.94931535986825
139.9606591556413
139.99044114650007
140.00071151349587
140.01482325399206
140.02257649712996
140.07008817756756
140.0699773494281
140.08035907727148
140.10860781031369
140.1108633421475
140.11110497639766
140.11149200039654
140.1172360202943
140.12240670752132
140.15420777151607
140.1646476215771
140.16696108130552
140.19434215437357
140.20629163119364
140.20827437762208
140.2076821108617
140.20733851594323
140.20585685849358
140.21413171256745
140.21628437765304
140.23295077347086
140.25860269505247
140.28572437767096
140.28715811589254
140.3239693662925
140.3241595690972
140.3257617252537
140.34757843509652
140.34923097288166
140.3634644026635
140.42326246823444
140.45453138702425
140.46565968859096
140.467265223421
140.48754973375648
140.51284525642194
140.52184444912407
140.56432838311727
140.56583322480785
140.59279741566678
140.61179612654817
140.62127544189804
140.6229026613338
140.64650957554417
140.6665605979798
140.67474522089236
140.67642125728744
140.67634606018814
140.7152203970087
140.7465700041738
140.74800867132438
140.75408137407538
140.78402501804456
140.78446830588837
140.79715673947211
140.79732172681923
140.809925646102
140.841380639566
140.84060532049077
140.8652915670937
140.9009857930264
140.92826165757094
140.92723881995556
140.92657293438972
140.93832747968875
140.9483003712254
140.94857679501771
141.00231142212323
141.0050235067475
141.048728144921
141.050344598778
141.06512688373846
141.0651977632648
141.07880619435474
141.1024289615766
141.10053965094062
141.1011791344311
141.10383577807485
141.12506921721229
141.12611438761937
141.16271070904403
141.188684158079
141.1900734914302
141.20974413013434
141.20894664816612
141.21040508998672
141.22305397973244
141.2222302178124
141.23152104359067
141.24431204082006
141.26922440546997
141.30569541316214
141.31477058301968
141.31378285249488
141.3148612511927
141.3152080765649
141.3455925116123
141.35276321413517
141.35509749703917
141.35451023153053
141.35596207992367
141.37457458353978
141.37491207718364
141.3765808840909
141.37647190858277
141.37667771832315
141.37662519145573
141.3823488882414
141.38222376801
141.38433758305962
141.3857752170376
141.39097787628012
141.4152290152535
141.42949656827372
141.42846911512203
141.42639413252675
141.42849111015138
141.4385042661534
141.46725559454234
141.46826462291227
141.4692253397319
141.4694139986584
141.49400702857574
141.5089898720031
141.5680946363887
141.58165324735728
141.5816263678865
141.58161083842438
141.5800860532783
141.59167604675633
141.64634724866912
141.67184812545952
141.67219266307376
141.70285110292605
141.70400879545275
141.7154913433542
141.75160220344924
141.75258446760984
141.75340079237816
141.76301899232737
141.77416566157163
141.774421501823
141.77606707560446
141.77431606738793
141.77552022884757
141.77471114966
141.79934313829563
141.79874211010463
141.81176006696455
141.8201138396603
141.85096067206968
141.85211985778835
141.87599844821807
141.87657267998318
141.90813112439267
141.90799035745025
141.9144245709614
141.91547560613859
141.9136143342393
141.93472205351173
141.93544798890244
141.93511262746608
141.9650493049839
141.98640268853086
142.01575956767064
142.01689912946182
142.02876428734456
142.02950822719868
142.02644615564222
142.05556217778036
