with mode=3, handoff cost coefficient = 1.0
133.96495937618172
134.04211444832353
134.79357356657303
134.91889565791104
135.1723130522281
135.6452504651143
135.65861150885627
135.66918373132378
136.09928901819592
136.17546475462888
136.28979018215207
136.34344634525755
136.43165194814932
136.43164574854683
136.59777942036226
137.46386905052321
138.3075912243906
138.30759264240842
138.67691107062913
138.76201604429596
138.78260416310977
138.82141579329343
139.007769572357
139.27526711009986
140.04026156656192
140.04026079051556
140.04578887257478
140.04340620239162
140.04340620239162
140.04578871839402
140.04578871839402
140.209151578362
140.3787197295268
140.37872601088762
140.6037261931062
140.60374035231382
140.6105151207737
140.6105151207737
140.61143697740508
140.61964583164558
140.65763488106072
140.6613063740988
140.662873381844
140.66114854562036
140.66114854562036
140.66114854562036
140.66114854562036
140.66288670655123
140.66288670655123
140.66288670655123
140.66288670655123
140.66288670655123
140.66288670655123
140.66288670655123
140.66288670655123
140.66288670655123
140.66288670655123
140.8096767115846
140.80966304730828
140.80999303469312
140.80999303469312
140.80999303469312
140.80999303469312
140.80999303469312
140.80999303469312
140.81328255799423
140.81655645083725
140.81655645083725
140.8165543850712
140.82875115927436
140.8287484755339
140.83871749394422
140.83871749394422
140.83871749394422
140.83872334810744
140.83872334810744
140.83872334810744
140.83872334810744
140.83872334810744
140.83872334810744
140.83872334810744
140.8486450000967
140.9611047482425
140.95044177235187
140.95620858238746
140.95619750456282
140.95619750456282
140.95619750456282
140.95619750456282
140.95619750456282
140.95619750456282
140.95619750456282
140.95619750456282
140.95619750456282
140.95619750456282
140.9616409508333
140.9616373751823
140.9616373751823
140.9616373751823
140.9616373751823
140.9616373751823
140.9616373751823
140.96275782287012
140.9638292550917
140.9638292550917
140.9638292550917
140.9638292550917
140.9638292550917
140.9638292550917
140.9638292550917
140.9638292550917
140.9638292550917
140.9638292550917
140.9638292550917
140.9638292550917
140.9638292550917
140.9638292550917
140.9638292550917
140.9638292550917
140.9638292550917
140.9638292550917
140.9638292550917
140.9638292550917
140.9638292550917
140.96745173943805
140.96745173943805
140.9674441715465
140.9674441715465
140.9674441715465
140.9674441715465
140.9674441715465
140.9674441715465
140.9674441715465
140.9674441715465
140.9674441715465
140.9674441715465
140.9674441715465
140.9674441715465
140.9674441715465
140.9674441715465
140.9674441715465
140.9674441715465
140.9674441715465
140.9674441715465
140.9674441715465
140.9674441715465
140.9674441715465
140.9674441715465
140.9674441715465
140.9674441715465
140.9674441715465
140.9674441715465
140.9674441715465
140.9674441715465
140.9674441715465
140.9674441715465
140.9674441715465
140.9674441715465
140.9674441715465
140.9674441715465
140.9674441715465
140.9674441715465
140.9674441715465
140.9674441715465
140.9674441715465
140.9674441715465
140.9674441715465
140.9674441715465
140.97060562900495
140.9706160151249
140.9709553151709
140.9709553151709
140.9709553151709
140.9709553151709
140.9709553151709
140.9709553151709
140.9709553151709
140.9709553151709
140.9709553151709
140.9709553151709
140.9709553151709
140.9709553151709
140.9709553151709
140.9709553151709
140.9709553151709
140.9709553151709
140.9709553151709
140.9709553151709
140.9709553151709
140.9709553151709
140.9709553151709
140.9709553151709
140.9709553151709
140.9709553151709
140.9709553151709
140.9709553151709
140.9709553151709
140.9709553151709
140.9709553151709
140.9709553151709
140.9709553151709
140.9709553151709
140.9709553151709
140.9709553151709
140.9709553151709
140.9709553151709
140.9709553151709
140.9709553151709
140.9709553151709
140.9709553151709
140.9709553151709
140.9709553151709
140.9709553151709
140.9709553151709
140.9709553151709
140.9727995522331
140.9727995522331
140.97353449507986
140.98038396273023
140.9803864104046
140.98038075890057
140.98429912486267
140.98610626165316
140.98610153345615
140.98610153345615
140.9865121035599
140.99115587698515
140.99115587698515
140.99137419907393
140.9911722640457
140.9911722640457
140.9911722640457
140.9911722640457
140.9911722640457
140.9911722640457
140.9911722640457
140.9911722640457
140.9911722640457
140.9911722640457
140.9911722640457
140.9911722640457
140.9911722640457
140.9911722640457
140.9911722640457
140.9911722640457
140.9911722640457
140.9911722640457
140.9911722640457
140.9911722640457
140.9911722640457
140.9911722640457
140.9911722640457
140.9911722640457
140.9911722640457
140.9911722640457
140.9911722640457
140.9911722640457
140.9911722640457
140.9911722640457
140.9911722640457
140.9911722640457
140.9911722640457
140.9911722640457
140.9911722640457
140.9911722640457
140.9911722640457
140.9911722640457
140.9911722640457
140.9911722640457
140.9911722640457
140.9911722640457
140.9911722640457
140.9911722640457
140.9911722640457
140.9911722640457
140.9911722640457
141.045240574381
141.045240574381
141.045240574381
141.045030018711
141.045030018711
141.045030018711
141.045030018711
141.045030018711
141.045030018711
141.045030018711
141.045030018711
141.04819097787995
141.04858770116581
141.04996506577197
141.0499641019388
141.05003333457705
141.05009951332096
141.05009951332096
141.05009951332096
141.05009951332096
141.05009951332096
141.05009951332096
141.05009951332096
141.09895786158643
141.09951702003448
141.0979971897024
141.0980035772907
141.0980035772907
141.0980035772907
141.0980035772907
141.0980035772907
141.0980035772907
141.0980035772907
141.0980035772907
141.0980035772907
141.0980035772907
141.0980035772907
141.0980035772907
141.0980035772907
141.0980035772907
141.0980035772907
141.0980035772907
141.0980035772907
141.0980035772907
141.0980035772907
141.0980035772907
141.0980035772907
141.09951554853734
141.09951554853734
141.09955566316958
141.10007227680106
141.10007227680106
141.10007227680106
141.10007227680106
141.10007227680106
141.10007227680106
141.10007227680106
141.10007227680106
141.10007227680106
141.10007227680106
141.10007227680106
141.10007227680106
141.10007227680106
141.10007227680106
141.10007227680106
141.10007227680106
141.10007227680106
141.10007227680106
141.10007227680106
141.10007227680106
141.10007227680106
141.10007227680106
141.10007227680106
141.10007227680106
141.10007227680106
141.10007227680106
141.10007227680106
141.10007227680106
141.10007227680106
141.10007227680106
141.10007227680106
141.10007227680106
141.10007227680106
141.10007227680106
141.10007227680106
141.10007227680106
141.10007227680106
141.10007227680106
141.10007227680106
141.10007227680106
141.10007227680106
141.10007227680106
141.10007227680106
141.10007227680106
141.10007227680106
141.10007227680106
141.10007227680106
141.10007227680106
141.10007227680106
141.10007227680106
141.10007227680106
141.10007227680106
141.10007227680106
141.10007227680106
141.10007227680106
141.10007227680106
141.10007227680106
141.10007227680106
141.10007227680106
141.10007227680106
141.10007227680106
141.10007227680106
141.10007227680106
141.10007227680106
141.10007227680106
141.10007227680106
141.10007227680106
141.10007227680106
141.10007227680106
141.10007227680106
141.10007227680106
141.10007227680106
141.10007227680106
141.10007227680106
141.10007227680106
141.10007227680106
141.10007227680106
141.10056019377743
141.10056019377743
141.10056019377743
141.10056019377743
141.10056019377743
141.10056019377743
141.10056019377743
141.10056019377743
141.10056019377743
141.10056019377743
141.10056019377743
141.10056019377743
141.10056019377743
141.10056019377743
141.10056019377743
141.10056019377743
141.10056019377743
141.10056019377743
141.10056019377743
141.10056019377743
141.10056019377743
141.10056019377743
141.10056019377743
141.10056019377743
141.10299421551272
141.1029991898603
141.1029991898603
141.1029991898603
141.1029991898603
141.1029991898603
141.1029991898603
141.1029991898603
141.1029991898603
141.1029991898603
141.1029991898603
141.1029991898603
141.1029991898603
141.1029991898603
141.1029991898603
141.1029991898603
141.1029991898603
141.1029991898603
141.1029991898603
141.1029991898603
141.1029991898603
141.1029991898603
141.1029991898603
141.1029991898603
141.1029991898603
141.1029991898603
141.1029991898603
141.1029991898603
141.1029991898603
141.1029991898603
141.1029991898603
141.1029991898603
141.1029991898603
141.1029991898603
141.1029991898603
141.1029991898603
141.1029991898603
141.1029991898603
141.1029991898603
141.1029991898603
141.1029991898603
141.1029991898603
141.1029991898603
141.1029991898603
141.1029991898603
141.1029991898603
141.1029991898603
141.1029991898603
141.1029991898603
141.1029991898603
141.1029991898603
141.1029991898603
141.1029991898603
141.1029991898603
141.1029991898603
141.1029991898603
141.1029991898603
141.1029991898603
141.1029991898603
141.1029991898603
141.1029991898603
141.1029991898603
141.1029991898603
141.1029991898603
141.1029991898603
141.1029991898603
141.1029991898603
141.1029991898603
141.1029991898603
141.1029991898603
141.1029991898603
141.1029991898603
141.1029991898603
141.1029991898603
141.10299421551272
