with mode=1, handoff cost coefficient = 1.0
158.1146569850532
158.1444972305974
158.21282394611237
158.23567536657197
158.25681251638434
158.2737076861696
158.2742071337491
158.31965825368806
158.3880968069676
158.40620817125037
158.47517863748743
158.52182881167064
158.54422156236382
158.55964721886687
158.60593439687676
158.6617942142405
158.7106555045643
158.7422061262631
158.81663192032934
158.82902699102885
158.84432150717998
158.88987767125502
158.89826993613966
158.9054552650999
158.91215020338728
158.91437069476066
158.94115031800635
158.96074605679954
159.0063248785198
159.0131188692541
159.0522491985043
159.07449514100261
159.08768508352216
159.11706751765075
159.13069388777706
159.1358081224624
159.18293854972384
159.18224656813692
159.22590109861673
159.23348642173568
159.2340172531211
159.2872873909639
159.32875937749458
159.3825420403934
159.3925264232753
159.45283050856247
159.48914668681098
159.51420894606105
159.53933683762827
159.60528723625276
159.62544247947707
159.64403072302485
159.66787421489528
159.68988282780933
159.70386514553397
159.72091444535477
159.73821784597172
159.74395445064874
159.75637779352056
159.756098185322
159.80585357200496
159.8141012750662
159.84157557052563
159.8698664759339
159.87081925042946
159.89046156779256
159.89346664241558
159.96433017471384
159.97797011477977
160.00646736202685
160.00979419412033
160.02963573356695
160.0290418879699
160.03649397587304
160.0846489807849
160.08421804967125
160.12953934254134
160.1475697677791
160.16694164785605
160.18310641370965
160.2135123222233
160.22753816144902
160.27224363738299
160.27454170318293
160.27369750427556
160.27417620335947
160.31180609133162
160.3113336634791
160.32335210746788
160.3415888637739
160.35606908187603
160.36904763317736
160.38064079278723
160.37751084087978
160.39220067093567
160.42041822508713
160.43315340261344
160.4847775495549
160.4988187249553
160.49807275126997
160.55751212312327
160.57387251153258
160.61947708731114
160.6696558171471
160.69053977990268
160.69684780014757
160.71238248287727
160.71230806588062
160.7123168953266
160.7175005175224
160.74569845602966
160.75906845503005
160.80231994912825
160.8073776645943
160.8487877443359
160.87964973729098
160.8941830442846
160.9126826036713
160.9240985327033
160.98215323096954
161.02293628554128
161.02217071862663
161.06501315390275
161.0918786090481
161.1220176919124
161.1536163866606
161.16265127858597
161.17796185785812
161.2377188529831
161.2576414387099
161.27131670600843
161.27349430793666
161.28719470178666
161.3019779496313
161.31251236643558
161.32327388412097
161.32867118250056
161.36371968600463
161.36113207194288
161.39165527935285
161.43309639491866
161.43480137860305
161.43534138854682
161.45850114412428
161.4599476897779
161.51513119044435
161.53745797634315
161.53977276154308
161.541898218021
161.59791994067666
161.60001952448704
161.60422181779074
161.6122421333768
161.6537023496142
161.65178618407367
161.68181339513816
161.7546659439407
161.76898348484644
161.77060638070404
161.78173098453271
161.83228722811728
161.8489430451656
161.8486473649949
161.90715009309395
161.91794944212558
161.93065311716998
161.9707182698073
161.9872231266523
162.0057935670628
162.04130875276599
162.03644528985643
162.03990093796548
162.08133519051995
162.08107693471896
162.1395709563483
162.17252026761318
162.21424726961982
162.22073546349958
162.2184643334848
162.22183356619374
162.26627379918673
162.27798559247034
162.29646437342896
162.3095175110958
162.31018695117874
162.31853874469112
162.33527018835582
162.3533238691543
162.35682161376835
162.35888767595029
162.39507619140025
162.41241929659066
162.43014276993574
162.42892728468286
162.4282513040956
162.4274048533594
162.44251793954513
162.44887042833025
162.4585544293592
162.46067497580444
162.46014063869623
162.46209568919465
162.4739385074846
162.47261444560183
162.49231338257584
162.5330638732519
162.59134502318878
162.60091839178406
162.60438778053677
162.65808279027908
162.67366396867533
162.68777235008235
162.70335942020444
162.72871519464326
162.74240071943058
162.74257824145565
162.7433731636162
162.7566139783058
162.7590685946208
162.8044873829869
162.84048991587008
162.8525795553175
162.91167459829666
162.91456663283927
162.93698022638927
162.9531464663408
162.99443207606956
163.03310543644125
163.0325933190323
163.04262033743467
163.0543355325653
163.06546169418434
163.12129120335936
163.14762433284193
163.1592823463168
163.17564815475635
163.1965701245771
163.19863969851687
163.205303952605
163.24314073227444
163.24392471226506
163.25918323078312
163.2590356687678
163.2821925929967
163.31042927483318
163.31308877596092
163.31358380531984
163.31534024610474
163.35818628193005
163.36061756591562
163.35987955780843
163.38208775564252
163.38191987418296
163.3878910948398
163.40103783731573
163.4135405958635
163.43610343909128
163.45498982895643
163.46235091876852
163.4705615655717
163.4955956631976
163.50850739552757
163.5386114113901
163.54076497313
163.55594061274897
163.55734230903923
163.55652103998705
163.56851526408315
163.57246411150487
163.5716584201682
163.58144200977569
163.58413574558818
163.60280583183481
163.64152439896478
163.67181836621404
163.67145129205923
163.71506750391714
163.74509289544136
163.75010604172934
163.75733834346374
163.75761580490632
163.75645191408609
163.79747294777826
163.85404468469557
163.8558292536835
163.86430502881518
163.86621763785297
163.86676500220725
163.8917512435533
163.90743702992097
163.91808444692361
163.94800258590294
163.94902692551454
163.95316620138755
163.98866613038493
163.98805798460543
164.0463507572418
164.05093914479053
164.09140466616316
164.09440494729438
164.137891489961
164.1386816696691
164.13948146111247
164.13492643765514
164.14671473763545
164.16802169321267
164.1707837883578
164.17428634929738
164.18309654344063
164.1883886933717
164.20298380318167
164.20347086814735
164.21167400720276
164.21624825682994
164.21864322516814
164.23120331450835
164.26981093435708
164.2693238492409
164.29427098069675
164.31357435975212
164.31821724012931
164.31911241940003
164.32832057830126
164.33221609347515
164.3665324248281
164.36672168951327
164.3959558180839
164.39525260675623
164.39899423784829
164.40243968531365
164.41111752933483
164.44635250821716
164.445026542886
164.4449826774802
164.44659270928523
164.45395102768205
164.46987687172037
164.50107623724844
164.53829266751717
164.54113053783198
164.5396345247593
164.5466141828647
164.54810463452853
164.54952730043
164.55010367170837
164.5497132987721
164.57598458939856
164.5755635143224
164.57529986985767
164.57418951103654
164.57381379934677
164.5900207563512
164.61895923851282
164.62708459555733
164.62947280122881
164.64195758038107
164.6513835225677
164.68169826278623
164.68875894953365
164.68878064225342
164.69095860617426
164.69529390485158
164.6961623503187
164.69546612760212
164.69571344971234
164.69496648843406
164.6919306361211
164.6961623503187
164.69986672659573
164.70075603887847
164.70009063013865
164.7007940260553
164.7014750174759
164.7021381091779
164.70243195674755
164.70355292829151
164.72605705200903
164.73442423583913
164.73555533541676
164.73548478150556
164.74003009199524
164.7408946529707
164.74177220239852
164.7493697456938
164.74862872526643
164.75634320428694
164.76103685522293
164.76873404767753
164.77744223771344
164.77803123917496
164.77714542910456
164.79572198669274
164.79764684279803
164.7977570838704
164.80132352346337
164.8047327462364
164.81396312647632
164.8136737717742
164.8232812888936
164.8401268110408
164.84129489343022
164.84110745590456
164.84531454679808
164.84917579275478
164.85369169426363
164.85182164408974
164.85277918857795
164.85226665417667
164.85991891693322
164.87129979515254
164.8838246919037
164.883841473662
164.89538214990733
164.9000033402588
164.90427409086433
164.91145819579782
164.91933133408776
164.92037324483996
164.92913787689537
164.9362360078716
164.9370239939462
164.93767739167504
164.9419330254626
164.94204524821944
164.94553004263008
164.94531423548673
164.95676582727847
164.96020131450118
164.95991436236915
164.96167996203854
164.9656933957541
164.9674215700987
164.96787285122372
164.96785125303228
164.96797559022048
164.9687662283043
164.96898337900117
164.9693948646491
164.9685478640408
164.96881608662457
164.96946424652342
164.995552162786
165.00676910191058
165.00688487457933
165.00748585499412
165.01223109719984
165.01908520395028
165.01907105064686
165.02235607803806
165.02297231783157
165.02400237618315
165.04527276868362
165.05090631909448
165.05111262253448
165.0558607223794
165.05620812825777
165.06008945937467
165.07310704128597
165.07651541763119
165.0815906433926
165.09836485165638
165.10361324840406
165.1042533555857
165.11463126271838
165.11445665597847
165.1146713956382
165.11624588406966
165.11793054487438
165.12127034797578
165.12934709879514
165.12966016597125
165.13101432868723
165.13457295300572
165.14217712119296
165.1489143460221
165.16253062702083
165.16256683190161
165.16245889154715
165.1763335354506
165.17585849290876
165.17583874207355
165.17516883421632
165.18556845171662
165.189261348959
165.19635660431848
165.19665769409642
165.19704053810563
165.19696693043284
165.19689405642202
165.19840733197532
165.19948459298178
165.20807240952064
165.21608102520452
165.2159067696989
165.21545851328574
165.22047085591475
165.22247658564447
165.22999195724498
165.23433551750435
165.2381803808756
165.23839201562978
