with mode=3, handoff cost coefficient = 1.0
158.1146569850532
158.48643541795337
158.57735412790504
158.9154861689796
159.14742921085937
160.2217815592882
160.5526272164545
160.56487100214798
160.92970061605746
160.95655212515766
160.9565292259286
161.1894168991916
161.26534429713817
161.4809313459572
161.6806154554428
161.7299338650506
161.9042751553651
162.25034459781006
162.25032059595407
162.27498759643765
162.652093837593
162.65211771075747
162.66080022015637
162.7281537255936
162.73883277453422
162.74313150163073
162.75564024975628
162.75558903795613
162.75556082838744
163.01666714668804
163.15774483944503
163.15769716023846
163.15778267228504
163.36404351722544
163.3752567227605
163.42446183090738
163.42450085090258
163.42449717023666
163.4298584942649
163.42974016687856
163.42985182063654
163.4527933463213
163.60672091342573
163.63617234130692
163.6361996051055
163.64284464576247
163.64290129829075
163.64284253021864
163.64284664740606
163.64565621668612
163.64558472312336
163.64553930116202
163.64553930116202
163.64553930116202
163.64553930116202
163.96092374939983
163.9589941043163
163.95889578576939
163.96243701345375
163.96243701345375
163.9631069723144
163.96629105100152
163.97711129499538
163.9771857291515
163.97727941742104
163.96943858237
163.96943858237
163.97832651674887
163.97832651674887
163.97824314989253
163.9854014826992
163.98535204696924
163.98535204696924
163.98928687938837
163.9904288103208
163.99109269208836
163.9911377406896
163.99116700050618
164.7751336414988
164.77512899412253
164.7790733212501
164.77907815407568
164.78320788644058
164.78401237624706
164.79049930854165
164.79011862215617
164.81073648476814
164.8113876295551
164.8161205008152
164.81613408639834
164.81790608614034
164.81785620064056
164.8178108891276
164.81842618088314
164.82462497481293
164.8444867421948
164.84512567433413
164.84149081169647
164.84512177273447
164.84761398098672
164.84761796110567
164.84761796110567
164.84767662891196
164.84767662891196
164.852323894495
164.852323894495
164.85235531238126
164.85233890013708
164.85233890013708
164.85233890013708
164.8550991683203
164.85947427835234
164.8594821306008
164.85949100140851
164.8583076012945
164.8833246399958
164.88331595280582
164.89773081257826
164.89789787129604
164.89792002426145
164.89792689766986
164.90069398198918
164.90069398198918
164.90071087205703
164.9007651367822
164.9007651367822
164.90284805670078
164.90283701453848
164.9050563922477
164.90503298233946
164.90777343015148
164.9098077082461
164.9098085864792
164.9108577743743
164.9108810804687
164.9108810804687
164.9108810804687
164.9108810804687
164.9108810804687
164.9108810804687
164.9108810804687
164.91320497780094
164.91320497780094
164.91405960599525
164.9140879032311
164.9140879032311
164.9140879032311
164.9177596327982
164.91848199111806
164.9184977514636
164.9179579735736
164.94283419161118
164.94285377543446
164.94283428768713
164.94282424177288
164.9453293150178
164.9453293150178
164.95485866485961
164.9548603545963
164.95485470005997
164.9565237065721
164.9565237065721
164.9565237065721
164.95651070417046
164.95651070417046
164.95651070417046
164.95651070417046
164.96243107304218
164.96263436097854
164.9627318059941
164.96273681646312
164.96273681646312
164.96273681646312
164.96273681646312
164.9651912097408
164.9651462114577
164.96803148687712
164.96802174592233
164.9680468087173
164.96799749965692
164.96799749965692
164.96799749965692
164.96799749965692
164.96799749965692
164.96799749965692
164.97238808488936
164.972437644377
164.97243571547114
164.9719235085096
164.9719235085096
164.9719235085096
164.9719235085096
164.9719235085096
164.9719235085096
164.9719235085096
164.9719235085096
164.9719235085096
164.9719235085096
164.9719235085096
164.9719235085096
164.9719235085096
164.9719235085096
164.9719235085096
164.9768411683422
164.97759917641227
164.97629705054425
164.97629163388478
164.97629163388478
164.97629163388478
164.97629163388478
164.97629163388478
164.97629163388478
164.97629163388478
164.97629163388478
164.9791702100041
164.9792049009487
164.9792049009487
164.97928738086856
164.97928738086856
164.97928738086856
164.98112908144853
164.98112908144853
164.98117580566512
164.9839206645951
164.98389754830478
164.98379450132614
164.98382614439865
164.98382614439865
164.98382614439865
164.98382614439865
164.99078513058444
164.99292749597143
164.9910557698105
164.992926851447
164.9929209086057
164.9929209086057
164.99299223116984
164.99299223116984
164.99299223116984
164.99299223116984
164.99299223116984
164.99299223116984
164.99299223116984
164.99299223116984
164.99299223116984
164.99299223116984
164.99299223116984
164.99299223116984
164.99299223116984
164.99299223116984
164.99299223116984
164.99299223116984
164.99299223116984
164.99299223116984
164.99299223116984
164.99299223116984
164.99299223116984
164.99299223116984
164.99299223116984
164.99299223116984
164.99299223116984
164.99299223116984
164.99299223116984
164.99299223116984
164.99299223116984
164.99299223116984
164.99299223116984
164.99299223116984
164.99299223116984
164.99299223116984
164.99299223116984
164.99299223116984
164.99299223116984
164.99299223116984
164.99299223116984
164.99299223116984
164.99299223116984
164.99299223116984
164.99299223116984
164.99299223116984
164.99299223116984
164.99299223116984
164.99299223116984
164.99299223116984
164.99299223116984
164.99299223116984
164.99299223116984
164.99299223116984
164.99299223116984
164.99299223116984
164.99299223116984
164.99299223116984
164.99299223116984
164.99299223116984
164.99299223116984
164.99299223116984
164.99299223116984
164.99299223116984
164.99299223116984
164.99299223116984
164.99299223116984
164.99299223116984
164.99299223116984
164.99299223116984
164.99299223116984
164.99299223116984
164.99299223116984
164.99299223116984
164.99299223116984
164.99299223116984
164.99299223116984
164.99299223116984
164.99299223116984
164.99299223116984
164.99299223116984
164.99299223116984
164.99299223116984
164.99467048468532
164.99502744512088
164.99516256787194
164.99545242265907
164.99545242265907
164.99545242265907
164.99545242265907
164.99545242265907
164.99545242265907
164.99545242265907
164.99545242265907
164.99545242265907
164.99545242265907
164.99545242265907
164.99882149744818
164.99890324365094
164.9989622627161
165.34132386692326
165.33819894587447
165.3387807427094
165.3392983032258
165.3392983032258
165.3392983032258
165.46179414041148
165.46177669278632
165.46180126836708
165.4614090198231
165.4614090198231
165.4614090198231
165.4614090198231
165.4614090198231
165.4614090198231
165.4614090198231
165.4614090198231
165.4614090198231
165.4614090198231
165.4614090198231
165.4614090198231
165.4614090198231
165.4614090198231
165.4614090198231
165.4614090198231
165.4614090198231
165.4614090198231
165.4614090198231
165.4614090198231
165.4614090198231
165.4614090198231
165.4614090198231
165.4614090198231
165.4614090198231
165.4614090198231
165.4614090198231
165.4614090198231
165.4614090198231
165.4614090198231
165.4614090198231
165.4614090198231
165.4614090198231
165.4614090198231
165.4614090198231
165.4614090198231
165.4614090198231
165.4614090198231
165.4614090198231
165.4614090198231
165.51806404182946
165.5164518169824
165.51647974895658
165.51647302012015
165.51647302012015
165.51647302012015
165.51647302012015
165.51647302012015
165.51647302012015
165.51647302012015
165.51647302012015
165.51647302012015
165.51647302012015
165.51647302012015
165.51647302012015
165.51647302012015
165.51647302012015
165.51647302012015
165.51647302012015
165.51815356557205
165.51815356557205
165.5181720503647
165.51846972291247
165.51846972291247
165.51981730716594
165.51981730716594
165.51981730716594
165.52010613971117
165.52010613971117
165.5245179916639
165.52488835041112
165.52488278984413
165.52488558863382
165.52488558863382
165.52488558863382
165.52488558863382
165.52488558863382
165.52488558863382
165.52488558863382
165.52488558863382
165.52488558863382
165.52488558863382
165.52488558863382
165.52488558863382
165.52488558863382
165.52488558863382
165.52488558863382
165.52488558863382
165.52488558863382
165.52488558863382
165.52488558863382
165.52488558863382
165.52488558863382
165.52488558863382
165.52488558863382
165.52488558863382
165.52488558863382
165.52488558863382
165.52655073215027
165.52655073215027
165.52655073215027
165.5293531637954
165.52979935080106
165.52904152553043
165.5290249361954
165.5290249361954
165.5290249361954
165.5290249361954
165.5290249361954
165.5290249361954
165.5290249361954
165.5290249361954
165.5290249361954
165.5290249361954
165.5290249361954
165.5290249361954
165.53147618611015
165.53197418394905
165.53197127710123
165.53198225632124
165.53500139281238
165.53548045527424
165.53546075853677
165.53633049421381
165.53633049421381
165.53633049421381
165.53633049421381
165.53633049421381
165.53633049421381
165.53633049421381
165.53633049421381
165.53633049421381
165.53633049421381
165.53633049421381
165.53633049421381
165.53633049421381
165.53633049421381
165.53633049421381
165.53633049421381
165.53633049421381
165.53633049421381
165.53633049421381
165.53633049421381
165.53633049421381
165.53633049421381
165.53633049421381
165.53633049421381
165.53633049421381
165.5368977636951
165.5376234554302
165.5378085724604
165.5378085724604
165.5378085724604
165.5378085724604
165.5378085724604
165.5378085724604
165.5378085724604
165.5378085724604
165.5368977636951
