with mode=0, handoff cost coefficient = 1.0
158.1146569850532
158.11212039774853
158.10155887646064
158.10155677825642
158.1155367779393
158.12335765273716
158.12334871290466
158.14077799622882
158.17015017279186
158.1851328743728
158.18506303748626
158.18371057302255
158.18506303748626
158.1949760474528
158.18218733520558
158.1808346074588
158.28334918074933
158.30470677434425
158.30470862288786
158.32244358623404
158.32244173769044
158.32243662822736
158.32220032503972
158.31924407311118
158.32244358623404
158.322426675828
158.32531819600817
158.32795688857232
158.32795611323544
158.38413261030107
158.55153543823178
158.5580100209845
158.55908503231817
158.5590926478989
158.57676179332344
158.58970569944884
158.61188865886825
158.61151784495692
158.61355596406634
158.6135548299665
158.6135553473079
158.61916659169472
158.61932554959654
158.61932573714876
158.6767701364671
158.68159378589803
158.68346037288077
158.6834611826771
158.68337991817825
158.68693124881977
158.68365148283453
158.72764195519693
158.73125551726955
158.76433589517964
158.76767370551434
158.76918907482235
158.76801322126377
158.81122930356094
158.8136589230833
158.84095410577672
158.87754898344824
158.8736301324444
158.8736286315678
158.8738466495418
158.87384687187992
158.908950901054
158.90868032266974
158.91292113972136
158.9137521710345
158.91099252747665
158.91409315435598
158.92872975135236
158.94715368882993
158.97530106477157
158.9790669818737
158.97941162618616
158.97953180588783
158.98435151845072
158.98435098983123
158.98760701286827
159.00855500287477
159.0440207083923
159.0441578828927
159.0441586633773
159.0441593333748
159.04191028395167
159.09688501579257
159.08835804479372
159.0906057957755
159.14478929591314
159.14481693997328
159.1448273100081
159.15689002795693
159.15751330059385
159.15964081673076
159.17807673076248
159.18869995629592
159.18889970969963
159.18834655646833
159.18961521793162
159.19036066667235
159.1986235996169
159.19863018839925
159.1990560233138
159.2008553914957
159.2029723020938
159.204011624716
159.2026981959026
159.20418882768513
159.20443465471863
159.20427630937434
159.24213785920136
159.24268437622663
159.24601641523273
159.24851046724154
159.2485103764483
159.2487093727425
159.24871464123572
159.24829206041113
159.24879781523185
159.28487832407987
159.30137131943385
159.29926320219766
159.2992634028396
159.29428461991114
159.2938305893799
159.30137131943385
159.30394914794684
159.3086268382265
159.30874579351365
159.3085195534423
159.3242146403745
159.32443210139735
159.32431388621475
159.32431949860856
159.32480886530442
159.40975888744939
159.41018398776407
159.4254728593698
159.44009894520985
159.44066190143388
159.44028813509402
159.44038848477092
159.44728724730953
159.45362147667996
159.4536208355769
159.46803190437808
159.46803552370028
159.46803560300083
159.4678175666138
159.4715676113064
159.47155700390027
159.47196281417078
159.5024398736072
159.51844515113945
159.5184751660907
159.51847918432304
159.51840583524125
159.51843339087003
159.5184572626123
159.5184751660907
159.51870307474977
159.51928517600754
159.51963311954574
159.5197427427429
159.51974402307798
159.51978754119625
159.51977033501845
159.52086318791783
159.52356975033933
159.52363785985722
159.52373915759404
159.53067535991485
159.53121103377018
159.53158186345308
159.53159997886513
159.53164516711365
159.53171113228802
159.53180403301414
159.532280636625
159.535043142328
159.53524704154606
159.53524746631632
159.53524825600095
159.53528878539237
159.53526934817026
159.53583713766707
159.53838068818501
159.5808689928528
159.58087006349834
159.59298640911715
159.59581280423248
159.59597869060465
159.59601636150862
159.60328990529777
159.6032862711056
159.60331382386943
159.60311161492416
159.60415307689587
159.60533803086645
159.60630732675165
159.60633441633973
159.62166065128528
159.62166771224273
159.62226451456456
159.62528582512076
159.6254928427997
159.62549298664413
159.6254977027516
159.62559597866806
159.62559785896423
159.62701048995433
159.66946902801436
159.66985322781812
159.6698649923064
159.66983545927764
159.66958901175548
159.67158930241513
159.6716248700005
159.67166188249738
159.673797913576
159.68081476809343
159.6813224223581
159.6817742598982
159.6874012251324
159.68740131797148
159.6877764828216
159.68775958115717
159.68796495786864
159.68879438500036
159.6891481715445
159.69047171678272
159.6906729358139
159.69124852068006
159.6913788539229
159.6937446790433
159.6946633761244
159.69469726571438
159.69487030552304
159.69489746881587
159.69496649163943
159.69481620104546
159.7100760870495
159.71007681570836
159.7100949648034
159.7103519095674
159.70990651366387
159.72206920739475
159.72424450653614
159.73020098894912
159.74433395743338
159.74449384955417
159.75982294987818
159.7598229752022
159.75980338150018
159.76064503643133
159.76075277939339
159.7607529253947
159.76075301633892
159.76093406014508
159.76096322934416
159.76129973255996
159.769226347608
159.76922653053157
159.76927781612915
159.7756846580987
159.77573548570479
159.77573574891392
159.77713962529273
159.78295473856969
159.78359394811386
159.78359017106794
159.78359152367753
159.78359678351785
159.78347050876778
159.78467323759375
159.78473337483177
159.7849210287868
159.78491766815097
159.7844340155788
159.78439475989956
159.78507539561326
159.78517971699264
159.7968557441457
159.7969051053972
159.79690564255557
159.8119752835256
159.81215717691353
159.81302078847997
159.8209082044577
159.82105373946268
159.82106337706668
159.8211160836681
159.8211163391652
159.83642278422252
159.8370993178272
159.8371003671661
159.8371093188539
159.8375374844153
159.8376870815678
159.8371381075919
159.83631575660212
159.83631587140687
159.83851404390091
159.8385583675635
159.84444173980046
159.84455303594106
159.844435813551
159.84442982957995
159.84443228668823
159.84443518997486
159.84499443634311
159.84503867639128
159.8458716254793
159.84608139647213
159.8461960295152
159.8461974751675
159.8461978769659
159.84649971990507
159.84645422339122
159.84649075246006
159.84674649748746
159.85882556294177
159.8588257978216
159.8608998928644
159.8679465434936
159.86814354877242
159.8682075365373
159.87015465947988
159.87078030363895
159.87082774863578
159.87083015865693
159.87083023593465
159.87084883220606
159.87097000514038
159.8709856458952
159.87109208767214
159.87162504569523
159.87162504656095
159.8719212596933
159.8719212266297
159.87200117526612
159.8720011263653
159.87238049429365
159.8864337061063
159.88642790476985
159.88642944401724
159.89199857686413
159.89389068862334
159.89397034830705
159.893981705449
159.89398348882844
159.89407414855995
159.89409109504848
159.894046716487
159.89427814051075
159.89431774972536
159.89433637533503
159.89530414082247
159.89708053002988
159.9028477229864
159.90286116585077
159.90301099338373
159.9030115047873
159.90355493660985
159.90359106657036
159.90379784521588
159.90380586891604
159.90321137447103
159.90321262108455
159.9030761345205
159.90379784521588
159.90762861716178
159.90783754717796
159.90779046978275
159.90781534492623
159.90868348627558
159.90872721852352
159.90881197102706
159.90965274861531
159.909681982666
159.9096151085002
159.9096151222696
159.90971650444538
159.90964099700045
159.9097450081004
159.910804861753
159.91129383485128
159.91129615880567
159.91140906298406
159.9123753565297
159.91244358193183
159.9124612911222
159.91246164233945
159.91246262830055
159.91536560887704
159.92256613974018
159.9225854759118
159.92258633181052
159.92259720703973
159.9226836450451
159.92268375656786
159.9227576375733
159.92284017596774
159.9228692239295
159.92154587194136
159.92156616465687
159.92927324636153
159.92930007441473
159.92932643136936
159.92933052907958
159.9294007477577
159.92952226500609
159.95086774195613
159.95097464815166
159.95189873956926
159.9518988023461
159.95190520819236
159.95210914657645
159.97344905802092
159.9734497063072
159.97627636911963
159.97640373996035
159.97643298663124
159.97645155543054
159.97644138749683
159.97644143209178
159.97647649567466
159.9764211737239
159.9764263607376
159.97629375192224
159.97627114070153
159.98200041820652
159.9820010265687
159.98216164596732
159.98246694628324
159.98249149754082
159.98256517879253
159.98259627402896
159.98342341044616
159.98404110035185
159.98401899122806
159.9840397672115
159.99126492906314
159.99128754152568
159.9914254648967
159.99143132845
159.99144271844622
159.99143832717675
159.99144718479522
159.99141966139638
159.99142404960776
159.99144271844622
159.99144575648916
159.99144969526435
159.9914529863351
159.99145469656565
159.99147145430646
159.99146338110722
159.9918849262353
159.9918849480989
159.9919190169656
159.9919242585253
159.99193060099998
159.99338566418592
159.99339461580786
159.99339883873864
159.99339016250002
159.9938189116362
159.9938271699758
159.99389448637004
159.99750327153342
159.99750325499545
159.99759516635314
159.99759543399935
159.99762035971202
159.99767606804102
160.0005273231509
160.000512988745
160.00051507630457
160.00051674688245
160.00051818074758
160.0005273231509
160.00052808757948
160.00053272640028
160.0024600686495
160.00246365294387
160.00256264456246
160.00335369878232
160.00336301415848
160.0033676061439
160.0034011653743
160.00353138332247
160.00358505740212
160.00361201353292
160.00362110198398
160.0036471859636
160.00364719073855
160.00365731508515
160.00367849288557
160.00376851141522
