with mode=1, handoff cost coefficient = 1.0
134.62879560027943
134.64350462532715
134.663443967847
134.72788583268547
134.7417040387992
134.78692258340587
134.84543935169808
134.86137544919288
134.90391412963635
134.91785919762492
134.92627681867057
134.95160091341447
134.96344979570875
135.00402547580669
135.042712975258
135.05724131532372
135.08308666939362
135.09166575038296
135.1471912232586
135.16009852220967
135.17636737366584
135.18245481658093
135.18582068080252
135.19210331778876
135.26662172955426
135.3208866339502
135.3247503354458
135.3660786439589
135.4110976202503
135.43004952482585
135.5345421091846
135.6021238470706
135.64401751908943
135.6515162200179
135.68229247512178
135.8034149764719
135.83727130747513
135.88016259904478
135.88039692703376
135.92336734422935
135.9667024408518
135.97581641996769
136.00324791803052
136.01068770634777
136.0506488543858
136.04976977936863
136.05437710185655
136.057927829947
136.1226623826826
136.16585529121804
136.16640644503136
136.22078941223572
136.26581655250652
136.2920854333007
136.2997109590095
136.32003667907304
136.34840293945422
136.36565629457098
136.36818238964293
136.36927075966136
136.42164451842223
136.45154849187114
136.47302981029543
136.51179372452074
136.55065232301084
136.5639061867764
136.56386779577358
136.57766438045786
136.63565636220437
136.65091176518987
136.66278148701034
136.66943022252332
136.71535322348944
136.72918077314588
136.76134298555516
136.7962674546509
136.7976158591948
136.87735948186938
136.90157853644794
136.90797690222448
136.9132940162231
136.915235436812
136.9549090734918
136.9877245305649
136.9933364623052
136.99895102019246
137.02085760414653
137.03311070259548
137.0322989458643
137.10373066361763
137.1639987811608
137.163707315396
137.23266363659516
137.2740117133031
137.28491297650064
137.30549747332566
137.3273266665609
137.34677444355222
137.3483383180781
137.42593554173007
137.48151660113754
137.49841400651118
137.55101886920576
137.57496322953222
137.61073726279366
137.6286659797677
137.66626411250405
137.66609168527472
137.692705291862
137.73160342835553
137.76789018106703
137.78373905799572
137.81135150805744
137.8678436855458
137.86858552952674
137.87474278029043
137.87418799371898
137.8997318782021
137.93936840958816
137.94071603492813
137.9603680567496
137.9598483542499
137.99968639002012
138.00478747274144
138.01143425525652
138.03380949395822
138.08934035053124
138.10336749029983
138.11728795810058
138.12088948858514
138.15941475894297
138.18070135114934
138.18091119169438
138.21534330138508
138.23145600172643
138.23306656591933
138.23370414614413
138.24923430652572
138.24841848656308
138.26090311922013
138.3152065520219
138.36457041480946
138.3955024321387
138.4342859049805
138.46546692664796
138.46659735649158
138.46786433840714
138.50809557966826
138.51198249602396
138.54966723532524
138.56238261420324
138.578545917944
138.61653007029645
138.67044404414332
138.68808967483005
138.7672038763191
138.8017650873328
138.84055221825685
138.84271428565756
138.89255181894347
138.94594060440727
138.98356158242535
139.0247967273183
139.0480670070819
139.08513479312728
139.0984542409868
139.11109656854237
139.11058215063758
139.1117782120533
139.12882961077543
139.12935871569465
139.15030814150774
139.1887034194474
139.18746787848983
139.26191073779088
139.2827392600838
139.30571174887905
139.3059419021385
139.3050304775103
139.30423647869281
139.30361725897387
139.30387189748066
139.39118883465818
139.4094216132359
139.43002999009977
139.4525381528047
139.45521771568272
139.4714455675758
139.50082518811854
139.57307777792346
139.6595860071914
139.66311667817516
139.6626827158091
139.70118215944746
139.7001765833648
139.6992932919122
139.73792721407958
139.73757527757866
139.7781212824769
139.8294131817161
139.8431953552606
139.93360875407546
139.94744717553326
139.98402206785437
140.00030023205576
140.02361317428512
140.02764513706651
140.0560766291103
140.12583800612026
140.19747140178993
140.19736463892974
140.19674795812094
140.19956768820254
140.1987745992114
140.2126301914167
140.21193720060688
140.25280907462223
140.2834783928538
140.31639607358727
140.3235481489166
140.3604057106031
140.37650795500508
140.37641821624277
140.41300388153948
140.41597859704564
140.41878675060443
140.44860074039266
140.49748209317863
140.5100749710481
140.52225496784993
140.58108289217375
140.6227408688625
140.63872591045424
140.63985359461873
140.64385050329508
140.64373630566143
140.64378609246594
140.65786786522216
140.67025651297232
140.6713932626938
140.68386672101778
140.6828181357058
140.7368868869849
140.77576807621296
140.8079473321357
140.8084774454612
140.86313714229735
140.8750586520255
140.87500306134126
140.87444814519438
140.87322157526467
140.90874287639824
140.96071699801143
140.96392309767472
140.96482897167192
140.965322472578
140.98099971056587
141.03004804464229
141.06739387549027
141.06684042318108
141.07978730389559
141.07986387128983
141.09872421036636
141.09914865895524
141.12416566073682
141.16285210039507
141.19406084749116
141.21322235670763
141.2268033326998
141.22709805670337
141.2279209240795
141.28240683574055
141.30296353487816
141.31587210835795
141.35198421879625
141.37158071803196
141.37368691384196
141.42955564946988
141.44851224823591
141.44900770203262
141.5223204589383
141.52017072011793
141.52013809700247
141.52274057457578
141.52323171720332
141.55833431902414
141.5589112931748
141.5761467472187
141.62709262713912
141.66369652609202
141.66590362590767
141.66752276185179
141.7286677454187
141.747801756059
141.7601967908477
141.77861057702614
141.79806383168275
141.81096696850494
141.85825389822952
141.8605972056642
141.897045318769
141.91470415961524
141.92787134429895
141.92884109633172
141.9297022468259
141.93137472862347
141.93279669387078
141.9322874918989
141.9440083570393
141.96252647979412
141.9617544597086
141.9647208797183
141.9642968605182
141.9792949897484
141.97816296767934
141.9795862207905
141.97936894507347
141.99826530481707
142.03343436838938
142.03391390165498
142.03219083676214
142.08582777848596
142.08619097494892
142.0855866823698
142.08440092149672
142.08702624705364
142.0991437834171
142.1156571136646
142.13124781527267
142.13271650294814
142.13224013447996
142.13056192339235
142.1677339447
142.1683609952078
142.1687080118174
142.18522225291812
142.20459480310774
142.20351117231462
142.22557385480516
142.22521041343947
142.22556753904277
142.24294409916706
142.2436514229534
142.2436646265613
142.24342031713206
142.2437932585523
142.2828134504477
142.29993475752875
142.3573292693279
142.37524670865545
142.3739111290913
142.41011378812874
142.42661769758325
142.42785736457483
142.42944683521904
142.43040353485486
142.45205566257115
142.47028122802337
142.47205018328734
142.54525167019614
142.54450751223385
142.58449398883266
142.58681233611532
142.6239025664545
142.63954158103974
142.6740666116345
142.6848927753827
142.7207920818073
142.7213752172224
142.72112263846802
142.73770354763653
142.78508668098962
142.80106653760345
142.80126645889894
142.8007310137908
142.7998912452394
142.80177709002345
142.8021691528589
142.80259298795366
142.8027589591781
142.81517281396316
142.85236721705735
142.85282835412173
142.86296619700252
142.88295285024978
142.88415887191627
142.88451046848277
142.88543117252843
142.94945214507754
142.96104489168195
142.97272881519515
142.9948273598013
143.02217675530147
143.02407247421672
143.02624939357148
143.0257746163793
143.02512304284437
143.0701621973548
143.06952472888253
143.07041156079754
143.0700795192857
143.08504923321934
143.10232169645545
143.12851449575442
143.14702442957886
143.14725933932914
143.17388323424356
143.19035116053396
143.2047471810066
143.2054430235849
143.21969781951245
143.2615160596808
143.27324345694169
143.32813791039425
143.33830057810533
143.3388623187829
143.35485800851217
143.3555352632231
143.40597113887696
143.4166516856152
143.41656598206498
143.4166075481069
143.4171366640961
143.41742955687516
143.41773959475094
143.41701984827125
143.41603862200807
143.44395450335037
143.44163390491556
143.44254445370143
143.4411749811189
143.44205676139413
143.4525577218543
143.46872966919392
143.5087400162619
143.5098120142349
143.51089761864228
143.5124818825355
143.51237273896234
143.5135377057796
143.54094989635738
143.5435745766884
143.54361056946624
143.57761578046373
143.57908426958932
143.58103174314283
143.60798243082257
143.64615088833497
143.67978975685884
143.72088849183265
143.72161436531113
143.72099577959497
143.72092941071213
143.72285813742525
143.72335757581067
143.7898549084841
143.78907787490542
143.8280773289116
143.82715353514894
143.82682247642967
143.86704658413876
143.86663125895166
143.8674254813577
143.88147271991141
143.88218145984956
143.8828233482602
143.9071499764245
143.91793708306645
143.9175655819924
143.9339141303467
143.93482566323274
143.93552858639202
143.93593782416932
143.95051665975356
143.94989967680007
143.95035596824601
143.9864754000459
144.0218286174783
144.02087797157992
144.0211367647554
144.02103492685598
144.11026880378165
144.1101091224179
144.10940199269803
144.136432025522
144.15234782016182
144.15196487849414
144.15309418199695
144.15309232844766
144.19028742133176
144.19084351171026
144.24046463488816
144.24032590853082
144.23873219791258
144.23773171128977
144.23829628337586
144.24046463488816
144.24073195432894
144.260322458804
144.26049760411826
144.26084981685693
