with mode=0, handoff cost coefficient = 1.0
134.62879560027943
134.64217962256507
134.7766209747772
134.77347023864374
134.7734626294306
134.77385097419472
134.7791466471942
134.7791483320432
134.78423086987559
134.9236512494643
134.9210006937647
134.92100274360837
134.92372767255287
134.92823238554644
135.23116848849094
135.23519297235998
135.2513063547141
135.28332744591066
135.28524523165578
135.30915591881035
135.5056577486514
135.50508097530468
135.50362577458964
135.51438696115952
135.51893819552436
135.51892441446185
135.64741205858235
135.64742583964485
135.67750472833646
135.680665702929
135.68065177284748
135.68437647619763
135.73527732011394
135.74129396357932
135.75627687459186
135.75626355152804
135.75339043224292
135.75339043224292
135.7569450190404
135.7597213489877
135.75974655228939
135.80020659691917
135.80192585612457
135.79852193956881
135.7871906479943
135.78306241706778
135.80339688287035
135.80105515357545
135.79515989686476
135.97133406557214
135.97308145244824
135.98366801558046
135.98885027817192
135.98885075968815
135.98887855358944
135.99232290379032
135.99232243197332
135.99111647469087
135.99111097537403
135.9916942144511
135.9928910168812
135.98959311546128
135.98834287265743
135.98940565538214
135.98544152961512
136.2925731407189
136.2925734398152
136.2992351674977
136.2992389993609
136.31284425013646
136.31039444853832
136.30930237764568
136.3013062667897
136.30239833768235
136.31284425013646
136.3310784509945
136.3313653629521
136.3313653629521
136.3320359269427
136.33230592622604
136.33230592622604
136.33253899653215
136.33352884224308
136.33352884224308
136.3328397851501
136.38670966834198
136.38798423549065
136.390652752997
136.39058776963725
136.38993592574926
136.3923716975906
136.391168438113
136.39636715405572
136.39578840972982
136.41554214205988
136.41478955846242
136.4177072921201
136.4184369606805
136.4178244951237
136.41753685345634
136.41802122479936
136.4180242276811
136.4184369606805
136.49764873039194
136.5016034010178
136.5036613883664
136.5059273541494
136.5069544881092
136.50620770308666
136.50621613198467
136.50622779000815
136.50604825460533
136.5069544881092
136.5069550928889
136.5069556820866
136.50729842892636
136.5073258511334
136.5077729578113
136.50809332617055
136.52836074049236
136.5460817627446
136.54615908245606
136.546197611623
136.54620196223397
136.54617990867024
136.5472583428706
136.5474073961187
136.54761024252912
136.5476447730805
136.54764959895658
136.55212173000174
136.55212789168638
136.55738431099797
136.55738431099797
136.55735615259718
136.55771777509244
136.5783362995038
136.578343306712
136.57833707230296
136.58286495196504
136.5828251998689
136.58326479602857
136.5839975570185
136.58457328888264
136.5845870378026
136.5845885594535
136.62315665404924
136.6443477116821
136.6443593459833
136.6443593459833
136.6443831419386
136.6447451387809
136.6453435925382
136.64534365673384
136.6484204312283
136.6485672760879
136.6486968659701
136.64889578830233
136.6488942181278
136.64919328788608
136.66690781784249
136.6673249018257
136.6674275406079
136.6674739468421
136.66760008408266
136.66914035608275
136.67338253343564
136.6870107733178
136.6912007154479
136.70887782151914
136.70918464036268
136.7092123808716
136.7478842952973
136.74797180054514
136.74798186867793
136.74798214492563
136.74798677819376
136.7481669733865
136.74826063211827
136.74847615230863
136.78707844530032
136.78946926937402
136.80330780449694
136.8047628715715
136.80481044155064
136.84343456859233
136.8438880217496
136.8440194855246
136.8440641281762
136.84408577165158
136.8441607611504
136.88235786865383
136.88271662293096
136.88295608807593
136.88295608807593
136.88295656424924
136.88356062634097
136.88370597397125
136.88373972516524
136.88375280890273
136.88383836468
136.88380573229145
136.88521274958535
136.8852261444385
136.88528388827416
136.88556817347376
136.88557415634938
136.88557828551973
136.88565310421046
136.88596564332784
136.88616331775864
136.88749568610967
136.88779143746768
136.888124703024
136.88824205895816
136.88821544512427
136.88821897985682
136.88821897985682
136.88842488932534
136.88842202945216
136.9282600472312
136.92842867625322
136.9284467629884
136.92847285402192
136.9284627653543
136.9286975492771
136.92889233473863
136.92889278143963
136.9289381203182
136.9292579763054
136.9292877247296
136.93339672408058
136.93339688414517
136.9333969377284
136.9333676104426
136.97222164682532
136.97222164682532
136.97222267422387
136.97234903061974
136.9723301897177
137.01077140032928
137.01078008971143
137.01078010735424
137.03151040647245
137.03234394820515
137.032309463571
137.05000724340792
137.05004051939008
137.05038307261717
137.05022081337444
137.0502210472082
137.05031950761617
137.0504234039392
137.0505725155341
137.05085815120657
137.05094104941142
137.05113504252049
137.05113504252049
137.05136428698796
137.0550361582293
137.05505608683725
137.05501310826062
137.0551794694801
137.05532003664797
137.05566499278706
137.05566499278706
137.05587244479625
137.0557107222978
137.0564469180621
137.0603711876942
137.0604698179682
137.06055312188548
137.06079267910778
137.06100215312898
137.08038950346466
137.0805783480392
137.0805904431421
137.0805904431421
137.08076639814456
137.0809539339582
137.0809820402091
137.0811913125365
137.0811911153707
137.08137781012334
137.08137781012334
137.08143542729573
137.0815220346195
137.08152244526622
137.08155005170394
137.08167102098108
137.0817860144844
137.08181147799917
137.08208712469232
137.08220739487982
137.08204324580674
137.08213156197874
137.0833042162087
137.08709820004512
137.08698476308447
137.08712117468505
137.10085482744992
137.10093753886164
137.10093597422136
137.1008344624817
137.10083539542524
137.10083851670402
137.10093753886164
137.10094484773765
137.10094495883652
137.100988309811
137.1029550865094
137.10389713082333
137.1111356757679
137.11119177670963
137.11121104876983
137.11122522473394
137.11123586113138
137.11123586113138
137.11809894204112
137.11811073785182
137.11997775150166
137.12682457007827
137.14622967780687
137.14638493398826
137.14643311871185
137.14643311871185
137.14651420487388
137.14665550251894
137.14670090328343
137.14682673504507
137.14691676977046
137.1469220088566
137.1469222258888
137.14705970326364
137.1471749925989
137.1472024851737
137.14737319096562
137.15420531673422
137.1545592132248
137.15456009132313
137.16137581786316
137.16144788187714
137.1614600160898
137.16146015293006
137.16148348639672
137.1614921613482
137.16156528293536
137.16238453153906
137.1624414852906
137.1625801273421
137.16259013414037
137.16259162971957
137.16292151771688
137.16302553618004
137.16302626767347
137.16316941641207
137.16319281457575
137.16319010601845
137.1633044827504
137.16331884442516
137.16331704767168
137.1633870587337
137.16337307959913
137.17372478659442
137.17372478659442
137.18254146043438
137.18260800746336
137.1826480085054
137.19145392411312
137.19150812468828
137.19152411091093
137.19153064261488
137.19163453307425
137.19162828271263
137.19160409459022
137.19160417750092
137.19161872913486
137.1925342817421
137.19284716337782
137.1928471645591
137.19284728201364
137.19293892373935
137.21234085169814
137.2123390594437
137.21912860778224
137.22113006711086
137.22120809246064
137.22128676569312
137.2212871688283
137.22156690143674
137.22205629498583
137.22241812598122
137.22243619790862
137.22249816318634
137.24173781268956
137.24171893519326
137.24171896703197
137.24175945607968
137.24184469868055
137.24199400231976
137.24199647320376
137.26123392994413
137.2804629745547
137.28046284765855
137.2804750322993
137.2876449463576
137.28771811175648
137.28770056038536
137.28769768927893
137.2885834973102
137.288583987875
137.28858394886058
137.28858402726138
137.28864424055124
137.2886765758191
137.29547415463395
137.29548453568677
137.2954942438004
137.29549506433543
137.2954952742629
137.31535331992194
137.315416208133
137.33441509949913
137.33446425782194
137.33457863372624
137.33457863372624
137.33459867429497
137.33459870091602
137.3346038054007
137.3346038054007
137.3346063831924
137.33473341355267
137.33476098379188
137.33483024779727
137.33497710172148
137.33695370751397
137.33701624978212
137.33707904786422
137.33708758187478
137.33708758187478
137.3370890839681
137.33670262126327
137.33680695500496
137.3368371432757
137.33684208302535
137.3370890839681
137.33709225459268
137.3370945438997
137.33712461780337
137.33724139981192
137.3376732669026
137.3376832244403
137.33771497104834
137.33771500241704
137.3377152391423
137.3377342657601
137.3411534673687
137.34115729824595
137.34115838624143
137.3411585861633
137.3455576451412
137.3455994023848
137.34563850676614
137.34564072864188
137.3456659519914
137.3456631243831
137.3456631243831
137.3457220717954
137.34572601638715
137.34573136627452
137.34573136627452
137.3457554211867
137.34575573891414
137.34578221529563
137.34580731999995
137.34589929218455
137.34590860370534
137.34590860370534
137.34591287659424
137.34592438031873
137.34949678637975
137.35458065369397
137.35797400716154
137.3580029290038
137.3630756278814
137.37299353188314
137.37299087079893
137.3729908644632
137.37301701872525
137.37301848871456
137.37303892866578
137.37304062626325
137.37305813098766
137.3730770944659
137.37307766776036
137.37318339356878
137.37328100781687
137.37328100781687
137.37328630391676
137.37371164048417
137.3833112936703
