with mode=3, handoff cost coefficient = 1.0
134.62879560027943
134.6716977690014
134.6813149961802
134.83788440711098
134.83788440711098
134.83787755027623
134.83778806983761
135.81387100297044
136.40342207418814
136.40335602591475
137.3507009673378
137.47637374255018
137.85496001418775
137.8694210975436
138.20588060688635
139.11571944077815
139.12548963328507
139.1571181424893
139.1569346657869
139.15689592230962
139.15406242123652
139.67391804898566
139.68906894187188
140.00082879368728
140.86492420474812
141.28551620607573
141.52921529697966
141.8527030789506
141.8510876002584
141.86870416885864
141.86692980548656
141.86873530882758
141.87319501844132
141.87320882704375
141.87785105374354
141.8851373746263
141.89828923249607
141.89828923249607
141.89828923249607
142.27751334250277
142.27752991983076
142.7058677594439
142.70587270031956
142.7059364222072
142.72486307956197
142.72661195861332
142.73100873018973
142.73100693838268
142.73112605354981
142.73706610467158
142.7370895990465
142.73709635179398
142.74376620143912
142.74260652318975
142.74260652318975
142.74430465490246
142.74430465490246
142.74430465490246
142.74430465490246
142.74430465490246
142.7477529415262
142.7477529415262
142.74780014199007
142.7477886224682
142.7477886224682
142.7477886224682
142.7477886224682
142.7477886224682
142.75218260978474
142.75202866972728
142.94902184056238
142.95281620649874
143.2322259960617
143.2322451042933
143.2322581133913
143.2322702324299
143.2322702324299
143.24642519823823
143.2464409217401
143.24642528101307
143.24642528101307
143.24642528101307
143.24642528101307
143.24642528101307
143.24642528101307
143.24642528101307
143.2521043416587
143.2524464662671
143.2524352617108
143.25255001145308
143.26570542706094
143.2656951628023
143.2687055876779
143.26874216917636
143.27205176746241
143.27235302224113
143.272303466276
143.27261145174467
143.27261145174467
143.27261145174467
143.27261145174467
143.27261145174467
143.27261145174467
143.27261145174467
143.27261145174467
143.27261145174467
143.27261145174467
143.27261145174467
143.278343485219
143.2797034008916
143.27964948319814
143.2783204554438
143.2783204554438
143.2783204554438
143.2783204554438
143.2783204554438
143.2783204554438
143.2783204554438
143.2783204554438
143.2783204554438
143.28162515469708
143.2816101075846
143.28159756575582
143.28154087737454
143.28154087737454
143.28154087737454
143.28154087737454
143.28154087737454
143.28154087737454
143.28154087737454
143.28154087737454
143.28154087737454
143.28154087737454
143.28154087737454
143.28154087737454
143.28154087737454
143.28154087737454
143.28154087737454
143.28154087737454
143.28154087737454
143.28154087737454
143.2869541700157
143.2869541700157
143.2874820621713
143.28780210492147
143.28780210492147
143.28780210492147
143.28780210492147
143.28780210492147
143.28780210492147
143.28780210492147
143.28780210492147
143.28780210492147
143.28870073818172
143.28870073818172
143.28870073818172
143.28870073818172
143.28870073818172
143.28870073818172
143.28870073818172
143.28870073818172
143.28870073818172
143.28870073818172
143.28870073818172
143.28870073818172
143.28870073818172
143.28870073818172
143.28870073818172
143.28870073818172
143.28870073818172
143.28870073818172
143.28870073818172
143.28870073818172
143.28870073818172
143.28870073818172
143.2891551627223
143.28945775837946
143.28945775837946
143.29033945060814
143.29033945060814
143.29033945060814
143.29033945060814
143.29033945060814
143.29033945060814
143.29033945060814
143.29033945060814
143.29033945060814
143.29033945060814
143.29033945060814
143.29033945060814
143.29033945060814
143.29124417443444
143.2912590669983
143.2912590669983
143.2912590669983
143.2912590669983
143.2912590669983
143.2912590669983
143.29241801385922
143.29241801385922
143.29290915327744
143.29290915327744
143.29290915327744
143.29290915327744
143.29290915327744
143.29290915327744
143.29290915327744
143.29290915327744
143.29290915327744
143.29290915327744
143.29290915327744
143.29290915327744
143.29290915327744
143.29290915327744
143.29290915327744
143.29290915327744
143.29290915327744
143.29290915327744
143.294605297626
143.29651997103298
143.29693173701884
143.295114147452
143.295114147452
143.295114147452
143.295114147452
143.295114147452
143.295114147452
143.295114147452
143.295114147452
143.295114147452
143.295114147452
143.2969717453646
143.2969717453646
143.2969717453646
143.2969717453646
143.2969717453646
143.2969717453646
143.2969717453646
143.2969717453646
143.2969717453646
143.2969717453646
143.2969717453646
143.2969717453646
143.2969717453646
143.2969717453646
143.2969717453646
143.2969717453646
143.2969717453646
143.2969717453646
143.2969717453646
143.2969717453646
143.2969717453646
143.2969717453646
143.2969717453646
143.2969717453646
143.2969717453646
143.2969717453646
143.2969717453646
143.2969717453646
143.2969717453646
143.2969717453646
143.2969717453646
143.2969717453646
143.2969717453646
143.2969717453646
143.2969717453646
143.2969717453646
143.2969717453646
143.2969717453646
143.2969717453646
143.2969717453646
143.2969717453646
143.2969717453646
143.2969717453646
143.2969717453646
143.2969717453646
143.2969717453646
143.2969717453646
143.2969717453646
143.2969717453646
143.2969717453646
143.2969717453646
143.2969717453646
143.2969717453646
143.2969717453646
143.2969717453646
143.2969717453646
143.2969717453646
143.2969717453646
143.2969717453646
143.2969717453646
143.2969717453646
143.3005012829646
143.30057215493633
143.30104161505142
143.3010859983114
143.30463279797516
143.30465679014083
143.30465477637364
143.3046577610786
143.3046577610786
143.3046577610786
143.3046577610786
143.3046577610786
143.3046577610786
143.3046577610786
143.3046577610786
143.3046577610786
143.3046577610786
143.3046577610786
143.31010358661956
143.3094976008304
143.30951281149936
143.3095116181142
143.3095116181142
143.3095116181142
143.3095116181142
143.3095116181142
143.3095116181142
143.3095116181142
143.3095116181142
143.3095116181142
143.3095116181142
143.3095116181142
143.3095116181142
143.3095116181142
143.3095116181142
143.3095116181142
143.3095116181142
143.3095116181142
143.3095116181142
143.3095116181142
143.3095116181142
143.3095116181142
143.3095116181142
143.3095116181142
143.3095116181142
143.3095116181142
143.3095116181142
143.3095116181142
143.3095116181142
143.3095116181142
143.3095116181142
143.3095116181142
143.3095116181142
143.3095116181142
143.3095116181142
143.3095116181142
143.3095116181142
143.3095116181142
143.3095116181142
143.3095116181142
143.3095116181142
143.3095116181142
143.3095116181142
143.3095116181142
143.3095116181142
143.3095116181142
143.3095116181142
143.3095116181142
143.3095116181142
143.3095116181142
143.3095116181142
143.3095116181142
143.3095116181142
143.3095116181142
143.3095116181142
143.3095116181142
143.3095116181142
143.3095116181142
143.3095116181142
143.3095116181142
143.3095116181142
143.3095116181142
143.3095116181142
143.3095116181142
143.3095116181142
143.3095116181142
143.3095116181142
143.3095116181142
143.3095116181142
143.3095116181142
143.3095116181142
143.3095116181142
143.37340991309347
143.3723504640524
143.37340871150815
143.37352936737656
143.37352936737656
143.37352936737656
143.37352936737656
143.37352936737656
143.37352936737656
143.37352936737656
143.37352936737656
143.37352936737656
143.37352936737656
143.37407402108656
143.37407402108656
143.3752603294846
143.37539253285496
143.46955394008958
143.46973522837143
143.4695729210095
143.4734889520265
143.47365178656773
143.47405368007094
143.47405368007094
143.47405368007094
143.5946351020645
143.59467326163318
143.59530799336002
143.59531469083632
143.59531469083632
143.59531469083632
143.59531469083632
143.59531469083632
143.59531469083632
143.59531469083632
143.59531469083632
143.59531469083632
143.59531469083632
143.59531469083632
143.59531469083632
143.59531469083632
143.59531469083632
143.59531469083632
143.59531469083632
143.59531469083632
143.59531469083632
143.68229115631476
143.68229115631476
143.68230137529167
143.68230071460323
143.6855315036521
143.6855315036521
143.68553006691377
143.6846811214998
143.6846811214998
143.6846811214998
143.6846811214998
143.6846811214998
143.6846811214998
143.6846811214998
143.6846811214998
143.6846811214998
143.6846811214998
143.6846811214998
143.6846811214998
143.6846811214998
143.6846811214998
143.6846811214998
143.6846811214998
143.6846811214998
143.6846811214998
143.6846811214998
143.6846811214998
143.6846811214998
143.6846811214998
143.6846811214998
143.6846811214998
143.6846811214998
143.6846811214998
143.6846811214998
143.6846811214998
143.6846811214998
143.6846811214998
143.6846811214998
143.6846811214998
143.6846811214998
143.6846811214998
143.6846811214998
143.6846811214998
143.6846811214998
143.6846811214998
143.6846811214998
143.6846811214998
143.6846811214998
143.6846811214998
143.6846811214998
143.6846811214998
143.6846811214998
143.6846811214998
143.6846811214998
143.6846811214998
143.6846811214998
143.6846811214998
143.6846811214998
143.6846811214998
143.6846811214998
143.6846811214998
143.6846811214998
143.6846811214998
143.6846811214998
143.6846811214998
143.6846811214998
143.6846811214998
143.6846811214998
143.6846811214998
143.6846811214998
143.6846811214998
143.6855315036521
