with mode=3, handoff cost coefficient = 1.0
158.04230447199623
158.72820598388688
158.82664442996597
159.16044935230866
159.81955250394603
160.1665277358646
160.2204764452437
160.23590505453072
160.54580680940742
160.59242730259203
160.7220361816339
160.72200054524635
160.84121665498967
160.91248237118376
160.94520067606354
160.94582926853548
160.94565512746715
161.2410148600967
161.24746713189228
161.24949370381745
161.26413807326037
161.48259839894274
161.84614146213414
161.85329372516662
161.85468883646445
161.8547292915073
161.93475989321482
161.93408251333497
161.93410479493755
161.9675313655965
161.96860280211334
161.99816051627553
162.1552946066174
162.155671982525
162.1581181439776
162.3468543820233
162.3613413748826
162.36449320757308
162.36456444817568
162.53598572634422
162.69015172867478
162.68981342216142
162.68946078590434
162.68984016632993
162.68984016632993
163.04766390790584
163.04875595290122
163.04865837919482
163.04865837919482
163.04865837919482
163.04865837919482
163.04865837919482
163.20254023459213
163.20254023459213
163.36850203844907
163.36897295858776
163.4858687742672
163.4904142958739
163.49065617677238
163.4930730040049
163.49220495514876
163.49220495514876
163.4923170903549
163.4991009490384
163.49826310843608
163.49839847860184
163.62798195382388
163.62798195382388
163.62823674498784
163.62823674498784
163.62823674498784
163.6306600345741
163.63076645856407
163.6707965987491
163.6919473013752
163.6887765188707
163.6892623239427
163.6899368389788
163.6899368389788
163.6914881101116
163.6929682106641
163.69314179617524
163.69314179617524
163.6932805298713
163.6932805298713
163.6932805298713
163.6932805298713
163.6932805298713
163.6932805298713
163.6932805298713
163.6932805298713
163.6932805298713
163.6932805298713
163.6932805298713
163.69441857912494
163.69441857912494
163.69460549388356
163.69460549388356
163.69460549388356
163.69460549388356
163.69460549388356
163.69460549388356
163.69460549388356
163.69460549388356
163.69460549388356
163.69460549388356
163.69460549388356
163.69460549388356
163.69460549388356
163.69460549388356
163.69460549388356
163.69495720009974
163.69495720009974
163.6949702126892
163.6949702126892
163.6949702126892
163.6949702126892
163.6949702126892
163.6949702126892
163.6949702126892
163.6949702126892
163.6949702126892
163.6949702126892
163.6949702126892
163.6949702126892
163.6949702126892
163.6949702126892
163.6949702126892
163.69985169721855
163.70027179070877
163.70027179070877
163.70775907299654
163.70736017364513
163.7114470881025
163.71143609509505
163.71143609509505
163.71183311670376
163.71183311670376
163.71183311670376
163.71183311670376
163.71183311670376
163.71183311670376
163.71183311670376
163.71183311670376
163.71183311670376
163.71183311670376
163.71183311670376
163.71183311670376
163.71183311670376
163.71183311670376
163.71183311670376
163.71183311670376
163.71183311670376
163.71183311670376
163.71183311670376
163.71183311670376
163.71183311670376
163.71183311670376
163.71183311670376
163.71183311670376
163.71183311670376
163.71183311670376
163.71183311670376
163.71183311670376
163.71183311670376
163.713414157448
163.714396372846
163.71440826006946
163.71440826006946
163.71440826006946
163.71440826006946
163.71440826006946
163.71440826006946
163.71440826006946
163.71440826006946
163.71440826006946
163.71839262151045
163.71839712999002
163.71807646658337
163.71830586865664
163.72569427912438
163.72601755637407
163.72605070068025
163.72605070068025
163.72605070068025
163.72605070068025
163.72605070068025
163.72605070068025
163.72605070068025
163.72605070068025
163.72605070068025
163.72605070068025
163.72605070068025
163.72605070068025
163.74157589211669
163.74475986232792
163.74343813357098
163.8177711757338
163.8180324918227
163.81848833754478
163.81948719930708
163.81948719930708
163.8266031376697
163.82663874124836
163.82671125618992
163.82573908618033
163.82573908618033
163.82573908618033
163.82573908618033
163.82573908618033
163.82573908618033
163.82573908618033
163.828454344153
163.82867953689993
163.82867953689993
163.82867953689993
163.82867953689993
163.82867953689993
163.82867953689993
163.82867953689993
163.82867953689993
163.82867953689993
163.82867953689993
163.82867953689993
163.82867953689993
163.82867953689993
163.82867953689993
163.82867953689993
163.82867953689993
163.82867953689993
163.82867953689993
163.82867953689993
163.82867953689993
163.82867953689993
163.82867953689993
163.82867953689993
163.82867953689993
163.82867953689993
163.82867953689993
163.82867953689993
163.82867953689993
163.82867953689993
163.82867953689993
163.82867953689993
163.82867953689993
163.82867953689993
163.82867953689993
163.82867953689993
163.82867953689993
163.82867953689993
163.82867953689993
163.82867953689993
163.82867953689993
163.82867953689993
163.82867953689993
163.82867953689993
163.82867953689993
163.82867953689993
163.83037117777099
163.8304165149502
163.8304165149502
163.83048962624378
163.83048962624378
163.83048962624378
163.83048962624378
163.83048962624378
163.83048962624378
163.83048962624378
163.83048962624378
163.83048962624378
163.83048962624378
163.83048962624378
163.83048962624378
163.83048962624378
163.83048962624378
163.83048962624378
163.895987904161
163.89668607940004
163.8970257035246
163.89880250741285
163.89880250741285
163.90010257124598
163.90007159746693
163.90082155130855
163.90059324483093
163.90059324483093
163.90558758102745
163.90559828637384
163.90646535801548
163.9064697788905
163.9064697788905
163.9064697788905
163.9064697788905
163.9064697788905
163.9064697788905
163.9064697788905
163.9064697788905
163.9064697788905
163.9064697788905
163.9064697788905
163.9064697788905
163.9064697788905
163.9064697788905
163.9064697788905
163.9064697788905
163.9147389629808
163.91470629841362
163.91522155303988
163.9148131977299
163.9148131977299
163.9148131977299
163.9148131977299
163.91685674215825
163.9169842147432
163.9169842147432
163.9169842147432
163.9169842147432
163.9169842147432
163.9169842147432
163.9169842147432
163.9169842147432
163.9169842147432
163.9169842147432
163.9169842147432
163.9169842147432
163.9212213485321
163.92102956184513
163.92102956184513
163.921091092275
163.921091092275
163.97148273920473
163.97110760571147
163.97148580464184
164.040063666976
164.04041168172932
164.0411900325111
164.04114664732458
164.04114664732458
164.04114664732458
164.04114664732458
164.04114664732458
164.04114664732458
164.04114664732458
164.04114664732458
164.04114664732458
164.04114664732458
164.04114664732458
164.04114664732458
164.04114664732458
164.04114664732458
164.04114664732458
164.04114664732458
164.04114664732458
164.04114664732458
164.04114664732458
164.04114664732458
164.04114664732458
164.04114664732458
164.04114664732458
164.04114664732458
164.04114664732458
164.04114664732458
164.04114664732458
164.04114664732458
164.04114664732458
164.04114664732458
164.04114664732458
164.04114664732458
164.04114664732458
164.04194729768565
164.04194729768565
164.04194729768565
164.04194729768565
164.04194729768565
164.04194729768565
164.04194729768565
164.04194729768565
164.04194729768565
164.04194729768565
164.04194729768565
164.04194729768565
164.04194729768565
164.04194729768565
164.04194729768565
164.04194729768565
164.04194729768565
164.15993666767545
164.15994690784225
164.15994690784225
164.16003674563154
164.16003674563154
164.16003674563154
164.16003674563154
164.16003674563154
164.16003674563154
164.16003674563154
164.16003674563154
164.16003674563154
164.16003674563154
164.16003674563154
164.16003674563154
164.16003674563154
164.16003674563154
164.16003674563154
164.16003674563154
164.16003674563154
164.16003674563154
164.16206927001878
164.1626050446562
164.1626050446562
164.1626050446562
164.1626050446562
164.1626050446562
164.1626050446562
164.1626050446562
164.1626050446562
164.1626050446562
164.1626050446562
164.1626050446562
164.1626050446562
164.1626050446562
164.1626050446562
164.1626050446562
164.1626050446562
164.1626050446562
164.1626050446562
164.1626050446562
164.1626050446562
164.1626050446562
164.1626050446562
164.1626050446562
164.16405010174506
164.16405010174506
164.16425061522656
164.16425061522656
164.16425061522656
164.16437541198192
164.16437541198192
164.16437541198192
164.16437541198192
164.16437541198192
164.16437541198192
164.16437541198192
164.16437541198192
164.16437541198192
164.16437541198192
164.16437541198192
164.16437541198192
164.16437541198192
164.16437541198192
164.16437541198192
164.16437541198192
164.16437541198192
164.16437541198192
164.16437541198192
164.16437541198192
164.16437541198192
164.16437541198192
164.16437541198192
164.16437541198192
164.16437541198192
164.16437541198192
164.16437541198192
164.16437541198192
164.16437541198192
164.16437541198192
164.16437541198192
164.16437541198192
164.16437541198192
164.16437541198192
164.16437541198192
164.16437541198192
164.16437541198192
164.16437541198192
164.16437541198192
164.16437541198192
164.16437541198192
164.16437541198192
164.16437541198192
164.16437541198192
164.16437541198192
164.16437541198192
164.16437541198192
164.16437541198192
164.16437541198192
164.16437541198192
164.16437541198192
164.16437541198192
164.16437541198192
164.16437541198192
164.16437541198192
164.16437541198192
164.16437541198192
164.16437541198192
164.16437541198192
164.16437541198192
164.16437541198192
164.16437541198192
164.16437541198192
164.16437541198192
164.16437541198192
164.16405010174506
