with mode=0, handoff cost coefficient = 1.0
158.04230447199623
158.0387370162058
158.04210518095113
158.18913116175642
158.18891339800598
158.18892142067807
158.18892142067807
158.18888666297232
158.18913116175642
158.19321322560558
158.21732777901332
158.22074105970663
158.26721128274323
158.26448262424108
158.27160566554892
158.2715512293774
158.27148751450716
158.28800558611124
158.30321299422212
158.3032123770963
158.3032045685488
158.30443668827132
158.30450725781625
158.33317985541842
158.3463362848653
158.3463362848653
158.34633851499916
158.3496878043833
158.35087474004197
158.35087474004197
158.36588991151996
158.37635217336685
158.42240141233273
158.43445942351255
158.43445534435867
158.43445534435867
158.4369043511582
158.44563629450528
158.44457320980234
158.44457407199246
158.47032029541202
158.51574497222623
158.52054047562538
158.57800618229152
158.57883107059962
158.58583161740466
158.58583323048595
158.58381808439717
158.58435585502951
158.58435585502951
158.60625426021087
158.60721712258305
158.60421214344922
158.6042593312656
158.6043192965999
158.6035521860725
158.60721712258305
158.63743549981575
158.69153593424693
158.6920743316775
158.69818889625606
158.69818989812399
158.7008811391978
158.70099797163857
158.7225985787648
158.72266213334362
158.72266213334362
158.72177055240226
158.7214428187803
158.72355056622888
158.7251310218488
158.75043120748424
158.75326277686506
158.75373481428352
158.80766034131338
158.8250491270596
158.82601867608727
158.82867281398157
158.8306834404137
158.83778655312412
158.83873526813065
158.86822770614967
158.86937081017393
158.86937081017393
158.86937081017393
158.869607347344
158.87000787113524
158.87000915678198
158.87000915678198
158.88097732236855
158.88025771001594
158.88044267105283
158.88094220225236
158.90578585899507
158.90850175045807
158.90574294540968
158.90565576618107
158.90686833465992
158.93615079399632
158.9366025801956
158.9366141092939
158.93757238647768
158.93845497811552
158.9382688323631
158.93827358897505
158.93827358897505
158.94075830336044
158.94143556312923
158.94092183213252
158.94035154942918
158.96949755464178
158.96947510385786
158.96947204745942
158.97078588863815
158.97244601489894
158.97288133864174
159.0017507110469
159.00673300857275
159.00430476201726
159.004980907875
159.00859952090204
159.023422988261
159.02342385828211
159.02316372223393
159.0232053154409
159.05204558894454
159.0523057249927
159.05236425292824
159.05779236302058
159.05728791877954
159.05718234573453
159.05718234573453
159.05890298580906
159.0607901178024
159.06079326267306
159.0613332657955
159.06158858991432
159.06181899063813
159.06984310906688
159.07181432455064
159.07195726028144
159.0723095519576
159.07827103240405
159.09085536464463
159.0910712950671
159.091625169425
159.09263296557347
159.10748357310837
159.10904748284437
159.10923331778153
159.1102664995781
159.11593488593033
159.11599195323976
159.11599195323976
159.1161872930252
159.11664063435566
159.11617021749657
159.11917850926173
159.1201049044446
159.1210094660383
159.14584454662878
159.14584454662878
159.1466884207517
159.15214352194923
159.18159799742978
159.19108815392286
159.2204049335951
159.2204049335951
159.22056289614775
159.22079901796994
159.22037324501366
159.2204086961175
159.24925386436075
159.24895661915494
159.25796705327824
159.25807270646555
159.26172015613182
159.26181041469502
159.26184445855938
159.26240701569387
159.26352592645605
159.3174278456107
159.31752414635469
159.3175246739659
159.3712659010504
159.3712161163745
159.37121937475072
159.3712189689356
159.3712157105594
159.37180767617193
159.37188024905575
159.37415254342218
159.37416630060602
159.40308732720158
159.40307486895628
159.40341459383265
159.40369423632228
159.40376749884175
159.40443540714057
159.40932879789457
159.4628639746663
159.46287818619365
159.48916651601468
159.49097873883537
159.49219281662
159.4918999578486
159.49257808407484
159.51604534583538
159.51686827019384
159.51687735552375
159.51687735552375
159.51685946067775
159.51698130537883
159.51869727222635
159.5275808651269
159.5477379234249
159.54774214490712
159.54781218624473
159.55612948429714
159.55726428578265
159.55728417174393
159.55712941068714
159.55745273333198
159.5578747314503
159.55973418830465
159.5587237406883
159.55973418830465
159.56274821276762
159.5641388850631
159.5632129889411
159.56745950122655
159.56745875275868
159.5676225162895
159.57554396477846
159.5756587223885
159.57575237947367
159.57968912742226
159.60238576321072
159.60240840653523
159.60244273792864
159.6025079667148
159.60302845079121
159.62812619245352
159.62802379523973
159.62813012676835
159.6263066618837
159.63049161749305
159.63049460855297
159.63050377240666
159.6313014640861
159.6328551185396
159.63294543803443
159.63295859988256
159.63463643678762
159.65745390754853
159.656774002294
159.6765356342644
159.6792735287292
159.67927613009525
159.6791572281688
159.67917815938335
159.68067860800497
159.67862020162144
159.68067860800497
159.6810560601134
159.68105705244955
159.68105602431663
159.68105602431663
159.68140286426126
159.68138101746376
159.68138101746376
159.68138568877913
159.68142887101274
159.68148375954533
159.6815254767124
159.6818168580418
159.68185954793128
159.6820284365527
159.7045615741463
159.7042985211297
159.70429140637603
159.70459521915672
159.70459539548045
159.70462565973315
159.70463944733615
159.70549714699195
159.7090285781677
159.70905489935518
159.70802245966166
159.72934210902372
159.72936207517364
159.74865272217883
159.74861987928776
159.7485784265312
159.7550035998899
159.7562769431223
159.75754261566362
159.7587381611535
159.7587381611535
159.7587376226235
159.78891936760994
159.84311523859435
159.84331801336893
159.84328202732794
159.84330161845946
159.84380131226285
159.84380158007772
159.84334789926223
159.83951981173703
159.84065252536823
159.84380131226285
159.84381028657958
159.84402763538168
159.8440270635377
159.84405258298796
159.84406449219264
159.85505449686687
159.85505882546155
159.85505860424817
159.85509113651597
159.8649606316767
159.86482876826392
159.86478734570525
159.86478734570525
159.8647873972992
159.8649606316767
159.8650919907558
159.86991906530804
159.86991888029644
159.86991888029644
159.87079767528303
159.87090125541135
159.87090125541135
159.8709278023467
159.87088477525552
159.8709024430573
159.87114024739327
159.87075716315627
159.87085884644017
159.87091829777134
159.87175924942656
159.8717226653532
159.8717534080453
159.87258093596506
159.87258093596506
159.8726004010725
159.87997864910065
159.87997864910065
159.87998449361825
159.87998452533415
159.88518256751738
159.89148307284464
159.89148309573434
159.89148309573434
159.89148309573434
159.89148309573434
159.89148307284464
159.89157183078058
159.89155997143365
159.8916209122912
159.89170652607365
159.89174960216545
159.89449384512912
159.89449634919055
159.8944963454705
159.89449666926924
159.90125665745663
159.90320994643923
159.903206275208
159.90321294027945
159.9032136100572
159.9041152247965
159.90417050411034
159.90428619175057
159.9042864720747
159.9042878309067
159.90429294340808
159.90429326522218
159.90428619175057
159.9042967602463
159.9043536204475
159.90773264849526
159.90776015666495
159.90776508796557
159.90776772318983
159.90780894373626
159.90782231262818
159.91120044475383
159.91120203795754
159.91122609908166
159.91122648914097
159.91123562239807
159.91123562239807
159.91123562239807
159.91124994521869
159.91126251170965
159.91126251170965
159.9112637909162
159.9113850455183
159.91143497855614
159.91144814553263
159.91260856828055
159.91260856828055
159.9126127608866
159.91261994454308
159.91384076757683
159.91384144682337
159.91386390697764
159.91518162434048
159.9151827875673
159.9151850674567
159.91706114667048
159.91843025752755
159.9184353560837
159.91843489095046
159.91844639399832
159.9184482332648
159.91845183956343
159.91850012352856
159.9185119412031
159.91850982894957
159.9185099973952
159.9198848966784
159.91994816391716
159.91995120399514
159.91996102603125
159.9212747961569
159.92463169174115
159.92475385671443
159.92475385671443
159.92475884869435
159.92613072662164
159.9261960904694
159.9261970467171
159.92726349595222
159.92883801488972
159.92883914604482
159.9288516646223
159.92885297961072
159.93022288457362
159.93023565981446
159.93023566361973
159.93023683537325
159.93023166663716
159.9307263662863
159.930726401894
159.93072684092598
159.93072684967535
159.93072709106679
159.93121554809287
159.93134682445006
159.93146727474036
159.93150082908127
159.93198412792745
159.93198726148867
159.9319876192158
159.93243860643392
159.9324412800677
159.93244143318708
159.93244299855206
159.93244385211068
159.93243860643392
159.93243863392277
159.9332258291308
159.93322626797718
159.93401336177513
159.93401336177513
159.93423848668525
159.9344632690726
159.93446807093378
159.9346605777053
159.93466907592034
159.9347735500524
159.93477363481293
159.93478013770383
159.93478029218278
159.93481037022164
159.93482308379632
159.9348383000268
159.93483845480984
159.93484005131276
159.93490475917804
159.93492295892491
159.93560571419587
159.93561216967592
159.93571408128437
159.9357224589048
159.93572248762874
159.93666249298974
159.9366762559995
159.93746336737362
159.9374633973161
159.93746377314707
159.9374729651303
159.93748513769845
159.93748532050904
159.9375894020159
159.93759144694172
159.93759109882754
159.93759109913634
159.9375894020159
