with mode=1, handoff cost coefficient = 1.0
158.04230447199623
158.07014090740182
158.09168306285426
158.10708597718494
158.14349640498082
158.16313499582455
158.17677170475224
158.2073738377738
158.21569315053011
158.2188396840667
158.22881692257175
158.2748817473661
158.29557334738357
158.3139701016132
158.34550516300177
158.36599200325588
158.36251137104492
158.38606718206816
158.38941038297577
158.3817755860168
158.40828260803326
158.41025944883137
158.4715352948617
158.4789670668931
158.52206824651515
158.55179800721436
158.5968591954043
158.6385771693878
158.6529531432084
158.65825395077727
158.68876591459647
158.70398932721267
158.73156614504177
158.75243807665396
158.76460048606936
158.78062687787695
158.8158706008043
158.8544987008371
158.89250428936336
158.9005409699697
158.9131271422668
158.92517187719812
158.96080130534878
158.9693000500395
159.01207784373187
159.0310680842305
159.0433742976054
159.06932261030752
159.0766061136283
159.09237861831227
159.11063695383626
159.146442618698
159.1690894551913
159.19302298271614
159.21664287728078
159.2462115451471
159.30839083587267
159.3492239565006
159.36004217417582
159.38756528315562
159.4094496532089
159.41424465722304
159.44010834149248
159.46388232408043
159.4784473123372
159.48435526325846
159.5130176689247
159.5146659996342
159.53196599503926
159.5506352441608
159.5834838102612
159.60047692420136
159.60692132347918
159.62633453299213
159.6355863540014
159.65129218127976
159.6702491050522
159.72368477930698
159.74608019054742
159.76533079975013
159.7687550092725
159.78630961038937
159.78729643845068
159.78712621542627
159.80088826635242
159.8090878548286
159.833539983069
159.84967415211898
159.86662170597123
159.8669636342541
159.91367989421025
159.94516875735187
159.9745356085195
159.99770715530434
160.02766540560876
160.03122313520888
160.03178042981514
160.0420501956428
160.05680895178466
160.0593598482525
160.0987212106514
160.12081203232137
160.126436801079
160.15346916755507
160.1987052455512
160.20284868049703
160.21797305016997
160.2166475035391
160.23073613749773
160.23965801297913
160.25466108068434
160.27619054703183
160.27594774214202
160.29349615213434
160.2967834189124
160.32248584230572
160.32496685051137
160.32558876125987
160.36297885342208
160.4315089641679
160.48363489635415
160.49466872595124
160.49980037009502
160.52282253993735
160.53694822391992
160.54712351363958
160.56834077423196
160.5748551861077
160.58805997862308
160.5925243997445
160.61450400674013
160.61434695568323
160.62606863984277
160.64251524096076
160.66066759857503
160.66307454688786
160.6666619105768
160.66287632719485
160.66964113230262
160.69102238765618
160.69171081063828
160.70298452891873
160.73776309203987
160.74564849599946
160.75147881627169
160.76046836845072
160.76176714217218
160.76611491931098
160.80503706776616
160.8042473451175
160.80764223690582
160.83576062111658
160.88424260036095
160.8859917385835
160.89075808381003
160.91542951994728
160.9267014169866
160.94141721659895
160.94069768949544
160.9683683119669
160.99209779005088
160.9900452359435
161.0012323862605
161.02862019108736
161.03588086596983
161.03846341559677
161.0614988415553
161.0723184595024
161.07304067034008
161.0856481747042
161.1123052639621
161.13630358518986
161.14971735055136
161.15727060962868
161.1933168717341
161.2089281847565
161.24565892509926
161.26143053295908
161.26415704762354
161.3038986093543
161.3187470293128
161.3225679360034
161.3323948443893
161.36061110098612
161.3617126891892
161.36858361339995
161.3987254511566
161.40598442883186
161.40919085149713
161.40507301379623
161.4067349240058
161.41011713152938
161.42942810905558
161.42843558592025
161.45162172768565
161.46282865152162
161.4993275920705
161.5091496610148
161.544640985536
161.54971312321297
161.5516955626528
161.5509727738962
161.56040175756922
161.58423952867128
161.60766534500343
161.6036249948983
161.63200827600542
161.62972853165866
161.63167849499774
161.6404231784892
161.65610487305423
161.66770397415704
161.68803269835868
161.6881059508952
161.68911712129253
161.71004900564088
161.71310958188147
161.71626641439585
161.747474873526
161.75704261768422
161.7775559127524
161.78669705288038
161.7901483263552
161.79721529321728
161.8127001314788
161.81304128105776
161.8337296089891
161.8447452099138
161.87999158660682
161.88054774406257
161.9137900056626
161.94253711524757
161.94224904510014
161.95221121990107
161.9543230182496
161.98039774672986
161.99728607749466
161.99640243543357
162.01479075547076
162.01439395217736
162.02330668798385
162.0261912564446
162.03884709174858
162.05416381960882
162.0640133288393
162.06721158018044
162.06728697979497
162.08387811931865
162.10082323875773
162.10321208228078
162.1174706399785
162.13527680528838
162.1347562104108
162.138176782945
162.13524803592685
162.1407617199148
162.14339093163488
162.15098264405722
162.15134728542108
162.17618130656655
162.17721042920027
162.20190208594823
162.20998190996448
162.21727441884136
162.24644839970085
162.25896988152664
162.25997037451106
162.2784043515785
162.28732148684222
162.31292927552283
162.32803664767457
162.37337413013307
162.3760784901145
162.3769289658402
162.3797020607956
162.38387322651275
162.39479909337396
162.42319099734402
162.4212827477725
162.45928375634324
162.47684332682272
162.49306235268915
162.5200720018645
162.56491706906343
162.59063664941226
162.59394175080226
162.60309873490795
162.62908247150526
162.63085674821392
162.65724692328314
162.65529360091483
162.69719123488338
162.70522039194248
162.7133666033402
162.71512816863572
162.73973332401172
162.74741062044484
162.75587088143197
162.77871467499688
162.80270181347925
162.81290515521349
162.82431181740833
162.82486912434953
162.82625202412578
162.85969066677495
162.86072407655783
162.86237163129547
162.8955412509159
162.89481588419127
162.89533786535745
162.89628929735667
162.89500045460133
162.90444182195455
162.91349156265386
162.9154854199696
162.9508094231005
162.95964068192464
162.95851970507314
162.95716461187544
162.95841610295815
162.97515564221507
162.97082815461232
162.97289469491216
162.98109888585753
162.99106410155895
163.0137309638789
163.02314768158405
163.02406015872117
163.02601057561844
163.03638488249794
163.0330922015558
163.0428423444796
163.04240088435057
163.05483930854342
163.0638214635055
163.0615433688257
163.06122424193998
163.1044088235022
163.1031246701567
163.10356308049012
163.10052485336692
163.10861177190628
163.12728945574543
163.13586594327813
163.13715878161543
163.1346936581402
163.13890866710116
163.13803736213015
163.14781021663075
163.14828977353665
163.167952967339
163.16860166498765
163.17392754054458
163.1851413994325
163.18708237882967
163.23209024231042
163.22905471631748
163.2371931659579
163.23456065757279
163.24572374201173
163.24608626879044
163.27641641369536
163.28764835596013
163.28743612083733
163.28697089657612
163.2977643122838
163.29483769367067
163.32790144271988
163.35508797626792
163.36389317777557
163.3609453931126
163.36904858727218
163.38244538011
163.41292328928154
163.41295276245563
163.41310732947045
163.41399758710858
163.41184874619023
163.41441954815508
163.41424950162255
163.41337186824364
163.41405470310946
163.4145468199308
163.4169258423182
163.41801251949042
163.4478281792832
163.44997103278178
163.45764983906605
163.4654068177052
163.4664523355156
163.47580124128416
163.49566245338866
163.4965857058142
163.5044224576154
163.50633250513252
163.5334235899916
163.52708315290147
163.5637315115854
163.5684918759393
163.59261609802246
163.62806331346607
163.62813231206104
163.63210525166033
163.64821859769407
163.6464987563388
163.68464560667783
163.68464048353815
163.68491103895136
163.68579365619627
163.68664582732993
163.6872091277634
163.70590329560264
163.70547591419188
163.70394286208074
163.7060997005816
163.71538679285675
163.7176849614661
163.72720302548677
163.72864911546023
163.74654657265185
163.7461015666708
163.74686928738907
163.74622915374653
163.74618813372217
163.75658941272147
163.75614057681926
163.756801119687
163.7548950231331
163.75445392338284
163.75484718844746
163.75786129372676
163.7575699756071
163.76954358396824
163.7701230937144
163.78856615109183
163.78716334217052
163.7842140702477
163.79239353874405
163.79304959844123
163.8299625056455
163.8479970035582
163.8481620244127
163.84879461266323
163.86160652462974
163.86064002850557
163.86001873800504
163.86608017289726
163.86324906245187
163.87131059835366
163.86957167707715
163.89172965287787
163.90116143031196
163.91044806948938
163.91071789464985
163.93544126258254
163.94456092360568
163.94456309383304
163.95862995070527
163.98037951796334
163.97941378514955
163.97922603194613
163.98072472877752
163.98096637193868
163.99411770487296
164.00675550683783
164.0075210480934
164.05041458637692
164.05259089031614
164.05097586269534
164.05986846565085
164.0586779453381
164.0664554133573
164.06522649559847
164.06649250416442
164.06431131286405
164.06608984583326
164.09333164968317
164.09410003631143
164.1007250527218
164.11288814538585
164.13169298569366
164.14504704901796
164.16479125184273
164.18365453905167
164.1913299794832
164.20454300649632
164.20586888559336
164.2060098490998
164.22528262686942
164.23310802470135
164.25242271217851
164.2534264762816
164.2537474787936
164.26866928125114
164.29487436878966
164.29732100840377
164.29700182178965
164.29635177209911
164.29616299487577
164.29562594215756
164.29732100840377
