with mode=1, handoff cost coefficient = 1.0
158.38525989969568
158.4054735915851
158.44255116686438
158.46976810127896
158.51818650388307
158.54206854876426
158.5469936232019
158.57167230079259
158.6743984571156
158.71938329944447
158.75969960373578
158.76749270595258
158.77322934010414
158.79228445667894
158.8088225774905
158.8378349981633
158.86059931300406
158.89970781539756
158.91370318632147
158.92028276338357
158.94672311904293
159.0359100947662
159.06144110567578
159.07470488891744
159.07728945969092
159.0864780968888
159.0901346733348
159.09310255540305
159.10791442420475
159.12050519127217
159.12461847678296
159.18042613338366
159.18945349829676
159.19949887451543
159.2679541906538
159.2688214752938
159.26985936338778
159.2728160549031
159.31274201387598
159.35462356016845
159.4070813174402
159.4290395777635
159.432262717184
159.43657546673074
159.44220438496305
159.45058889300634
159.46006667339876
159.4722999773005
159.47943155055233
159.54390270067933
159.5570247920811
159.56182660875044
159.63313390539054
159.63229587682463
159.64214676070966
159.7149990864799
159.71840290653887
159.73043028540093
159.7329379992948
159.76291536186943
159.8044357735448
159.80935127072215
159.8704761262517
159.8756220280999
159.9548269452792
159.9614442554338
159.98049831315413
160.00751632000132
160.0924039345124
160.1752428509957
160.17876008414427
160.18233620121046
160.19375544291356
160.26626970509724
160.2675995029487
160.27051319344307
160.27679613521912
160.29770419869044
160.30451972243264
160.36052278588983
160.3605308804268
160.3641714463411
160.37861849627006
160.37746173182745
160.411450469298
160.49423445626806
160.4971971641022
160.50012338068888
160.5009664204735
160.53619460911474
160.58777711621065
160.61770260317977
160.63833765181937
160.67289478553033
160.67194126071104
160.72392941201832
160.73173017786678
160.78591223529148
160.78884890547783
160.80445312005233
160.8036425739959
160.80383807703117
160.82232151020102
160.87428845173153
160.91173444321964
160.91463971401413
160.92975113406328
160.93611911794076
160.94010544960378
160.9462494339392
160.94676150956045
160.98132201959473
160.98173987787385
160.9947144065088
161.04595299287197
161.05112038304352
161.05571362956297
161.07090941239764
161.1075270373803
161.12045678298387
161.15908055955074
161.15970318014985
161.19473251121553
161.2288457418332
161.23019033745703
161.23133029647445
161.22979738912701
161.24531997487458
161.2451435384063
161.2440024120293
161.25416657306891
161.2882885159163
161.3028334355251
161.30738639389344
161.30965686235032
161.3211624473686
161.31822877030493
161.32351495578058
161.32908550310893
161.36374530815922
161.36872968488615
161.37276352788274
161.376722147002
161.37647669850037
161.4091637681721
161.4211944285401
161.43413720544945
161.4341258868021
161.43884034301897
161.47092894927644
161.52201737584195
161.52543648960904
161.55516329626454
161.57417311781643
161.57921653592362
161.58923490361366
161.58771273507568
161.60494226910063
161.65575642111665
161.65738570813656
161.66051718883037
161.7245092346497
161.72714244713652
161.739303947019
161.73983288676803
161.7405615811141
161.73815144238523
161.75488144642225
161.77256220858777
161.77329251631397
161.77787947376117
161.79388700152478
161.8127176761261
161.8470044385477
161.89959750946207
161.93366005756874
161.94882749121356
161.96313110189368
161.96341104051015
161.99569419720865
162.00108604084562
162.00752684112305
162.00947685665457
162.02565538828122
162.0391514031214
162.05678991459402
162.06895685688357
162.07107236509214
162.0723326689251
162.07245506806655
162.08845791104815
162.10002550872693
162.09843811180477
162.10531143775617
162.15673925888868
162.15835399275136
162.15910998656295
162.17021003824416
162.171584164632
162.17505841470603
162.19299430560088
162.19849990449003
162.19978907387522
162.2008392841993
162.21480576391522
162.2184740176951
162.21948732789502
162.2207065152204
162.21969257496215
162.25280635424198
162.28314157734604
162.28220926614787
162.3290556818757
162.36270977352027
162.36258706837324
162.4112453859581
162.41493508558196
162.4197254570077
162.4196189232031
162.48465774151722
162.48673466019713
162.5041003068258
162.50686224036582
162.57578204352808
162.57937797180773
162.57978562134937
162.58094451066262
162.5813329643043
162.61641707645956
162.63209754726324
162.63050742594598
162.62949885935564
162.6328357000338
162.64067862051965
162.70995649225787
162.7274252621848
162.82508016501865
162.83752774944654
162.8545595073903
162.8543191632052
162.886258458357
162.8837186230579
162.88237020299593
162.9181936185559
162.92202195269167
162.9521203996207
163.00237991473665
163.06766456925592
163.12243838279898
163.12488852077195
163.15139853617066
163.20035698374616
163.20077662343277
163.21476437971114
163.29956403086928
163.3020915864495
163.33481984294846
163.33730472813562
163.35583361992903
163.38773103659935
163.38888224207412
163.42225550913653
163.42134889023515
163.43694008343718
163.4499601629115
163.4502036111817
163.45256351309766
163.4684385257584
163.51906559128824
163.5343694767845
163.58837555496982
163.58791902952817
163.58819511483836
163.58630494127308
163.5881884237173
163.6678642698425
163.70536746365624
163.73495965018466
163.75445606575607
163.76864845235275
163.76923059773648
163.7692004330279
163.77280235981442
163.77723207049212
163.81068672319606
163.8264850898819
163.8794981903067
163.8792975175504
163.87722337484743
163.876733433987
163.88947192190435
163.9680380113618
163.96854213365052
164.01644436993058
164.01841146156747
164.02906951796123
164.09131750062926
164.1251735542084
164.1248511476321
164.12707449620913
164.17297825773775
164.1741295265447
164.17445046975502
164.1740752049563
164.17384315370552
164.1755722455334
164.1748707142358
164.17505631458897
164.17869136711627
164.17991714791853
164.1799023042927
164.18457306787187
164.18299974921112
164.28508537233253
164.28629624652658
164.28711734922817
164.28875529302985
164.28789785262347
164.2927104252154
164.3084410617553
164.3126718739057
164.34594991712373
164.36438708508643
164.36934641369083
164.37230832760815
164.38510338242347
164.38532207958409
164.41662682770385
164.51296815685117
164.51653513632408
164.53889469022616
164.54069066987014
164.54424889940785
164.59491229456674
164.60966103669244
164.6125782212221
164.61398552828012
164.61321044141786
164.61512005221658
164.61523104731302
164.61455028421761
164.6495642730029
164.6547828201253
164.70509940922065
164.7053559196401
164.709024525591
164.7113443400946
164.70873210840242
164.7080752251984
164.71209592542354
164.73156104258064
164.73409977292198
164.73551160041157
164.7361524890646
164.73811273109172
164.7378708180149
164.73828229675036
164.75197835799847
164.7539082554651
164.76505982751044
164.76418109125873
164.76688231321
164.76775346365477
164.7644169509714
164.7645526941424
164.81585086724382
164.83067171390908
164.84730578508785
164.84980993356083
164.84790196998145
164.84892160703473
164.85034476450826
164.8528225420114
164.85287487241436
164.85368295697296
164.85543046051043
164.87387954074387
164.86991043999032
164.91736636475974
164.94987486932828
164.95215015442187
164.95680450697134
164.95731146199915
165.00264075354755
165.01659963353129
165.01645000832482
165.02022604378143
165.01717185884416
165.02154768079703
165.02180886141568
165.07143964875632
165.08700195750788
165.0840558541852
165.08458227942407
165.08741693574362
165.08874546338686
165.08680410022598
165.10234926364888
165.119214964134
165.13586100154285
165.13907091213724
165.174770413732
165.17678839642787
165.21201235590195
165.21402456257073
165.260892124297
165.26520111134383
165.26280948528068
165.2635612029048
165.2640415703315
165.27741469366907
165.27647395221774
165.27954880138975
165.28387556366235
165.28479614362033
165.29715786166418
165.29867254507613
165.2991042420857
165.34495932129593
165.3479584498592
165.36159765746723
165.3621581276096
165.36569407856643
165.36869893008603
165.36752833248573
165.3652317697202
165.365501147614
165.40909138232445
165.4077149248981
165.45814955721622
165.45875867989736
165.47246958608872
165.47588024611457
165.47481774269883
165.51009096047784
165.5257903896468
165.58690779048666
165.6321762941121
165.6335629978032
165.6327599501293
165.68309281498608
165.68158510493407
165.70136512175696
165.71657201980534
165.71861297781197
165.7566787000688
165.75677288196687
165.75925863543583
165.77658261122295
165.79221619134051
165.83073223848706
165.866827838447
165.86560280750373
165.86756884187201
165.87069772928572
165.87046206576682
165.888015974929
165.8888792421496
165.9223255263424
165.9200274429532
165.91952449598563
165.92057544349322
165.96842139552587
166.00594639950293
166.03780469178778
166.0764682481468
166.07725262765524
166.08011681281687
166.07868948205498
166.0775098708828
166.07868017044308
166.07992867346712
166.08011681281687
166.0816032393042
166.09097357969634
166.11070823701644
166.11730559618664
166.13549693545377
166.13714158788238
166.14550285918716
166.14567069445405
166.14706463104037
166.1507466599788
166.15678878619548
166.15944911686756
166.17310034461414
166.17329805895508
166.19721914326942
166.1979621962021
166.19809762892368
166.20646771568877
166.20615755175734
166.2079951309659
166.20811837975492
166.21453417658475
166.22094022782625
166.2216220233648
166.2220792198789
166.22874875393245
166.23519029149526
166.23583875967728
