with mode=0, handoff cost coefficient = 1.0
158.38525989969568
158.39214291315287
158.39072133725534
158.4275671689791
158.48368355846148
158.5058419079099
158.50321823262024
158.5058419079099
158.5130781501747
158.50328931321346
158.5061584478068
158.51324828252427
158.5091925736166
158.51882253176265
158.77286733091623
158.8170773777799
158.8170757733837
158.82556678178287
158.82556518945762
158.8161453694466
158.81614494129093
158.82263101238044
158.82556678178287
158.83597584709506
158.85487852533285
158.85942776079133
158.8610489824049
158.86104832578437
158.8610485747034
158.86104832578437
158.8646974399194
158.86801859892438
158.8752558477104
158.879414610579
158.8776696085004
158.87710009352605
158.8780868100609
158.87933657773635
159.08203211956163
159.08529908526808
159.08738002724417
159.1349086253946
159.1375987814573
159.13760005569057
159.13696931089046
159.1469983237636
159.3494988640144
159.35774608645997
159.36113979521312
159.39412342240993
159.39680390371132
159.41427704923638
159.41453216008614
159.41688486986482
159.42084073497452
159.4208412054797
159.43245395406373
159.433162010371
159.44215779945708
159.4425598723076
159.4900439978606
159.49467756013854
159.49476069032423
159.49936153892665
159.50799738564146
159.50733654560287
159.50939025788165
159.50939537176455
159.50939537176455
159.5100513851567
159.5101606333122
159.510159962169
159.5068190493077
159.50681842503445
159.51559748366438
159.51214720102362
159.5126809914193
159.51268137039216
159.5144314476563
159.51559748366438
159.5239934288567
159.5255493332055
159.5261046052304
159.52598760185708
159.52528186636266
159.5253545282228
159.56545038207375
159.56545232651666
159.5654655511534
159.5671110777539
159.5671119781914
159.5745365311854
159.57463725338206
159.6382675099659
159.6405086011411
159.64444291436178
159.6446834340411
159.66830508341928
159.66830525213217
159.6754316190538
159.67694778669022
159.67794910715185
159.67749585499143
159.67780388892527
159.67835541148557
159.67896270398893
159.68028085942365
159.67923786587403
159.68061309565726
159.67969679389878
159.67969692626377
159.68048684459234
159.67994258443397
159.68641606249923
159.68979639360947
159.69958296377308
159.69971386000873
159.70038492359873
159.70052985214315
159.6998054793122
159.70168196521763
159.70168196521763
159.70188465522182
159.70876253447173
159.71758610683565
159.71834784109524
159.7250841721119
159.7247368955271
159.72473694166695
159.72839926268068
159.72858713168034
159.72899089323647
159.7297961596463
159.73240299640418
159.734758338429
159.73468916899438
159.73473325879183
159.73473319815395
159.73909457084466
159.73909469242898
159.7435491093529
159.7435491295998
159.74362401864755
159.74725683993523
159.74594991236
159.7459535841262
159.8099192459485
159.8098145598452
159.80985111006692
159.81020623539496
159.81479678550596
159.91664280026467
160.0176047588794
160.0177304353831
160.11903203095193
160.12186320764712
160.12186389161755
160.1237872896267
160.12416260239218
160.12322141087077
160.12322238996148
160.12384359527113
160.12619703842978
160.12702709535685
160.1270273323544
160.1270273323544
160.1280920284115
160.1284429042688
160.22897396415883
160.22813444597278
160.22806768207997
160.23297557406903
160.23430227943228
160.2361603735208
160.24056802561063
160.24057521158693
160.24083806374716
160.24081954014986
160.24138519266134
160.24375374176935
160.24422408835937
160.24378757295798
160.24456018153992
160.24530299208226
160.24530367361265
160.24426756332528
160.24812016162045
160.24812022671776
160.2718430802833
160.2718430802833
160.2723799786636
160.27227653463626
160.2958799133011
160.35917893013092
160.35909369547528
160.3590932272935
160.36000615005128
160.36000615005128
160.36042582089704
160.36040815314882
160.3751046381747
160.3781033532756
160.3915239327674
160.39177522604146
160.39174510523247
160.39075809924591
160.39075848361426
160.38970096016286
160.39177522604146
160.39177543426473
160.39177601151673
160.39178708478482
160.39212711787934
160.39271328159253
160.39631325388007
160.397492547001
160.397492547001
160.39804006076383
160.39805509377118
160.3980563499842
160.39827732709364
160.39822694614466
160.40141462780494
160.40141465118967
160.40312872851513
160.40349877525634
160.40683242332204
160.40680547951098
160.40761178185593
160.40841523215522
160.40852062701626
160.40980086166502
160.4098900587401
160.41187499539257
160.4115864403204
160.41137299436315
160.41138076897255
160.41240251102906
160.4125985949072
160.41526862704993
160.4152715651586
160.4152716101517
160.4156385326893
160.41605629772755
160.41607236982944
160.42004181523612
160.42004177024302
160.4200846887946
160.42056323605223
160.4210800110248
160.42322540344747
160.4231648767943
160.42316488171167
160.42348214259974
160.42312978559897
160.4247355463088
160.4247355669238
160.42473803467067
160.42473803467067
160.43121038933458
160.43129342963178
160.43131011267465
160.43132445232095
160.43146108399733
160.43146138694408
160.43146137084537
160.43164108004143
160.4316469122767
160.43145462328536
160.432651540846
160.43265601914933
160.43267372300082
160.43387056291138
160.43414046024265
160.43414093726585
160.43414332448242
160.43417709526793
160.43417717002174
160.43407251684394
160.43666585186665
160.43796318705446
160.43964882485713
160.43964900217318
160.44042170151974
160.44052495169424
160.44696748675122
160.44722090202563
160.44707665403516
160.4478528290562
160.44802904399904
160.4598595075327
160.47930168976117
160.47930223772002
160.47932183922273
160.5115171905921
160.51358193979547
160.51358401391056
160.51358402309603
160.51369695728124
160.51421852268385
160.514202489708
160.5153955558643
160.5154680664201
160.51553601812213
160.5155362957636
160.5155362957636
160.5158582126688
160.51585824299644
160.5158600414203
160.51635396719095
160.52159375881928
160.52501262112025
160.52512322419702
160.5252271563523
160.526064570522
160.52631245069102
160.52845012183434
160.52847170571127
160.52847170571127
160.52866468936807
160.52869445969765
160.53082679516473
160.5312352132304
160.53095024978825
160.53117270378888
160.53328843853197
160.53502426669618
160.5350421661855
160.5351333305601
160.53588483136852
160.5668666070482
160.56731454324688
160.56894336281695
160.57392771381782
160.57393053129928
160.5741831225881
160.5757920015784
160.5757919241288
160.57583372759842
160.5758549264286
160.60816424838063
160.60817599182272
160.60817519115892
160.60819393322583
160.61030501301073
160.61045439306164
160.61065198979924
160.6106520106101
160.6106524413809
160.613538871188
160.61442151270822
160.61442151270822
160.61435516525302
160.61444189313755
160.61655395839287
160.61605286950197
160.61613314819212
160.61613314819212
160.6279897827487
160.62799009296873
160.6278771036694
160.62792302755668
160.62794750492478
160.6279897827487
160.62803559422323
160.63091572733677
160.63094039417638
160.6309487132724
160.64671344587796
160.64671604580195
160.64668929922908
160.64676822910707
160.64675638135833
160.65616160683732
160.6561616976382
160.65695252442106
160.65704780826712
160.65726786114053
160.65727587711066
160.65730636344105
160.65758530831752
160.65765479735055
160.65765479735055
160.6578792978628
160.65791404155541
160.65783024356182
160.65783038577808
160.6578313662424
160.65783143528904
160.65791404155541
160.6580054258973
160.65803145344927
160.658058620964
160.65807368097248
160.65807383135626
160.65811933268867
160.65837597552203
160.6590577587722
160.65973788668865
160.65971388115432
160.65971397495778
160.65973670198414
160.66000456731402
160.66038850479822
160.66046159543347
160.660720664656
160.66072075575445
160.6607208176931
160.6608099338581
160.66111143346623
160.66115153200616
160.66115460781816
160.6612028226111
160.6612034855199
160.66129384487786
160.66134578424314
160.66608756436625
160.666108507356
160.66611469736495
160.6661217293702
160.66613073456125
160.6661308548059
160.6661309123531
160.66613273618216
160.66613921923803
160.66616818322152
160.66616823649596
160.66617768803795
160.66620829537322
160.6662406597293
160.66625663349456
160.66655785143385
160.6665579084975
160.6695136212221
160.66955954292
160.66976337197076
160.66983054937407
160.67010916932298
160.67010925539526
160.67010468890544
160.67079858513455
160.67082949288482
160.6712210956121
160.67149406268697
160.67149408430396
160.6717351041817
160.67194035090859
160.67660054489096
160.67661154759557
160.67699280213768
160.67729424051797
160.67727782576813
160.6773134562886
160.67731349483415
160.6776148091858
160.6786624996426
160.67868283652308
160.67940347194207
160.6794251923892
160.6794267840981
160.67943519531835
160.67985326337177
160.67992898998568
160.6799455426176
160.67992349042052
160.67995397500857
160.68000028258263
160.68002300857782
160.6800515361994
160.68007637835973
160.68009782707517
160.68009793810563
160.6800980003558
160.68014224524853
160.68014587865963
160.68018972676026
160.6801897893546
160.6812237329121
160.6813182558142
160.68254793519557
160.68322458243537
160.68325267214448
160.68325389256256
160.68355547671993
160.68393424678115
160.68391057052096
160.6841130311173
160.68411307007884
160.68430674721634
160.6843067637931
160.68437623472866
160.6844014719114
160.68470307872204
160.68471487065503
160.6847342114998
160.68493153098035
160.6849315379933
160.68497296051498
160.68537180635175
160.68537180936454
160.68541782993444
