with mode=3, handoff cost coefficient = 1.0
158.38525989969568
158.40918888394464
158.4848747202197
158.6061380436379
158.90954310331472
158.92798695876334
158.99581954028008
159.8140820131565
159.8281294772292
159.8890336272965
160.3773598247763
160.3826377311045
161.16095906524052
161.17292797654835
161.17292797654835
161.1729292578335
161.44672565765725
162.67106388848867
163.1346335850586
163.1325559446432
163.18653300940952
163.1895051431013
163.1810334262491
163.20675700886437
163.2607641796903
163.2607439401994
164.4077453336939
164.4077453336939
164.43301961274346
164.4330149696919
164.50332862218235
164.52842474690965
164.52842383015897
164.52840996658534
164.52887009561712
164.5774884622026
164.5774405361121
164.58770316750125
164.59360458541116
164.6445442650928
164.64677440423534
164.6871573924448
164.70867161818555
164.75005518830287
164.76122041178402
165.056719240301
165.06779157394533
165.0688512888541
165.07554507800282
165.07554856770003
165.0755313204699
165.0782760551385
165.07832756946684
165.07829262221526
165.08022469004592
165.1060363844744
165.11374361918442
165.1229580969705
165.12799637597564
165.12797541054138
165.16378879049503
165.16379599534068
165.16379599534068
165.16383050339078
165.16383050339078
165.18085279734092
165.18083982822532
165.18463710338636
165.18459942163133
165.21154220334233
165.2134688341881
165.2496827622632
165.24405073295392
165.25023734630201
165.25021991203437
165.25021991203437
165.25023561511568
165.25023561511568
165.25023561511568
165.27714157439627
165.27715466727247
165.27717049966236
165.51851621763356
165.53904835773508
165.5408392585087
165.5408040559758
165.5390731096746
165.5390731096746
165.5390731096746
165.5390731096746
165.5390731096746
165.5390731096746
165.5390731096746
165.5390731096746
165.57156266863674
165.59425323213034
165.59424485531542
165.59549345889508
165.59546137462985
165.59546137462985
165.59603026672607
165.59603026672607
165.59603026672607
165.59603026672607
165.59603026672607
165.59603026672607
165.59603026672607
165.59603026672607
165.59603026672607
165.59741548170362
165.5973699861854
165.5973699861854
165.5973699861854
165.5973699861854
165.5973699861854
165.5973699861854
165.5973699861854
165.5973699861854
165.5973699861854
165.6191776545703
165.61920164299823
165.61922463399227
165.6192295113433
165.6192295113433
165.6192295113433
165.6192295113433
165.6192295113433
165.6192295113433
165.6192295113433
165.6192295113433
165.6192295113433
165.6192295113433
165.6192295113433
165.6192295113433
165.6192295113433
165.6192295113433
165.6192295113433
165.6192295113433
165.6192295113433
165.6192295113433
165.6192295113433
165.6192295113433
165.6192295113433
165.6192295113433
165.6192295113433
165.6192295113433
165.6192295113433
165.6192295113433
165.6192295113433
165.6192295113433
165.6192295113433
165.6192295113433
165.6192295113433
165.6192295113433
165.6192295113433
165.6192295113433
165.6192295113433
165.6192295113433
165.64304140480328
165.6412950948274
165.6413057589469
165.64181090045543
165.64181090045543
165.64181090045543
165.64181090045543
165.64181090045543
165.64181090045543
165.64181090045543
165.64181090045543
165.64181090045543
165.64181090045543
165.64181090045543
165.64181090045543
165.64181090045543
165.64181090045543
165.64181090045543
165.64181090045543
165.64181090045543
165.64181090045543
165.64349834499257
165.6434976657192
165.65364967705372
165.6534102197618
165.6537056265148
165.65370209858426
165.65370209858426
165.65575383593392
165.65578076777442
165.65874618239368
165.66043214876498
165.6604151979026
165.66820658802118
165.66820658802118
165.66821511078257
165.66818713700366
165.6796522801921
165.69051666873395
165.69871059328435
165.69871132290018
165.69872818563493
165.69871479447346
165.69871479447346
165.69871479447346
165.69871479447346
165.69871479447346
165.69871479447346
165.69871479447346
165.69871479447346
165.69871479447346
165.69871479447346
165.69871479447346
165.69871479447346
165.69871479447346
165.69871479447346
165.69871479447346
165.69871479447346
165.69871479447346
165.69871479447346
165.69871479447346
165.69871479447346
165.69871479447346
165.69871479447346
165.69871479447346
165.69871479447346
165.70220758518727
165.70221181942838
165.70238153407882
165.70255682877303
165.70255682877303
165.7202259525473
165.71965727260343
165.71970427026292
165.72126685637232
165.72126685637232
165.72145733374555
165.72142934081091
165.72142934081091
165.72142934081091
165.72142934081091
165.72142934081091
165.72142934081091
165.72142934081091
165.72142934081091
165.72142934081091
165.72142934081091
165.72142934081091
165.72142934081091
165.72142934081091
165.72142934081091
165.72142934081091
165.72142934081091
165.72142934081091
165.72142934081091
165.72142934081091
165.72142934081091
165.72142934081091
165.72142934081091
165.72273730292028
165.72273730292028
165.72273730292028
165.72328664836522
165.72328664836522
165.72328984537734
165.7232866657376
165.7232866657376
165.7232866657376
165.7232866657376
165.7232866657376
165.7232866657376
165.7232866657376
165.7232866657376
165.7232866657376
165.7232866657376
165.7232866657376
165.7232866657376
165.7232866657376
165.7232866657376
165.7232866657376
165.7232866657376
165.7232866657376
165.7232866657376
165.7232866657376
165.72645864209187
165.7264497556477
165.7261313177763
165.72610177825257
165.72610177825257
165.72610177825257
165.72610177825257
165.72610177825257
165.72610177825257
165.72610177825257
165.72610177825257
165.72610177825257
165.72610177825257
165.72610177825257
165.72610177825257
165.72808257321046
165.72808257321046
165.72808257321046
165.7286513397421
165.8332515960564
165.83374083560003
165.8332812843198
165.8332775230089
165.83733522772127
165.83803992880647
165.83802627853873
165.83588869142355
165.83588869142355
165.83588869142355
165.83588869142355
165.83588869142355
165.83768263146334
165.83768263146334
165.83768263146334
165.83767205155522
165.83767205155522
165.83767205155522
165.83767205155522
165.83767205155522
165.83767205155522
165.83767205155522
165.83767205155522
165.83767205155522
165.83767205155522
165.83767205155522
165.83767205155522
165.83767205155522
165.83767205155522
165.83767205155522
165.83767205155522
165.83767205155522
165.83767205155522
165.83767205155522
165.83767205155522
165.83767205155522
165.839685703324
165.839685703324
165.839685703324
165.8412412617348
165.8412412617348
165.83986803188048
165.83986803188048
165.83986803188048
165.83986803188048
165.83986803188048
165.83986803188048
165.83986803188048
165.83986803188048
165.83986803188048
165.83986803188048
165.83986803188048
165.83986803188048
165.83986803188048
165.83986803188048
165.83986803188048
165.83986803188048
165.83986803188048
165.83986803188048
165.83986803188048
165.83986803188048
165.83986803188048
165.83986803188048
165.83986803188048
165.83986803188048
165.83986803188048
165.83986803188048
165.84268254628853
165.8436418749838
165.84505737237868
165.84506900027992
165.8462260987836
165.8462260987836
165.8462260987836
165.8462260987836
165.8462260987836
165.8462260987836
165.8462260987836
165.84704968254732
165.84704968254732
165.84704968254732
165.8467304945072
165.8467304945072
165.8483185370354
165.84832857331455
165.84859366221096
165.84890425004244
165.84890425004244
165.84890425004244
165.84890425004244
165.84890425004244
165.84890425004244
165.84890425004244
165.84890425004244
165.84890425004244
165.84890425004244
165.84890425004244
165.84890425004244
165.84890425004244
165.84890425004244
165.84890425004244
165.84890425004244
165.84890425004244
165.84890425004244
165.84890425004244
165.84890425004244
165.84890425004244
165.84890425004244
165.84890425004244
165.84890425004244
165.84890425004244
165.84890425004244
165.84890425004244
165.84890425004244
165.84890425004244
165.84890425004244
165.84890425004244
165.84890425004244
165.84890425004244
165.84890425004244
165.84890425004244
165.84890425004244
165.84890425004244
165.84890425004244
165.84890425004244
165.84890425004244
165.84890425004244
165.84890425004244
165.93021108666335
165.93021810220083
165.93061830172223
165.93062532630927
165.93062532630927
165.93062532630927
165.93341287454984
165.93339085591543
165.93340161536779
165.9334184915742
165.9334184915742
165.9334184915742
165.9334184915742
165.9334184915742
165.9334184915742
165.9334184915742
165.9334184915742
165.9334184915742
165.9334184915742
165.9334184915742
165.9334184915742
165.9334184915742
165.9334184915742
165.9334184915742
165.9334184915742
165.9334184915742
165.9334184915742
165.9334184915742
165.9334184915742
165.9334184915742
165.9334184915742
165.9334184915742
165.9334184915742
165.9334184915742
165.9334184915742
165.9334184915742
165.9334184915742
165.9334184915742
165.9334184915742
165.9334184915742
165.9334184915742
165.9334184915742
165.9334184915742
165.9334184915742
165.9334184915742
165.9334184915742
165.9334184915742
165.9334184915742
165.9334184915742
165.9334184915742
165.9334184915742
165.9334184915742
165.9334184915742
165.9334184915742
165.9334184915742
165.9334184915742
165.9334184915742
165.9334184915742
165.9334184915742
165.9334184915742
165.9334184915742
165.9334184915742
165.9334184915742
165.9334184915742
165.9334184915742
165.9334184915742
165.9334184915742
165.9334184915742
165.9334184915742
165.9334184915742
165.9334184915742
165.9334184915742
165.93341287454984
