with mode=1, handoff cost coefficient = 1.0
174.22586431126973
174.2498095828256
174.3257896627711
174.3372789806635
174.3852653061316
174.40559201625226
174.4141183058499
174.43723087841875
174.54558068607093
174.55395707228953
174.5705162732393
174.59932235030652
174.65373331877618
174.67284844546413
174.68461917900305
174.6854101980544
174.74547269604787
174.81395431677834
174.82700823950785
174.83786243787335
174.89636684539718
174.91485157254564
174.9154293793551
174.91779178864832
174.93780887692225
174.93839457632788
174.94649270937452
174.99491440409565
175.0416069580753
175.13818095782332
175.16889956580349
175.18939774877276
175.26351622200724
175.30503605408435
175.31079734192298
175.31111376348122
175.328987068432
175.33521953105196
175.37235670927925
175.42261786946756
175.45342907606064
175.46948031866307
175.51278321069975
175.51555114384192
175.52749184840064
175.53953973370116
175.56321435469286
175.62512437016778
175.6366045118716
175.658311924582
175.6778054064623
175.67794769751336
175.67965953556958
175.69055644072654
175.6991105974759
175.72506376620103
175.7355840759859
175.73859934611536
175.7427650545787
175.8213431504469
175.83502550640134
175.8709453280024
175.88340079901835
175.89677175995993
175.9187586980643
175.97049255747976
175.97081916569408
175.97192359144262
175.99057981485532
175.99248187646705
176.00290305217777
176.0329569756768
176.07992736204835
176.08539784941743
176.08704577778963
176.08906172578415
176.11412875230388
176.11915574993662
176.22909789083025
176.2634649438864
176.27112326221356
176.27085424689972
176.28594989082362
176.29387300056038
176.31549119090056
176.37540130616728
176.37818890430773
176.40881050617102
176.4523161686137
176.46622740730524
176.49530411738775
176.49460949250002
176.57139949768487
176.59412473491665
176.6720126136309
176.67454151731917
176.67740923340008
176.6776136687746
176.67906559449847
176.69656816030593
176.69296555438785
176.74375460381341
176.7460665022814
176.74734985632404
176.7633574972726
176.7623038527743
176.7724615740027
176.7726128564137
176.79264290825566
176.7917678347725
176.82165114450996
176.82314069250415
176.8220487678232
176.82395598935173
176.83242259112717
176.83196540227897
176.89495906055214
176.9398913273183
176.9399577784257
176.9390935995401
176.9417946222007
176.95270903938726
176.98019158415767
176.97831976672137
176.9856824199099
176.98685209839783
177.0436092733951
177.04176641740585
177.04394604236816
177.05176183612008
177.05250226117428
177.10238218463167
177.1307402599534
177.1744409976921
177.17483322443834
177.25029549149218
177.2750465246046
177.28161449926955
177.3293127367417
177.3435939833226
177.34557001725807
177.38945841378478
177.39949841103447
177.4288266203961
177.43307909424308
177.43975280134538
177.45614980475887
177.47008208081323
177.4687214850967
177.49779401648206
177.49799280710755
177.4967439567781
177.53898813963718
177.5429932488417
177.546143982969
177.55751589293263
177.58906059327362
177.62856350197603
177.68936076043073
177.69030462466122
177.72844734316396
177.72908257172915
177.73110266638986
177.74496538065685
177.7719594030875
177.7708759145849
177.7758135017247
177.77958143313634
177.77935043256022
177.78046074308187
177.79197188188957
177.8208697730612
177.82776274278123
177.84046800164128
177.87090169265178
177.86948957434277
177.89637324433062
177.89651593577452
177.926802157892
177.9421634321535
177.9419334700333
177.94366535920398
177.94728043533408
177.94771271898543
177.95334279893896
177.98227675692857
178.02977134320722
178.07451838067627
178.13274538374307
178.13328584766847
178.13377942784464
178.14633643072548
178.20709996986605
178.2205707398597
178.26543379883992
178.2927740708418
178.31934227091014
178.3677817513504
178.37943145076363
178.37774149783857
178.39925840064683
178.4886694347843
178.51853914815092
178.53457515807978
178.5643510876317
178.6099639651705
178.6070598920524
178.65590901261928
178.68346653823681
178.71270858539873
178.7245566553919
178.7238704380919
178.74273071344777
178.74181302382968
178.78755505266042
178.7934386570742
178.79878181454905
178.81232437160526
178.8294637394738
178.83326891812487
178.8634173888617
178.89413044664184
178.92327738652085
178.92999231819184
178.93202850651832
178.93761237273046
178.99400161705353
179.03593862881192
179.06541572563455
179.08066378967337
179.10761783223822
179.1196349709379
179.11998957262418
179.181928304978
179.25662481737908
179.25672933929724
179.2868007824036
179.2866404040991
179.28612376260065
179.31681789259886
179.32931037746974
179.32860075846204
179.33871367871433
179.352023462778
179.35335963794984
179.3533021783837
179.36721509386132
179.37810569319856
179.39219472330473
179.44654515490907
179.44489651884254
179.46990217104724
179.482321271295
179.5292442643926
179.53087102602393
179.54431604219107
179.57399520604608
179.57530406449672
179.57432480331656
179.6168968986766
179.61877193591306
179.66499145438945
179.72475131243954
179.76690380591657
179.76794079649517
179.77018548969357
179.7725728484271
179.7820788914264
179.80546412342062
179.81950053871833
179.8196306168011
179.8645643236341
179.86507554687984
179.96578583610804
179.96620971709822
179.96806886729166
179.97125873770742
180.0298159710072
180.059717700741
180.06988763077743
180.1364587257073
180.14775486044192
180.18554196612988
180.20776639650893
180.2062524171366
180.21018198807366
180.25678259825997
180.29245336707
180.29188871361615
180.29209531118173
180.2924021923581
180.31741075025556
180.3436616075258
180.40230888832986
180.45697216461045
180.49383025766537
180.50289009335657
180.5150802600471
180.51676377073986
180.53858573566242
180.5424317869632
180.5453882951148
180.559073602917
180.5567469565961
180.61338614329887
180.62265928604148
180.6776740158433
180.67552979449468
180.67537379236413
180.72094844935816
180.71922709758226
180.72015416506733
180.72320930120026
180.72055147156155
180.74920194640188
180.74954247621486
180.7491830468082
180.7727571729906
180.7821877356279
180.7930318679559
180.79173899178912
180.79180218184314
180.83668289214734
180.84748554749925
180.8591285953884
180.8662889603038
180.8639277198189
180.87843763500118
180.87318536457911
180.8753192861642
180.87847878309805
180.89468166512205
180.93554667062605
180.95937950832086
180.97087424223423
180.98099967462542
180.993034498798
180.99820572985794
181.05116645916928
181.08608258010125
181.102599268154
181.10395756326136
181.10865521563113
181.1519388112666
181.1759409145173
181.1756212748997
181.17653251099685
181.25208629072137
181.2525141569363
181.28296140737496
181.28395875492652
181.28332172358722
181.28503861155312
181.32671751564794
181.35512236658835
181.3541602968347
181.35894320623038
181.35872798073805
181.36015127049703
181.4062466131052
181.42945438887133
181.44120224238637
181.44119936101933
181.4390614306278
181.43863457073326
181.45533284011188
181.4669903394681
181.498466651843
181.49496402963652
181.49891249371757
181.51358653916392
181.5448317123787
181.54644644043148
181.54964524003296
181.55991933636267
181.5874758825063
181.61511995176124
181.6403370792961
181.64954979907336
181.67865731008573
181.680707808946
181.6901188814927
181.68968980452965
181.68767606351452
181.7178845726113
181.74023432517347
181.76428724966019
181.76518003430792
181.78945997182507
181.80186998755354
181.79976266349783
181.8298066331145
181.86435016392304
181.87390570736812
181.8738740358748
181.90354139335201
181.91231219265015
181.9259420944515
181.92749523666848
181.96767924115107
182.03432580864325
182.04886687319615
182.0615531472608
182.11635660834762
182.11591726615268
182.14204572952994
182.14265027491186
182.1449841192529
182.145401130822
182.14588200083574
182.17321473110124
182.18535072944073
182.22870323465983
182.23978632103118
182.2504877816394
182.25469007682818
182.25588276118145
182.25687518415918
182.25834481422964
182.2588859787414
182.2697172629965
182.2697361516618
182.28473281389316
182.31223212955476
182.30975634910746
182.31021675813153
182.32060342398847
182.36595499868434
182.41206141475752
182.4107502199213
182.4084739117486
182.40957393486346
182.40984253776787
182.43385331773874
182.43337884626533
182.43027428451828
182.43656650781048
182.43686344283302
182.4398299495415
182.4407772059729
182.44396983883684
182.48070952105158
182.48193621722237
182.49358985658716
182.49460142600014
182.49187498037844
182.49087459994934
182.52583645939956
182.53587990031502
182.59182217902958
182.62483621104604
182.6475874883564
182.67006918800868
182.6679959682472
182.68006050245333
182.68924598066872
182.6911587019994
182.68929234016818
182.70497193018392
182.71552290402295
182.71609315456203
182.76367899256937
182.7786852187135
182.79565537180292
182.80704206828213
182.80768798500162
182.80728805735387
182.80617501035368
182.80643538146927
182.833304529266
182.832745767078
182.83434262053555
182.84741154034617
182.84760782701053
182.89056172231915
182.92246330253425
182.95257286784295
182.9610918250275
182.992526653759
183.00328702182537
183.00243367074128
183.00289443909043
183.00315075230463
183.00290226919512
183.01595101357458
183.01520990804403
183.04609673415004
183.07819161243322
183.07727662135335
183.0799763651388
183.09990992484552
183.09913641532384
183.098894799657
183.1408764283909
183.19137617631824
183.21379968441772
183.21025647208532
183.2230048121359
183.25014192431712
183.25214690016892
183.2639473468993
