with mode=0, handoff cost coefficient = 1.0
174.22586431126973
174.24858841727365
174.28331645916
174.50823510021633
174.54890255387608
174.54887927622167
174.54448896695394
174.76908538004992
174.77064470100683
174.80299694766862
174.82368375081393
175.04655866867424
175.05436672924526
175.05494567227657
175.0647710896975
175.06079043633008
175.05051735278846
175.08051229646503
175.08148976125108
175.08639013882592
175.08640408401115
175.08645328815254
175.09041923894085
175.09213385405323
175.08285948514546
175.0799293481554
175.07901494567446
175.07903295421178
175.09213385405323
175.09215529477137
175.09265912594412
175.10332827167383
175.10349177542162
175.28493242368802
175.2824850333491
175.28396361102574
175.39382117557386
175.39382013269878
175.44899105411417
175.44954929189805
175.4490455777609
175.45110595055905
175.47985688043718
175.48026602354614
175.47963700727914
175.65986585886128
175.66077088764467
175.65760300618484
175.66083781781577
175.66082996081883
175.77166896295466
175.95080105738634
175.95396893884623
175.95663594382052
175.95662816416143
175.95731154370424
175.95753550538583
175.95979749836624
175.9826146488684
175.98615636903767
175.98885372712826
175.98634884762103
175.99036171671568
175.9905344447458
176.03094974119614
176.0290782557911
176.02923631301283
176.02999214138225
176.03022350708673
176.03094974119614
176.03111887024116
176.03005869253485
176.02939378734726
176.02939480458795
176.03153289711008
176.03735194672598
176.03741291362425
176.03751959917827
176.07489195821802
176.07705779392927
176.0769493658458
176.077374391527
176.10405368422013
176.10343132215183
176.10345970364597
176.10378466860297
176.103854398123
176.11688206692756
176.1170496990322
176.119211073292
176.1190740662235
176.122099599154
176.123130492928
176.12313156997416
176.13422627716344
176.13429506874542
176.170140509373
176.17140159828708
176.17168022747487
176.2265615357003
176.22600828210346
176.22600851398423
176.22570335444865
176.22940715520164
176.22940812254674
176.2325974316724
176.2322349925459
176.25222950358994
176.2604175564626
176.26070957316327
176.26124958634054
176.26156460050356
176.2615774471409
176.2618820681311
176.2627083077709
176.26267528661714
176.26331813463133
176.2715338592851
176.27152238943552
176.27152530899073
176.2711287037851
176.27113724379785
176.2715338592851
176.27159437920682
176.27159519886504
176.2756608667321
176.27936264205198
176.27920761184055
176.27920383965608
176.27884096318712
176.2788506809291
176.27936264205198
176.27951560929176
176.2795792095538
176.27971272710414
176.28024910248325
176.2803837799288
176.28083853113793
176.28279663381664
176.28308743398065
176.28309882920857
176.2832868690462
176.283374800356
176.28351055148886
176.28358690618643
176.28593108542685
176.28592527302212
176.28593498130274
176.2859365747731
176.2859377704523
176.28627606491966
176.28627664409532
176.28628245650006
176.28628238613445
176.28649748667775
176.28649634202114
176.30016890080105
176.3003209546196
176.30054113026682
176.30170193321047
176.30169636051747
176.30226259927366
176.3023156944745
176.30235933426695
176.30445280433648
176.30448512363338
176.30441687293026
176.30441710038306
176.3056599773632
176.3056276580663
176.30566317439664
176.30567218439393
176.3056714851857
176.30582195225878
176.30618423004995
176.311186113055
176.31210112155716
176.31227326103547
176.31227415683477
176.32591674168148
176.3259255553232
176.32702637661754
176.3282589276577
176.32839526562563
176.32855607807943
176.33409973983035
176.33410055222157
176.33410081723642
176.33454343487833
176.3351545808067
176.35771914733286
176.3577248032761
176.35763785324312
176.36594049623017
176.3659007044486
176.3659767142395
176.36610173347927
176.3661017499879
176.3672503625316
176.3673271006781
176.3674224603795
176.36734572223298
176.36738638605934
176.36747906659613
176.3674368847365
176.3731707060366
176.37321805805738
176.37323060453298
176.37323926335944
176.37340538862247
176.3801624092871
176.380214661392
176.38023590451664
176.38023594092485
176.3802362381222
176.38230284730588
176.38231314806495
176.38231328479694
176.38242022019892
176.38242416334617
176.38253863684977
176.3836336361664
176.38363360283782
176.383733110065
176.38372877632634
176.38394515797052
176.38616505125867
176.38616544192752
176.3861695248078
176.3861719368297
176.38629670907594
176.3862855076661
176.38629185722272
176.3864561224011
176.39147609894627
176.3915042726389
176.39150553912407
176.3915063918731
176.39145110272656
176.39343727309918
176.39347889317528
176.4001971956204
176.40622150241396
176.40728769886547
176.40830634008574
176.4083387831296
176.41333627010147
176.41495471475983
176.41524028671043
176.4152684934647
176.41530636844294
176.41530675195222
176.42029286152794
176.42029738630907
176.42047375081466
176.42049429086092
176.4204944628715
176.42075179099493
176.43436216071183
176.43450823958648
176.43471862239244
176.43471886205575
176.43484209469102
176.43499101072922
176.43499153139226
176.4350231752728
176.43514615655457
176.43514632751464
176.43707343512878
176.43717845236117
176.44304931446504
176.4430500873777
176.44306989036517
176.44377155536935
176.44874168103655
176.448839371256
176.4488479944306
176.44884800558998
176.44890892278522
176.44897810453924
176.44899310083693
176.44895646029104
176.4489718401774
176.44910348770395
176.45035927449433
176.45048359968206
176.45138745336112
176.46497317029133
176.46507762048395
176.47863657142943
176.47865779549483
176.4787128649304
176.47982671625246
176.47982738294942
176.47981586857173
176.47989701336542
176.47991384380447
176.47992000175284
176.50261668593072
176.50829987556827
176.50824919239543
176.50838109639838
176.50852645656005
176.50845607128122
176.50857288297465
176.5085729833672
176.5085957753722
176.5085985131503
176.50859819974377
176.5096251946567
176.5096069948229
176.51071635354396
176.5118217863282
176.51195416452666
176.51208469224747
176.51268464978878
176.5270279096365
176.52702146007334
176.52706894739305
176.52903015535412
176.5377764210557
176.53887411909096
176.54475195186484
176.5582933529113
176.55844166410932
176.55865388893872
176.5597425153448
176.5591974594459
176.5641454825883
176.56421763040106
176.5643006843339
176.5642999044871
176.58699161752438
176.5869923973712
176.58856538309078
176.59041118687725
176.6047990355771
176.60490931787595
176.60490909960663
176.60503416753073
176.60503417443906
176.60509201120868
176.605215927472
176.61099659384686
176.61593722004568
176.61607476348033
176.61623091455476
176.6162633173203
176.61627065559122
176.6162717190545
176.61640448934318
176.61641262083558
176.61680495155403
176.63117820709223
176.63117852816245
176.63125940545888
176.63794597409503
176.6606243826643
176.66074471760083
176.66610318538775
176.6661036813926
176.66616335736626
176.6662277591977
176.67116240596525
176.6710905695913
176.67113590009416
176.6711765934664
176.67117829079103
176.67134593622535
176.67135056221323
176.67202358919934
176.6720340185178
176.6855340605512
176.68555798825625
176.68555840625731
176.69045819223112
176.69045873152993
176.69047051996768
176.69048873749634
176.69048871103087
176.69048873749634
176.6905571424203
176.690591669317
176.69061440532445
176.69067990104182
176.6913581312946
176.69135897070512
176.69138447334112
176.6915458280578
176.69160506781407
176.69167480778216
176.697324156504
176.71078563503278
176.7107808945054
176.71078717234033
176.7107919128677
176.71077995305453
176.71176676544945
176.71176693450283
176.71176674552663
176.71192779521854
176.71192848806257
176.72536408691735
176.72544811161245
176.72557203480815
176.72559029621888
176.72559091832295
176.72574190479799
176.72569500973924
176.73082721972068
176.73085965782303
176.73106539028203
176.73112437067456
176.7312347687462
176.73123506564625
176.73123584206473
176.73128296197316
176.73128311037772
176.7312827427892
176.73133586506722
176.73143956316184
176.73211848885396
176.73211523349678
176.73211498870498
176.73219748496965
176.73275894019207
176.73277292757467
176.73282086689105
176.73349551008928
176.74787329480648
176.74787332198414
176.7478734480561
176.7478026737743
176.7478028296859
176.74787329480648
176.75921134935854
176.75923859286763
176.7592388481035
176.759514816854
176.7595148536589
176.7595279130403
176.76006935165123
176.7600700469188
176.76007010751837
176.76010807870648
176.76344420951898
176.76344942450865
176.76346629666742
176.76380190190483
176.76625186120336
176.76628648440246
176.7662919784614
176.766375773661
176.76638065326665
176.766375773661
176.76637557081696
176.76638057313266
176.766428199437
176.76644768842738
176.76646005344122
176.76652386104516
176.76659293930948
176.76661370162884
176.7670606063894
176.76967991614515
176.76969909783134
176.76970372875633
176.76970928078828
176.76968298545745
176.7697037044656
176.76988816395115
176.76988866598947
176.76988172207058
176.76988189462344
176.7698822117614
176.7702144110923
176.7702336710331
176.77023411949637
176.7702826061095
176.77028301068174
176.7708248102803
176.7708886051984
176.77419290898874
176.7742460221186
176.77514608738647
176.77519220712577
176.77519478773561
176.77526181063868
176.77526322110074
176.77545539639962
176.77545561784066
176.77549183211667
176.778284106504
176.778343381817
176.77837082771467
176.78267962626862
176.78268253534236
176.78274220692512
176.78279928028846
176.78286887193215
176.7829358396964
