with mode=3, handoff cost coefficient = 1.0
174.22586431126973
174.22586431126973
174.5678786657137
175.05019985419074
175.13321990352517
175.85785449505056
175.96504456435812
175.9648147623432
175.98842321597414
175.98845376764473
175.98844187899195
176.71012454480373
176.7321125377302
177.40845477056348
177.40194611837867
177.54123887665233
177.56304308285743
177.84371809000768
177.84377263758043
177.84359798907306
178.10269665983196
178.35508935639535
178.97866767674697
179.00653920762363
179.00617183897313
179.00624483433035
179.025032800679
179.22591647712716
179.22623283962457
179.24186751251597
179.6227579102079
179.9830697718484
179.98309071756455
181.03373572313927
181.03369129734918
181.0988998740089
181.0988765536977
181.11570163079966
181.11561479368115
181.1153314615562
181.16001020974278
181.16006438624436
181.15595678128426
181.1655743341346
181.16365636820063
181.1636360654913
181.17009702523816
181.16938612323628
181.16938612323628
181.170616892209
181.170616892209
181.170616892209
181.43851834076082
181.4466762350662
181.44657361545927
182.38231530458137
182.37352612223825
182.38360111081036
182.37522931088148
182.37522931088148
182.5883879230336
182.59662199221404
182.59647982162394
182.60807300541748
182.60105231799454
182.60111856972478
182.63475508693122
182.63393678112354
182.62084188643095
182.62027409876973
182.62027409876973
182.62027409876973
182.62951325537904
182.62960953442402
182.62960953442402
182.62960953442402
182.62960953442402
182.63287321779248
182.63287321779248
182.63287321779248
182.63363209866844
182.63363209866844
182.6458744511322
182.64622937854293
182.65317540075384
182.65325904109338
182.6563158482724
182.65607061712882
182.65665676985654
182.6632793170722
182.6632793170722
182.66628878693004
182.66644187755642
182.67289781566228
182.67520444699153
182.6752316691883
182.6749804019522
182.68189336890748
182.68151975432966
182.68092029770276
182.6892058539122
182.68419528544933
182.6846390366216
182.68803126087397
182.68803126087397
182.68854656312385
182.68796691932494
182.68796691932494
182.68796691932494
182.68796691932494
182.68796691932494
182.68796691932494
182.68796691932494
182.68796691932494
182.68796691932494
182.68796691932494
182.68796691932494
182.68796691932494
182.68796691932494
182.68796691932494
182.68796691932494
182.68796691932494
182.68796691932494
182.68796691932494
182.68796691932494
182.68796691932494
182.68796691932494
182.68796691932494
182.68796691932494
182.68796691932494
182.68796691932494
182.68796691932494
182.68796691932494
182.68796691932494
182.68796691932494
182.68796691932494
182.68796691932494
182.68796691932494
182.68796691932494
182.68796691932494
182.68796691932494
182.68796691932494
182.68796691932494
182.68796691932494
182.68796691932494
182.68796691932494
182.68796691932494
182.68796691932494
182.68796691932494
182.68796691932494
182.68796691932494
182.68796691932494
182.68796691932494
182.68796691932494
182.68796691932494
182.68796691932494
182.68796691932494
182.68796691932494
182.68796691932494
182.68796691932494
182.68796691932494
182.68796691932494
182.68796691932494
182.68796691932494
182.68796691932494
182.68796691932494
182.68796691932494
182.68796691932494
182.68796691932494
182.68796691932494
182.68796691932494
182.68796691932494
182.68796691932494
182.68796691932494
182.68796691932494
182.68796691932494
182.68796691932494
182.68796691932494
182.68796691932494
182.68796691932494
182.68796691932494
182.68796691932494
182.68796691932494
182.68796691932494
182.68796691932494
182.68796691932494
182.68796691932494
182.68796691932494
182.68796691932494
182.68796691932494
182.68796691932494
182.68796691932494
182.68796691932494
182.68796691932494
182.68796691932494
182.68796691932494
182.68796691932494
182.68796691932494
182.68796691932494
182.68796691932494
182.68796691932494
182.68796691932494
182.68796691932494
182.68796691932494
182.68796691932494
182.68796691932494
182.68796691932494
182.68796691932494
182.68796691932494
182.68796691932494
182.68796691932494
182.68796691932494
182.68796691932494
182.68796691932494
182.68796691932494
182.68796691932494
182.68796691932494
182.68796691932494
182.68796691932494
182.68796691932494
182.68796691932494
182.68796691932494
182.68796691932494
182.68796691932494
182.68796691932494
182.68796691932494
182.68796691932494
182.68796691932494
182.68796691932494
182.68796691932494
182.68796691932494
182.68796691932494
182.68796691932494
182.68796691932494
182.68796691932494
182.68796691932494
182.68796691932494
182.68796691932494
182.68796691932494
182.68796691932494
182.68796691932494
182.68796691932494
182.68796691932494
182.68796691932494
182.68796691932494
182.69058251337714
182.6910229586652
182.69226698348336
182.69243842010286
182.69264246721832
182.69448187072044
182.69428584378977
182.69428584378977
182.69428584378977
182.69428584378977
182.69428584378977
182.69428584378977
182.69525049004207
182.69698580581453
182.69696452146607
182.69692547640858
182.69729191027713
182.69729191027713
182.69729191027713
182.69729191027713
182.69729191027713
182.69729191027713
182.69729191027713
182.69729191027713
182.69729191027713
182.69729191027713
183.12311220532104
183.12321462334296
183.12316230661546
183.12522967095907
183.1252817463714
183.1254881399153
183.1255761643034
183.1255761643034
183.1255761643034
183.1255761643034
183.1255761643034
183.1255761643034
183.1255761643034
183.1255761643034
183.1255761643034
183.1255761643034
183.1255761643034
183.1255761643034
183.1255761643034
183.1255761643034
183.1255761643034
183.1255761643034
183.1255761643034
183.1255761643034
183.1255761643034
183.1255761643034
183.1255761643034
183.1255761643034
183.1255761643034
183.1255761643034
183.1255761643034
183.1255761643034
183.1255761643034
183.1255761643034
183.1255761643034
183.1255761643034
183.1255761643034
183.1255761643034
183.1255761643034
183.1255761643034
183.1255761643034
183.1255761643034
183.1255761643034
183.1255761643034
183.1255761643034
183.1255761643034
183.2134197690923
183.2133820046743
183.21295184644353
183.21285144777434
183.21285144777434
183.21285144777434
183.21285144777434
183.21285144777434
183.21285144777434
183.21285144777434
183.21285144777434
183.21285144777434
183.21285144777434
183.21285144777434
183.21285144777434
183.21285144777434
183.21285144777434
183.21285144777434
183.21285144777434
183.2154436454053
183.21550116354308
183.21550883761824
183.21550883761824
183.21550883761824
183.21550883761824
183.21550883761824
183.21550883761824
183.21550883761824
183.21550883761824
183.21550883761824
183.21550883761824
183.21550883761824
183.21550883761824
183.21550883761824
183.21550883761824
183.21550883761824
183.21550883761824
183.21550883761824
183.21550883761824
183.21550883761824
183.21550883761824
183.21550883761824
183.21550883761824
183.21550883761824
183.21550883761824
183.21550883761824
183.21550883761824
183.21550883761824
183.21550883761824
183.21550883761824
183.21550883761824
183.21786209131935
183.21793715135436
183.21794008133432
183.21812313101637
183.21812313101637
183.21812313101637
183.21812313101637
183.21812313101637
183.21812313101637
183.21812313101637
183.21812313101637
183.21812313101637
183.21812313101637
183.21812313101637
183.21812313101637
183.21812313101637
183.21812313101637
183.21812313101637
183.21812313101637
183.21812313101637
183.21812313101637
183.21812313101637
183.21812313101637
183.21812313101637
183.21812313101637
183.21812313101637
183.21812313101637
183.21812313101637
183.21812313101637
183.21812313101637
183.21812313101637
183.21812313101637
183.21812313101637
183.21812313101637
183.21812313101637
183.21812313101637
183.21812313101637
183.21812313101637
183.21812313101637
183.21812313101637
183.21812313101637
183.21812313101637
183.21812313101637
183.21812313101637
183.21812313101637
183.21812313101637
183.21812313101637
183.21812313101637
183.21812313101637
183.21812313101637
183.21812313101637
183.21812313101637
183.21812313101637
183.21812313101637
183.21812313101637
183.21812313101637
183.21812313101637
183.21812313101637
183.21812313101637
183.21812313101637
183.21812313101637
183.21812313101637
183.21812313101637
183.21812313101637
183.21812313101637
183.21812313101637
183.21812313101637
183.21812313101637
183.21812313101637
183.21812313101637
183.21812313101637
183.21812313101637
183.21812313101637
183.21812313101637
183.21812313101637
183.21812313101637
183.21812313101637
183.21812313101637
183.21812313101637
183.21812313101637
183.29258887755714
183.29258468931218
183.2926001751485
183.29274802064901
183.29274802064901
183.29274802064901
183.29274802064901
183.29274802064901
183.29274802064901
183.29274802064901
183.29274802064901
183.29274802064901
183.29274802064901
183.29611163313297
183.29574082675475
183.29626866178143
183.29634165077627
183.29634165077627
183.29634165077627
183.29634165077627
183.29634165077627
183.29634165077627
183.29634165077627
183.29634165077627
183.29634165077627
183.29634165077627
183.29634165077627
183.29634165077627
183.29634165077627
183.29634165077627
183.29634165077627
183.29634165077627
183.29634165077627
183.29634165077627
183.29634165077627
183.29634165077627
183.29634165077627
183.29634165077627
183.29634165077627
183.29634165077627
183.29634165077627
183.29634165077627
183.29634165077627
183.29634165077627
183.29634165077627
183.29634165077627
183.29634165077627
183.29634165077627
183.29634165077627
183.29634165077627
183.29634165077627
183.29634165077627
183.29634165077627
183.29611163313297
