with mode=0, handoff cost coefficient = 1.0
168.0155889081914
168.01183288281445
168.0081917867905
168.0601636138751
168.0930755395767
168.09127809109802
168.09970042225086
168.14505327934808
168.14287138386732
168.38516491458532
168.3875337309627
168.3875334867289
168.47129296664832
168.71287052001662
168.7128493484265
169.11163568028914
169.14796063848632
169.14796162561535
169.20722038533145
169.19553482355255
169.22276433912154
169.23079260718674
169.23079256958573
169.23876855200416
169.23935757940976
169.2780390602357
169.27734218319762
169.2768873120939
169.27696598282347
169.26198069227388
169.2780390602357
169.2885836386119
169.31990193729803
169.36485477599484
169.36686555171204
169.37253098374964
169.37715522536348
169.37688088858025
169.40357504271472
169.39378056737723
169.39917954182144
169.4023510246043
169.4064631265463
169.40916985757528
169.42055266908247
169.43150622679306
169.4255764799428
169.4256465901203
169.42463410884403
169.43269762670278
169.43373987334223
169.43374126722875
169.43435113368662
169.46142505407238
169.46736139228238
169.46784517549202
169.46786397780346
169.46995016931277
169.47248057538556
169.47421749248278
169.47580195328953
169.48308116188198
169.48512529670919
169.4820066195163
169.48300152726102
169.48418630671063
169.48135801415447
169.5301080125289
169.53012017626213
169.5234651678005
169.52922841252888
169.5292291018601
169.53281879377937
169.5297638285806
169.52666891243484
169.52935228157025
169.57273940056217
169.58180511658293
169.57412573385605
169.57437440258252
169.57515210885495
169.6078927246815
169.60799487227644
169.6118317160988
169.61203235432947
169.61203264627403
169.61267028872854
169.61277797203363
169.61277859452622
169.61277876519895
169.61024405571322
169.6103992130802
169.61277797203363
169.666201971999
169.66619514850228
169.6670524650892
169.66869891321213
169.66854472020145
169.6700582736722
169.66999114109916
169.67035875307587
169.67019466748957
169.67116795946166
169.67138436389197
169.67131095110364
169.671310924658
169.6712281070955
169.67144545796924
169.67252363431763
169.6728168715272
169.69720959651332
169.70040008482937
169.7005068269056
169.70050702112638
169.7005077942311
169.70147002461547
169.7014701228551
169.70148895813318
169.70151650876306
169.70279677009978
169.7026645148449
169.70487255963064
169.7050284741112
169.70509563728524
169.70476210141013
169.70518767979428
169.70614087305256
169.7068203783881
169.70677602561742
169.7066813368769
169.70536098425984
169.7066813368769
169.70709157261942
169.70709188214946
169.7291807661077
169.72982466367827
169.73053021348744
169.73203152585398
169.73410824348338
169.73551498442757
169.73551501162834
169.73723465925517
169.73762893675695
169.73762825606823
169.73795768030718
169.73795783308756
169.7379577142085
169.7371522541598
169.75102810671342
169.75110283729282
169.75209071595535
169.75471050684516
169.75471051024311
169.75471053215895
169.75471074945418
169.75606589826802
169.75615785826471
169.75780338398494
169.7577095893962
169.75770985688388
169.75923144076702
169.75923171617112
169.759274531481
169.75935199043732
169.75935297468655
169.75930045499067
169.75962117233868
169.75997198079142
169.7598649042014
169.76029792528587
169.76028461916314
169.7603786262699
169.76043855379112
169.76050042717367
169.76069218257433
169.7606923206875
169.76069393614316
169.76070637659072
169.7609643184852
169.76101749874306
169.78537130312006
169.78537147040154
169.7853721982778
169.7852616767749
169.78533012144263
169.78537130312006
169.7855922700645
169.7858165562274
169.78602086265096
169.78602248874012
169.79689238712564
169.79689244101
169.79677805221428
169.79739621676214
169.79739515682866
169.79949163139713
169.79992137962248
169.81207839553818
169.81207862056903
169.81199258367286
169.81198094888006
169.8120447302477
169.81391861272002
169.8143311117905
169.8164389584045
169.81659977089492
169.81674401262788
169.8168726885307
169.81687361248802
169.81844753652942
169.81848517861613
169.82203830703483
169.82204048176453
169.87292166634114
169.87295577686135
169.87294396064843
169.8727891172421
169.8747173129049
169.87472400648366
169.87664198389902
169.88152501228345
169.8814900843437
169.8818205014743
169.88182054295123
169.8818205924215
169.88177132604895
169.8813794872482
169.8818205014743
169.8957836261975
169.89623956306383
169.8962396979355
169.90142683331507
169.90145746747066
169.90152764093517
169.90410442442806
169.90411166305842
169.90412834763833
169.90426252062778
169.9044566516941
169.90446195231385
169.91758656183245
169.91759347504086
169.92015246599826
169.92020975219805
169.92253791796412
169.92253701607868
169.92253764003158
169.92252357281004
169.9230147600234
169.92301486394618
169.92302872925356
169.92325720987102
169.92372327517063
169.949204041069
169.9492527287914
169.95015523372
169.95245154225915
169.95250945503187
169.95269633001465
169.95328907024162
169.95376663011314
169.95416451067013
169.95415818186416
169.95415814182041
169.9746407323807
169.97464211723252
169.97501381080554
169.97500549826933
169.9752453206302
169.9752498663333
169.9754176914489
169.97630689298984
169.97633042032058
169.9763665149221
169.9767226509655
169.97672281415961
169.9769094279879
169.97708472007514
169.9770868158265
169.977165348041
169.97716565835805
169.9772502526081
169.97724540678115
169.97736068098976
169.97736552681664
169.97811770412406
169.9781156460717
169.97821885714797
169.97821775103404
169.97819538207972
169.97855053489343
169.9787763427101
169.9788254179199
169.98416394198688
169.98417870432516
169.98417881366979
169.99026663749473
169.99047434685835
169.99058996876735
169.9923267597489
169.9925279686772
169.99246796927665
169.99247946352622
169.99252705548778
169.9925559614903
169.99256696043068
169.9947028111087
169.9948084121367
169.99560213811745
169.99563665069434
169.9956506818976
169.99567780240818
169.99567803883133
169.99594351818087
169.99664634298364
169.9966591829127
169.9969064607729
169.9970409278613
169.99704282761604
169.9970486740026
169.99706379353904
170.0182461035732
170.01825714284158
170.02067478990008
170.0206761899062
170.02583404431635
170.02583993566816
170.0470172484122
170.04787105064753
170.04788866180095
170.04789186353852
170.04795221800634
170.05001038245737
170.05030625910786
170.05030651707798
170.05379795310157
170.05384392260424
170.05385430920987
170.0538598016939
170.0538598485919
170.05371993887408
170.05904340755194
170.05915232044404
170.05915279947808
170.05930747192488
170.05930359998743
170.05932795255637
170.05933003083538
170.05933180603185
170.06122202070807
170.0613662809276
170.06136638637344
170.0613664607137
170.06137086647107
170.06140483228097
170.0614159564282
170.0614287741547
170.06208624006342
170.06444112539452
170.06449058724357
170.06449092090782
170.06470116130112
170.0647721061992
170.06475998584494
170.078613263565
170.0787003325123
170.0809144716232
170.0810702796901
170.0845636616167
170.08457330115357
170.08465662277433
170.08566708226428
170.0856638485856
170.08537330276206
170.08537332406542
170.08538013887616
170.08566708226428
170.08569606807066
170.0857799618103
170.08578066166666
170.08578066916576
170.08752453679992
170.08752289795248
170.09056462415072
170.09059271044507
170.09367608659636
170.09367851258924
170.09367867332523
170.09387081779786
170.09389132327692
170.09496038143612
170.09499027152322
170.09499011078722
170.0949901179137
170.09500753039174
170.09500756259422
170.09501446656242
170.09501798672855
170.0950578785329
170.0950969618491
170.09518985164257
170.10208279877043
170.1021639169433
170.10222439054064
170.1149739663336
170.11502796426095
170.11535099868092
170.1153524053624
170.1153546561868
170.11541441950536
170.11538457463948
170.11547256785283
170.11552510531448
170.11552746297235
170.11552791804985
170.11558510071188
170.1159995519517
170.1160061533406
170.11601247234802
170.11608491005288
170.11608699201028
170.1160906675606
170.11612287242008
170.11613090112198
170.1161480500434
170.1161483698385
170.1161485783983
170.11614863318405
170.1161893520662
170.1161925306544
170.11621682626625
170.11621834682322
170.11621837541443
170.11621842227714
170.11616649476827
170.11621682626625
170.11773676759364
170.11776514370771
170.11777713926733
170.11777600906336
170.1177843774129
170.11907193413896
170.119071939806
170.11907951861258
170.11912493348746
170.11912689924824
170.12244224724355
170.12247725320609
170.12248502131172
170.12248504031018
170.12250949452346
170.12250948938197
170.12253742542725
170.12253812510306
170.1225479715996
170.12257561618435
170.1225793317655
170.12258402891402
170.12258821607446
170.1225893835757
170.12259507721876
170.1225950823681
170.12261234223303
170.1226127984857
170.12261430581736
170.1239382426824
170.12394283780884
170.12394284119802
170.1239451698027
170.13031751114698
170.13035500461348
170.13035913510464
170.1305169298615
170.13060299215732
170.13063763942887
170.13080272458922
170.1316730890279
170.1316738326652
170.1316739499013
170.13180635982113
170.1318386808125
170.1318428567455
170.13184326432366
170.13184397794606
170.13184695150935
170.13184935772733
170.13184891359037
170.13184969366097
170.13237426805875
170.13242686693087
170.13242836509636
170.13242844053534
170.13243004851617
170.1324288985683
170.13244266355053
170.13246363431296
170.1324636393701
170.13246309589607
170.13246310127576
170.1324636169123
170.13247426732738
