with mode=1, handoff cost coefficient = 1.0
168.0155889081914
168.0945216864383
168.1386297366224
168.1547523949367
168.2528833172797
168.27158347517306
168.29261760398464
168.33126745826866
168.3516367472422
168.3679398690851
168.44485576220325
168.46307120495848
168.52043999478275
168.56969777471932
168.61688674541858
168.62213797681278
168.64385960096666
168.65660415038184
168.70308391551566
168.7297915909569
168.7424799646392
168.79859456880064
168.82137291397876
168.83793553536384
168.90167462021523
168.90607735413326
168.92300044462704
168.9299423120453
168.9722141907488
169.02662609719133
169.07958179999702
169.13414124753376
169.14064187880751
169.15535931032994
169.20937935396307
169.21294092526952
169.2809977953023
169.32710702430026
169.3743563312168
169.40043642441026
169.45531092787257
169.47876725738888
169.4788353501312
169.48776199173201
169.49351885483838
169.51453944393427
169.51623292317973
169.59059320187094
169.62425260272676
169.65394355294922
169.66628964050557
169.71251148187358
169.71640666625495
169.7190906541951
169.72439866918177
169.77059564378655
169.81589764448313
169.84955013313223
169.98134750453917
169.99424348907053
170.0518154347431
170.09336822508504
170.09427602980523
170.1484468583475
170.15736868271966
170.1937750773501
170.24065174693013
170.27574961563118
170.3095136088471
170.3152912470651
170.3330852410048
170.37993463301663
170.3887060472347
170.39962885533768
170.50330942470256
170.5050388094575
170.58122156432694
170.59342984057798
170.60733655556263
170.6085737882218
170.6064093786611
170.65915323283838
170.68737227016393
170.73222997154974
170.88100248928293
170.90014692403037
170.90394371251818
170.9566413311087
170.9853320039981
171.01042637801154
171.0440527191028
171.0459643194627
171.08969463977004
171.15791672376886
171.21111995948704
171.22210685698454
171.23991905110074
171.28770713842124
171.34545570323553
171.36411704020412
171.41858135244726
171.41860468389186
171.41688044959446
171.50926749144213
171.55890757607827
171.59210838201878
171.59300597414176
171.61347953747554
171.61987980074582
171.6191071460471
171.6536607720748
171.65837081526553
171.70459188245502
171.7324425415579
171.74368713667525
171.792817323191
171.8032586414147
171.80743398270667
171.86615578108163
171.86473184637762
171.88048028858344
171.95509954564776
171.9809419408973
172.06654447309623
172.0817971326503
172.1314797777288
172.13797245567096
172.18508043317703
172.23237137507033
172.2916977761224
172.34442814496518
172.34970399142028
172.39821857776974
172.43950872600612
172.48378162959594
172.5268739680698
172.53074225259803
172.53095114883138
172.55806185671196
172.55812113883627
172.58564398880452
172.58895867469744
172.58495406125502
172.6292671174136
172.63611395005492
172.65143971516594
172.71922502044404
172.75867179627753
172.75783443602106
172.81466860834666
172.82415163181142
172.82639388557888
172.84007178177038
172.84639608588068
172.89830296939022
172.89869343325603
172.91381173923264
172.90813059114345
172.9576546113864
173.00861671258784
173.0694921865298
173.06986204319855
173.10948638592575
173.10900754022515
173.15669441046944
173.16076712004897
173.22620186714212
173.25810413097466
173.26915299973078
173.274128575766
173.27156072761554
173.33594165196658
173.39687030398184
173.4239512060574
173.43466860038853
173.45075217055864
173.49158745200145
173.5851694140462
173.62707475589195
173.628747962195
173.67461114556
173.70284549358914
173.70352813517846
173.70428123436477
173.7090339211633
173.7163440209325
173.75879559799264
173.80391462168498
173.80886582855953
173.81096881083846
173.82186104702964
173.83128634462227
173.83983876305535
173.83699356918848
173.868056772756
173.9036961028447
173.9550968567772
173.95556911263185
173.9600105744921
173.96253901031113
173.96791866594427
174.01799875285414
174.06363700418024
174.1096074630896
174.11682164190853
174.11445087069
174.16078682143055
174.16564648325829
174.18712729638088
174.18781821293862
174.24628252571134
174.25721834357998
174.25827840186253
174.26900250929796
174.26834812395646
174.2791114100038
174.27838299819632
174.29209192971558
174.2946644513735
174.29754953656692
174.2974701252129
174.30187416962679
174.30467155030354
174.3221015763813
174.3636740067009
174.36998611557823
174.37266952069268
174.38993027315732
174.39163197167954
174.43155409487224
174.43341736184223
174.48264371161684
174.48442408720624
174.5315249005361
174.55284129291422
174.6192985966013
174.62075343043978
174.6283176484334
174.62589734680122
174.62417653101414
174.63509201903904
174.6340652045292
174.64364588412053
174.64353902160374
174.6810528139542
174.68382087629158
174.70705551525978
174.70860928689703
174.7116879564391
174.7246831313169
174.76437863716717
174.7654071865901
174.8125502516184
174.80723968809247
174.84795468782602
174.85538663471291
174.85949263161447
174.89026057723962
174.89202980513826
174.89209112000452
174.89354219691108
174.90669725172194
174.90690081967426
174.94433442149315
174.95196275102413
174.95218019575665
174.95230409731883
174.99071658737668
174.9994164320525
175.04090352485647
175.0833268424068
175.0844823169831
175.0911940671249
175.10037198035607
175.1030433393294
175.10318584150465
175.1415686622262
175.1420690137726
175.18307681749366
175.19277042750568
175.19332730393458
175.1991254890758
175.19891901899823
175.19894012741767
175.20544556949713
175.20557101495234
175.26999763368147
175.28090215178543
175.28007270488246
175.28060557051356
175.31689690918554
175.40131794628437
175.44894843700675
175.45754711683264
175.45887693420772
175.45990812198647
175.45861703499622
175.46948555434966
175.46953535216656
175.49528112877002
175.4969886603606
175.49685852627343
175.5368323557985
175.53664463329633
175.55878198540557
175.56823030714392
175.6136430695477
175.61175917344409
175.61077315064085
175.65139752077462
175.6520913321536
175.68235696277821
175.69114477613718
175.69125626665593
175.71654014319645
175.71882759292689
175.76791490170274
175.77385232884012
175.77403359631262
175.78478846156858
175.78703453011553
175.81720485198838
175.81903799955242
175.81980465501948
175.820010505351
175.82016914968978
175.82105679965971
175.81724286577972
175.82899911089675
175.88801717905403
175.8880479305588
175.89980711664242
175.90112266577117
175.9228326663766
175.92984726953486
175.98323623536956
176.0056708830241
176.0053654323335
176.00679417555318
176.0196956333407
176.05773263128808
176.10399398903743
176.14191816202407
176.1859783192245
176.18800426503424
176.19646809186838
176.2028108279225
176.25986558064687
176.31453625851998
176.31620006802672
176.36536000326586
176.36389337552473
176.3620554219938
176.3637108409646
176.39585730404377
176.41917653369228
176.41916295396956
176.47546089483848
176.48437433976554
176.48548643251831
176.48572337846826
176.48579532274877
176.48604390334808
176.48548650806143
176.50783534191484
176.53015704179248
176.53216810226812
176.55386647396318
176.55626364810246
176.5844751683668
176.58388386816486
176.58431317068724
176.58348399874006
176.58613045724627
176.62601021175703
176.62690413378124
176.62620592902633
176.62609285394055
176.62491751619595
176.62725189216957
176.6264131919011
176.65078950832537
176.66363628838087
176.66489670036174
176.66441228243596
176.67391283110544
176.70720373743427
176.70586534060564
176.70561256664658
176.70153102456047
176.73804505837066
176.7867445628933
176.8099855131995
176.81484785468086
176.81636402561287
176.81720121296615
176.81943828765702
176.86927428378576
176.87252956687198
176.87536934680833
176.88371993157568
176.89280502914025
176.88936699402
176.93570894418173
176.93601430147558
176.9356225397762
176.95526076254572
176.95314832475475
176.95047906522794
176.95206148208996
177.02539062488344
177.08235751523242
177.08024762630689
177.0796535850507
177.09772621156193
177.10988898620428
177.1091700303274
177.10838944870818
177.10714972125632
177.1072222351071
177.10988898620428
177.12172248144157
177.12304828284306
177.12890146022966
177.13118849493176
177.1623175538159
177.1660228656426
177.185777358589
177.18574289429782
177.1954602671853
177.19662611887907
177.19787591631965
177.1981374370385
177.2231578311724
177.24028142056375
177.2493351727552
177.2505116405878
177.26981169794436
177.28656903890018
177.28708206944452
177.31838992365164
177.34386402617395
177.34451731871155
177.34491597426842
177.34993044509258
177.36158581790107
177.3615468976764
177.36158796804784
177.36537675689124
177.37257295466605
177.38110099912018
177.38168484205858
177.38196187006872
177.38210464900382
177.4113149229109
177.42030380408661
177.43485402544417
177.4345188427255
177.45246702201644
177.47861485935357
177.48351822970602
177.4901239102474
177.50467110602796
177.5046547256432
177.51495537166767
177.5147823420378
177.52483484329707
177.52451330938985
177.52421130967718
177.53138304102353
177.54813498897784
177.54930398795926
177.5574675537931
177.55857653519718
177.5582355027132
177.55861393862548
177.56518706842718
177.56484580858876
177.5649131071653
177.5649485516561
177.57160048978233
177.57227297446155
177.58216664284092
177.61132609002294
177.6114497692362
177.61557996059315
177.64094210147493
177.64467754540397
177.6735018242351
177.67223737525347
177.67828198337
177.68314042263458
177.69123122860577
177.7003545274145
177.70014653646592
177.70041987167318
177.70020701700676
177.7003531442243
177.72974130685935
177.7445354424035
177.7445354424035
