with mode=3, handoff cost coefficient = 1.0
168.0155889081914
168.11981048418073
168.1757785321245
168.19811915977638
168.33556315270098
168.40166849632666
168.47205250021574
168.75508758565604
168.75508573590707
168.77062812601903
169.0300786272517
169.03006815758076
169.04884916959244
169.10870813781867
169.1087103427355
169.15462891209052
170.20126505086773
170.24256649267483
170.44086939410047
171.0707167975003
172.08634399721566
172.08302758141528
172.27615545705441
172.2754281464001
172.4550855580344
173.56810190179024
173.56807588858769
173.5911547301439
173.591302886403
173.63525179274362
173.64463301759594
173.64462726307337
173.84126937896934
173.83486805045717
173.82561990693117
173.82347647414588
173.82791773016797
173.82791773016797
173.83473703738926
173.8435605327605
173.84361930679916
173.85196048730705
173.85101201597072
173.85101201597072
174.4014118204621
174.40334405533545
175.3651744093121
175.41468389049948
175.41491145567178
175.41106428606324
175.41310893236576
175.42380582880574
175.4304394265336
175.43021825993466
175.43026104287762
175.42618949917693
175.42618949917693
175.42618949917693
175.42618949917693
175.42618949917693
175.43032767155051
175.81963278638977
175.8207255661855
175.83474147410607
175.8410822820969
175.84203579585386
175.8440422185849
175.843956308286
176.0934658620122
176.0934596175202
176.0928948687122
176.08434254220086
176.08434254220086
176.08434254220086
176.0871896643768
176.09570908069088
176.0988655017751
176.33284735662045
176.32918800583806
176.3333648282134
176.33334658470693
176.33334658470693
176.33896645450565
176.3392199986723
176.33734111534002
176.33778434885213
176.33778434885213
176.33778434885213
176.33778434885213
176.33778434885213
176.33778434885213
176.33778434885213
176.33778434885213
176.33778434885213
176.35150153670386
176.3515140968381
176.3486673228587
176.34867410043844
176.35176078833962
176.35176078833962
176.35176078833962
176.35196349613625
176.35196349613625
176.35196349613625
176.36209580915218
176.36068136450282
176.3606868970521
176.3677294975352
176.36766740490373
176.64646391024985
176.64623502016667
176.64516858596562
176.64536012667156
176.64536012667156
176.64536012667156
176.66078835455806
176.6608139804785
176.66664817873198
176.66660824415544
176.66661107932936
176.66661107932936
176.66661107932936
176.66661107932936
176.66661107932936
176.66661107932936
176.66661107932936
176.66661107932936
176.66661107932936
176.66661107932936
176.66661107932936
176.66661107932936
176.66881614204289
176.66867931686204
176.66995936044597
176.66996011635854
176.6713140572124
176.67137604579833
176.67463801731284
176.67463646817095
176.6735504318758
176.67342516938572
176.84776386543047
176.84258828783103
176.8451306646607
176.8465169655001
176.8512530251188
176.8523626407248
176.8523618676714
176.85235698368837
176.85235698368837
176.85235698368837
176.86249005666477
176.865289948692
176.86565662991342
176.86566699037462
176.86566547632293
176.86566547632293
176.86762854569054
176.86762854569054
176.86792595276637
176.8678983280135
176.8789257636911
176.87715567955183
176.8777731654771
176.87249022905183
176.87249022905183
176.87490047875812
176.87490047875812
176.8752327713332
176.8752327713332
176.8795446223159
176.87957142862996
176.87957594252293
176.87957594252293
176.87957594252293
176.87957594252293
176.87957594252293
176.87957594252293
176.87957594252293
176.87957594252293
176.87957594252293
176.87957594252293
176.87957594252293
176.87957594252293
176.87957594252293
176.87957594252293
176.8820067467186
176.88407167334654
176.88399049904675
176.88288718158594
176.88288718158594
176.88288718158594
176.88288718158594
176.88288718158594
176.88288718158594
176.88288718158594
176.88288718158594
176.88705421051162
176.8870584006317
177.0398534556962
177.04162772658134
177.04163927719335
177.04131865523294
177.04131865523294
177.04131865523294
177.04131865523294
177.04131865523294
177.04131865523294
177.04131865523294
177.04131865523294
177.04131865523294
177.04408062599953
177.04407670077944
177.0440750584782
177.0440616968383
177.0440616968383
177.0440616968383
177.0440616968383
177.0440616968383
177.0440616968383
177.0440616968383
177.0440616968383
177.0440616968383
177.0440616968383
177.0552209289878
177.05529780900946
177.0568765172851
177.05687882180467
177.0587253171473
177.0589823613023
177.0589823613023
177.19662700113864
177.19662538186049
177.19677866461788
177.19765149790896
177.19765149790896
177.19765149790896
177.19888485976412
177.19888485976412
177.19888485976412
177.19876143834503
177.19876143834503
177.19876143834503
177.19876143834503
177.19876143834503
177.19876143834503
177.19876143834503
177.19876143834503
177.19876143834503
177.19876143834503
177.19876143834503
177.19876143834503
177.19876143834503
177.19876143834503
177.19876143834503
177.19876143834503
177.19876143834503
177.19876143834503
177.19876143834503
177.19876143834503
177.19876143834503
177.19876143834503
177.19876143834503
177.19876143834503
177.20084342529356
177.20142736161
177.20145740022448
177.2014583922775
177.2014583922775
177.2014583922775
177.2014583922775
177.2014583922775
177.2014583922775
177.2014583922775
177.2014583922775
177.2014583922775
177.2014583922775
177.2014583922775
177.2014583922775
177.2014583922775
177.2014583922775
177.2014583922775
177.2014583922775
177.2014583922775
177.2014583922775
177.2014583922775
177.2014583922775
177.2014583922775
177.2014583922775
177.2014583922775
177.2014583922775
177.2014583922775
177.2014583922775
177.2014583922775
177.2014583922775
177.2014583922775
177.2014583922775
177.2014583922775
177.2014583922775
177.2014583922775
177.2014583922775
177.2014583922775
177.2014583922775
177.2014583922775
177.2014583922775
177.2014583922775
177.2014583922775
177.2014583922775
177.2014583922775
177.2014583922775
177.2014583922775
177.2014583922775
177.2014583922775
177.2014583922775
177.2014583922775
177.2014583922775
177.2014583922775
177.2014583922775
177.2014583922775
177.2014583922775
177.2014583922775
177.2014583922775
177.2014583922775
177.2014583922775
177.2014583922775
177.2014583922775
177.2014583922775
177.2014583922775
177.2014583922775
177.2014583922775
177.2014583922775
177.2014583922775
177.20266863335527
177.20266863335527
177.20266863335527
177.20266863335527
177.20266863335527
177.20266863335527
177.20266863335527
177.20266863335527
177.20266863335527
177.20266863335527
177.20266863335527
177.20345269754927
177.20345269754927
177.2034672001384
177.2034672001384
177.2034672001384
177.2034672001384
177.2034672001384
177.2034672001384
177.2034672001384
177.2034672001384
177.2034672001384
177.2034672001384
177.2034672001384
177.2034672001384
177.2034672001384
177.2034672001384
177.2034672001384
177.2034672001384
177.2034672001384
177.2034672001384
177.2034672001384
177.2034672001384
177.2034672001384
177.2034672001384
177.2034672001384
177.584999030573
177.58620373280326
177.58651979306396
177.58770380819809
177.5886318738136
177.58860458396856
177.58887989753134
177.58887989753134
177.58887989753134
177.58887989753134
177.58887989753134
177.59064369643554
177.59064369643554
177.59063595867755
177.59085025648898
177.59085025648898
177.59085025648898
177.59085025648898
177.59085025648898
177.59085025648898
177.59085025648898
177.59085025648898
177.59085025648898
177.59085025648898
177.59085025648898
177.59085025648898
177.59085025648898
177.59085025648898
177.59085025648898
177.59085025648898
177.59085025648898
177.59085025648898
177.59085025648898
177.59085025648898
177.59085025648898
177.59085025648898
177.59085025648898
177.59085025648898
177.59085025648898
177.59085025648898
177.59085025648898
177.59085025648898
177.59085025648898
177.59085025648898
177.59085025648898
177.59085025648898
177.59085025648898
177.59085025648898
177.59085025648898
177.59085025648898
177.59085025648898
177.59085025648898
177.59085025648898
177.59085025648898
177.59085025648898
177.59085025648898
177.59085025648898
177.59085025648898
177.59085025648898
177.59085025648898
177.59085025648898
177.59085025648898
177.59085025648898
177.59085025648898
177.59085025648898
177.59085025648898
177.59085025648898
177.59085025648898
177.59085025648898
177.59085025648898
177.59085025648898
177.59085025648898
177.59085025648898
177.59085025648898
177.59085025648898
177.59085025648898
177.59085025648898
177.59085025648898
177.59085025648898
177.59085025648898
177.59085025648898
177.59085025648898
177.59085025648898
177.59085025648898
177.59085025648898
177.59085025648898
177.59085025648898
177.59085025648898
177.59085025648898
177.59085025648898
177.59085025648898
177.59085025648898
177.59085025648898
177.59085025648898
177.59085025648898
177.59085025648898
177.59085025648898
177.59085025648898
177.59085025648898
177.59085025648898
177.59085025648898
177.59085025648898
177.59085025648898
177.59085025648898
177.59085025648898
177.59085025648898
177.59085025648898
177.59085025648898
177.59085025648898
177.59085025648898
177.59085025648898
177.59085025648898
177.59085025648898
177.59085025648898
177.59085025648898
177.59085025648898
177.59085025648898
177.59085025648898
177.59085025648898
177.59085025648898
177.59085025648898
177.59085025648898
177.59085025648898
177.59085025648898
177.59085025648898
177.59085025648898
177.59085025648898
177.59085025648898
177.59085025648898
177.59085025648898
177.59085025648898
177.59085025648898
177.59085025648898
177.59064369643554
