with mode=3, handoff cost coefficient = 1.0
185.61847426157178
185.62993442429294
185.6818540851735
185.71032876680562
185.71924008486644
186.45707590417862
187.4400915801462
187.5780064781336
187.75970742643864
188.7233919708392
189.85112380433185
189.85053904609964
189.84946487079964
189.84935694075114
190.02952972698705
190.71071388156798
190.720302026505
191.0640422093173
191.08930536903
191.12977957081878
191.50905163363657
191.77804989018858
191.83390559985588
191.83394050442416
191.84790334512584
191.98351470927213
191.98610795895203
191.98711634847893
191.9870825946849
192.02910508651715
192.03063568534438
192.03203046689632
192.0685236430025
192.06391132681117
192.08049339310722
192.0805875219795
193.1114461663272
193.11350925066353
193.11855016774186
193.12257255949
193.1225042025222
193.12325436087164
193.12325436087164
193.12325436087164
193.1279751155198
193.13258301746046
193.1396618396807
193.13922707852157
193.13868930839035
193.1405618348955
193.6328536586675
193.63352149255772
193.95144580701253
193.95300492310832
193.95431717173315
193.9530508826523
193.9530508826523
193.9530508826523
193.9530508826523
193.97692952338218
193.97703025977566
193.97669283483006
193.97678208730926
193.97678208730926
193.97678208730926
193.97678208730926
194.39531840437218
194.42798363861172
194.42781411812607
194.4278202420842
194.42805113824895
194.44409826391743
194.5122732409802
194.51072522397314
194.5107959443019
194.51250315438278
194.87731348004658
194.880048324898
194.8830102824243
195.1407374876203
195.13640717911267
195.13644267194775
195.1386747476614
195.1445810409182
195.1414295866316
195.14140815600942
195.14339596536473
195.14339596536473
195.14380707664597
195.14380707664597
195.14380707664597
195.14380707664597
195.14380707664597
195.14380707664597
195.45813100061952
195.45815383115826
195.4581074643744
195.46088616604436
195.46089497072788
195.46022488325968
195.46022488325968
195.48909408821962
195.49326160940797
195.5074050395091
195.5078398709202
195.50734089099873
195.50726609447707
195.50726609447707
195.50726609447707
195.50726609447707
195.50726609447707
195.50726609447707
195.50726609447707
195.50726609447707
195.50726609447707
195.50726609447707
195.50726609447707
195.50726609447707
195.50726609447707
195.50726609447707
195.50726609447707
195.50726609447707
195.50726609447707
195.50726609447707
195.50726609447707
195.52180151584716
195.68134003342837
195.68186983125554
195.68230299614555
195.91522824280852
195.915104407391
195.9194866426266
195.91889838852475
196.08647345773656
196.08607414382587
196.08514192567114
196.08398166599446
196.08398166599446
196.08398166599446
196.08398166599446
196.08398166599446
196.08398166599446
196.08398166599446
196.08398166599446
196.08706511524792
196.10846809787475
196.1088743874105
196.10925478891892
196.11035390400548
196.1105132481167
196.1110097557005
196.1110097557005
196.1110097557005
196.1110097557005
196.1110097557005
196.11282372546907
196.11362579590477
196.11415729172626
196.1149429264523
196.11503256817278
196.11503256817278
196.11503256817278
196.11503256817278
196.12241353278827
196.12246997989538
196.12264207958358
196.12235271312983
196.13118007017206
196.13283947783648
196.1327405610837
196.1314947188964
196.1314947188964
196.1314947188964
196.1314947188964
196.1314947188964
196.1314947188964
196.1314947188964
196.1314947188964
196.1314947188964
196.1314947188964
196.1314947188964
196.1314947188964
196.1314947188964
196.1314947188964
196.1314947188964
196.1314947188964
196.1314947188964
196.1314947188964
196.1314947188964
196.1314947188964
196.1314947188964
196.1314947188964
196.1314947188964
196.1314947188964
196.1314947188964
196.1314947188964
196.1314947188964
196.1314947188964
196.1314947188964
196.1314947188964
196.1314947188964
196.32009176041194
196.32034761446093
196.31937559723227
196.31924847407586
196.31924847407586
196.31924847407586
196.31924847407586
196.31924847407586
196.31924847407586
196.31924847407586
196.31924847407586
196.31924847407586
196.31924847407586
196.31924847407586
196.31924847407586
196.31924847407586
196.31924847407586
196.31924847407586
196.31924847407586
196.31924847407586
196.31924847407586
196.31924847407586
196.31924847407586
196.31924847407586
196.31924847407586
196.31924847407586
196.31924847407586
196.31924847407586
196.31924847407586
196.31924847407586
196.31924847407586
196.3217796697457
196.3217796697457
196.3217796697457
196.32180781610143
196.32180781610143
196.32180781610143
196.32620080997435
196.32619576748496
196.3263804319995
196.3275068034229
196.3275068034229
196.3275068034229
196.3275068034229
196.3275068034229
196.3275068034229
196.3275068034229
196.3275068034229
196.3275068034229
196.3275068034229
196.3275068034229
196.3275068034229
196.3275068034229
196.3275068034229
196.3275068034229
196.3275068034229
196.3275068034229
196.3275068034229
196.3275068034229
196.3275068034229
196.3275068034229
196.3288788279383
196.3331558236756
196.33309612920738
196.33505677171306
196.33639738021267
196.33639738021267
196.33634552223748
196.33819477580877
196.33819477580877
196.33819477580877
196.33819477580877
196.33819477580877
196.33884147625238
196.33869029954963
196.33860442784868
196.33860442784868
196.33860442784868
196.33860442784868
196.33860442784868
196.33860442784868
196.33860442784868
196.33860442784868
196.34257494793
196.34799081546223
196.34805838131257
196.3481864118432
196.3479395067392
196.3479395067392
196.3479395067392
196.3479395067392
196.3479395067392
196.3479395067392
196.3479395067392
196.3479395067392
196.3479395067392
196.3479395067392
196.3479395067392
196.3479395067392
196.3507823701717
196.35157099502803
196.35157846698633
196.35158598739045
196.35158598739045
196.35158598739045
196.35158598739045
196.35158598739045
196.35158598739045
196.35158598739045
196.35158598739045
196.356787144485
196.35847549510407
196.3583369287332
196.35772937234162
196.35772937234162
196.35772937234162
196.36371799192415
196.36422669554767
196.36426023891607
196.364879849788
196.3656885789905
196.3656885789905
196.3656885789905
196.3656885789905
196.36766762186198
196.36781571435648
196.36788830650974
196.37165774455465
196.37469557545936
196.3745496297522
196.37454467153506
196.3747706384682
196.3747706384682
196.38320183299632
196.38367521803076
196.383663473561
196.3839058402341
196.3839058402341
196.3839058402341
196.3839058402341
196.3839058402341
196.3839058402341
196.3839058402341
196.3839058402341
196.3839058402341
196.3839058402341
196.3839058402341
196.3839058402341
196.3839058402341
196.3839058402341
196.3839058402341
196.3839058402341
196.3839058402341
196.3839058402341
196.51176222891542
196.51140967588654
196.51140378066924
196.51158320407458
196.51158320407458
196.51158320407458
196.51158320407458
196.51158320407458
196.51158320407458
196.51158320407458
196.51158320407458
196.51158320407458
196.51158320407458
196.51158320407458
196.51158320407458
196.51158320407458
196.51158320407458
196.51158320407458
196.51158320407458
196.51158320407458
196.51158320407458
196.51158320407458
196.58467230485877
196.58486294200384
196.5855713463435
196.5855681954389
196.5855681954389
196.5855681954389
196.5855681954389
196.5855681954389
196.5855681954389
196.5855681954389
196.5855681954389
196.5855681954389
196.5855681954389
196.5855681954389
196.5855681954389
196.5855681954389
196.5855681954389
196.5855681954389
196.5855681954389
196.5855681954389
196.5855681954389
196.5855681954389
196.5855681954389
196.5855681954389
196.5855681954389
196.5855681954389
196.5855681954389
196.5855681954389
196.5855681954389
196.5855681954389
196.5855681954389
196.5855681954389
196.5855681954389
196.5855681954389
196.5855681954389
196.5855681954389
196.5855681954389
196.5855681954389
196.5855681954389
196.5855681954389
196.5855681954389
196.5855681954389
196.5855681954389
196.5855681954389
196.5855681954389
196.5855681954389
196.5855681954389
196.5855681954389
196.5855681954389
196.5855681954389
196.5855681954389
196.5855681954389
196.5855681954389
196.5855681954389
196.5855681954389
196.5855681954389
196.5855681954389
196.5855681954389
196.5855681954389
196.5855681954389
196.5855681954389
196.5855681954389
196.5855681954389
196.5855681954389
196.5855681954389
196.5855681954389
196.5855681954389
196.5855681954389
196.5855681954389
196.5855681954389
196.5855681954389
196.5855681954389
196.5855681954389
196.5855681954389
196.5855681954389
196.5855681954389
196.5855681954389
196.5855681954389
196.5855681954389
196.5855681954389
196.5855681954389
196.5855681954389
196.5855681954389
196.5855681954389
196.5855681954389
196.5855681954389
196.5855681954389
196.5855681954389
196.5855681954389
196.5855681954389
196.5855681954389
196.5855681954389
196.5855681954389
196.5855681954389
196.5855681954389
196.5855681954389
196.5855681954389
196.5855681954389
196.5855681954389
196.5855681954389
196.5855681954389
196.5855681954389
196.5855681954389
196.5855681954389
196.5855681954389
196.5855681954389
196.5855681954389
196.5855681954389
196.5855681954389
196.5855681954389
196.5855681954389
196.5855681954389
196.5855681954389
196.5855681954389
196.5855681954389
196.5855681954389
196.5855681954389
196.5855681954389
196.5855681954389
196.5855681954389
196.5855681954389
196.5855681954389
196.5855681954389
196.5855681954389
196.58467230485877
