with mode=1, handoff cost coefficient = 1.0
185.61847426157178
185.67665099047346
185.71394876091554
185.79923404737588
185.8115576154323
185.82765242659417
185.87031976210994
185.90695256032103
185.95493129467926
186.03112888477978
186.09773609185646
186.11244100431685
186.20130069813212
186.25063256598307
186.3105665834845
186.31293468602777
186.32785281364903
186.36027761997215
186.377090249981
186.4082896647439
186.45081860750344
186.460706573649
186.47976840494195
186.48565943135037
186.58718800984653
186.64112127277045
186.69678708576487
186.72933940460675
186.84041496470257
186.91538978919556
186.99578833000976
187.0395372711617
187.04734656458766
187.05267201734318
187.0708566234941
187.07854155565002
187.13940562269295
187.17741107998108
187.19529371541816
187.24395022798245
187.35509640735026
187.40120467454832
187.40135787732044
187.41897061578348
187.48201800485612
187.50756645172376
187.5332643314797
187.61749191352615
187.67120985332923
187.68565814054762
187.6998856561834
187.71617038699273
187.71839127664805
187.71710039438022
187.7405264854896
187.81964357634524
187.87373297214566
187.89280269400712
187.88757840697795
187.88893006191378
187.90310050902895
187.90241229541664
187.90924977414247
187.9254544429503
187.92711385192558
187.93415707354666
188.0075768916202
188.0203064356407
188.0263514083643
188.09195073092786
188.09801638026573
188.11513251228072
188.168877781478
188.19201604235812
188.21052866979932
188.2087519764387
188.21013654202184
188.21550336969855
188.2248276573913
188.25665411138763
188.2577269673485
188.25810026214992
188.2596917506674
188.3023100249283
188.33021725826723
188.36844529939663
188.41094564855277
188.43005790790153
188.472590677542
188.5031943022628
188.50862751455173
188.51171075265918
188.51403512448758
188.54794996203043
188.65999398044823
188.67762374524125
188.72950840191828
188.74548094849354
188.76195542887194
188.7639849624428
188.76642983378972
188.8314282194285
188.88071793942265
188.93109402017257
189.0183283638333
189.01959968896364
189.07433807248137
189.09971342197477
189.11505632044242
189.114715974531
189.16217029461677
189.1950951827888
189.2219807707108
189.23412024332873
189.2706868877028
189.3360459015274
189.37468150221318
189.37339217553256
189.37674727109663
189.39211564580378
189.4673894807806
189.4870445948165
189.54309953226107
189.56800842471804
189.58634613671433
189.586319575677
189.6535625171682
189.69852821948638
189.69681744468383
189.72049280930722
189.71974032422182
189.74256770310006
189.74334680990245
189.74662496076257
189.74531525789325
189.77359027516366
189.821219391861
189.83559896424836
189.85054429245224
189.85494941509887
189.87870361492935
189.8859026203219
189.9486129010198
189.95382381050405
189.97915399489725
189.97793081427295
190.02543951741694
190.04278949510177
190.0656416767745
190.1074330093843
190.1739560363502
190.1767238001844
190.21426760758112
190.21350803280853
190.21068820169606
190.21262760724125
190.2421085250249
190.30718790133164
190.35325668394836
190.39170274738484
190.39335322832648
190.41060093213807
190.4137668118699
190.44204920990444
190.4404306663439
190.44102707463932
190.46451699760962
190.53476713930013
190.56182077678125
190.56252816032128
190.6096256827239
190.61286651021973
190.61525001623562
190.636249719766
190.63746214304797
190.68640554408807
190.72670635185494
190.7515479013614
190.7512281988899
190.7494675781977
190.80197227061166
190.84547556280074
190.84769510861162
190.8611186184801
190.86250845013467
190.90224713229705
190.92902316143557
190.96699663577817
191.00550069153303
191.0226197890148
191.0589951991814
191.0782055107592
191.08034298278952
191.10296840104462
191.13013294530373
191.1290399453262
191.1265329375979
191.12585006975803
191.13735232682583
191.15485240639146
191.15721987768543
191.15993181005365
191.16058502515492
191.2119563804624
191.24792747929285
191.2466914447939
191.24701289191134
191.24967750307457
191.25037994566662
191.2552942536907
191.26034789993523
191.2603630080971
191.28739711204247
191.30948927239038
191.31212773911085
191.41927244457452
191.41794503817272
191.4180802585061
191.41746470408003
191.4650894314059
191.46383440068942
191.48688697445775
191.53136558261218
191.57224637328423
191.62078842437722
191.6696062993267
191.71569217242094
191.71294895046628
191.7761617473057
191.79301281104102
191.79317648586704
191.81049740057887
191.81197603628786
191.81258319125453
191.88567358738834
191.97639530386658
192.01439080147418
192.0168824262865
192.0481671129734
192.05170974520482
192.14291469776302
192.1546471825651
192.15742123900165
192.18633195392547
192.28344625089468
192.28354571121457
192.36729849992548
192.3830568301295
192.379858360881
192.43034182517601
192.4315390946112
192.4863025598205
192.4866413471656
192.48623679169296
192.5042356209171
192.50110204888443
192.50046914211563
192.55033630543852
192.58840044365945
192.62255222391596
192.67072284544673
192.6742857576784
192.68911688055215
192.68532859200087
192.7202335384998
192.76900814586807
192.76954673567562
192.7682358466287
192.76867290396558
192.8383804320948
192.92107402942239
192.92140628082984
192.92225502597714
192.96014078555763
192.99493392521717
192.99289293159717
192.99308552455847
193.1034624616686
193.1507426251965
193.21349261169053
193.24163913517702
193.2701358407739
193.32543178378478
193.3236380718139
193.32161419537
193.32256834725493
193.35193358879113
193.39025017408272
193.38818862742718
193.39030705443855
193.3937373899467
193.4430029172214
193.44086355324748
193.5111191400556
193.50588607601995
193.5170627536854
193.54603407954468
193.57285904888323
193.57670485669416
193.57838225638068
193.6156068169061
193.69287556680496
193.73158895065444
193.73276556495986
193.73186077416577
193.7694455955887
193.80645702556632
193.80619533340015
193.80399025110876
193.80549171018697
193.80919583404545
193.84561278961056
193.8444725210597
193.84425401849305
193.89429064671225
193.90831581648652
193.9352785158599
193.97209839212715
194.0007368619419
194.02624333539282
194.0382120778964
194.03313748343524
194.03490608212326
194.04846009010774
194.0544007614694
194.10182428263414
194.16245978372285
194.16289590716346
194.16375557054386
194.25723540162548
194.30080596103198
194.31591008347638
194.3152390586299
194.3550165233628
194.36703733292154
194.4142986690788
194.41542761514174
194.41668246955206
194.41658239893445
194.43539697360924
194.4342872092899
194.43578394951402
194.4607161666652
194.46630283833096
194.48096431118566
194.54383760924802
194.61378140604518
194.61456087364803
194.6601188361959
194.6574538415821
194.73172569756446
194.73295638321875
194.732922037722
194.74473635501136
194.75563737603662
194.8226670414943
194.8801893242025
194.8809029736151
194.8954953731508
194.92166434256652
194.9198808071288
194.96691833556142
195.00290182697506
195.05180629367683
195.04624314986833
195.04726372373062
195.04707776348474
195.09743818697422
195.09907107377265
195.13396703023983
195.1363197880196
195.18488355821898
195.18385578805652
195.1860320724483
195.20687993706156
195.24131119662746
195.24166693118588
195.24270791578368
195.2617883518936
195.331049201301
195.36834482157602
195.36991645252152
195.3791234145574
195.40049828040867
195.40206354905683
195.42417465987734
195.42336318153008
195.42377853357766
195.43666478120122
195.43848043875548
195.43946366915412
195.44376721534928
195.4426694179055
195.46688487146474
195.46621894521613
195.46788494675698
195.46683206750723
195.4903662739288
195.529008862963
195.5264066813999
195.52609159372574
195.5778211956288
195.57738507526346
195.6049596277159
195.60535385900914
195.60496481633567
195.65673990759728
195.65973698427302
195.6872140446437
195.73411152138448
195.75642127808607
195.77497411801156
195.7708663251876
195.78666100972984
195.78598570989215
195.78715098278778
195.8011903646975
195.80309305649217
195.80246722782658
195.8035443043667
195.82143580256655
195.82240349748184
195.82471057143314
195.82094329663616
195.8225709756839
195.8679479222304
195.89517792575182
195.89491673285733
195.8947162748956
195.89591018953473
195.94710699345254
195.9453653663783
195.94604344612205
195.94587142340498
195.98646762816844
195.98793054734807
196.0139266534163
196.0170422717142
196.0175640300086
196.01612658069658
196.01308929475627
196.04046801866122
196.0416994870195
196.065062431777
196.06466343759058
196.09422111636923
196.0911180538709
196.09170238751025
196.10352026580426
196.1506571479172
196.15182602102698
196.19068751245533
196.19436291679716
196.19176659729385
196.2538254784203
196.26647537950143
196.26627145912744
196.2890146303773
196.29194141161673
196.3133827493263
196.35780270625432
196.40890279275268
196.45625925806283
196.45717546646992
196.45769718660483
196.46745284529072
196.46740647035836
196.4673364758006
196.48862276330954
196.50659208315824
196.55565617434596
196.55395023316152
196.583542479605
196.58480248307276
196.58201683064345
196.6039345577512
196.62810500452906
196.6272071014155
196.6266914999678
196.62527817424558
196.64493601291343
196.64857132675252
196.64868273563985
196.64435951708296
196.64318027309744
196.64538523987633
196.6442008634039
196.66372804912658
196.66415266850208
196.66205074880253
196.69132586177489
196.7153420437026
196.71624430716165
196.71037887946648
196.71092641520443
196.71346280635112
196.71622628489382
196.71624430716165
196.71586284407266
196.74142785914808
196.75112695731713
