with mode=0, handoff cost coefficient = 1.0
185.61847426157178
185.642489056441
185.64224597730268
185.66869593704405
185.6849056961813
185.71885233720164
185.72248930275612
185.7234433507363
185.707426531468
185.7234433507363
186.0265697966018
186.01483510511392
186.01713811632095
186.0219882644784
186.03629294873997
186.11205560210072
186.1157382287633
186.19273871375069
186.2439828955168
186.2448314955417
186.2536562641985
186.25360281619027
186.25368421121667
186.2532357691582
186.2532220413101
186.25638173495716
186.26646745494457
186.26954746847665
186.27511640617226
186.2841979687215
186.28411260995878
186.34638844263182
186.34693673706164
186.33440053205442
186.34208372380493
186.34253270577497
186.3526337698717
186.4383736279203
186.42524799308433
186.45751433871158
186.457746764889
186.45710541430532
186.45599110795916
186.45582694492924
186.50463267540215
186.49182212019608
186.50733845866048
186.50744491755103
186.63427345186204
186.6366823433755
186.63208392925966
186.63208588634745
186.63021533476663
186.70512597262226
186.73792739706312
186.97373962856432
186.9739086899219
186.9790980179177
186.97903383909437
186.98497098128996
186.98441707803622
186.99902162692538
186.99216770157307
186.9926497475834
186.9968126518865
186.9968088957802
186.99902162692538
186.9988657358608
187.19330643767745
187.19558896641394
187.19634600426255
187.196677624598
187.19922149688867
187.20076959221777
187.2021175343782
187.2021396271375
187.2032599370583
187.20335187651472
187.2036661319392
187.20446226521364
187.20493389159606
187.20440952318359
187.20986054733856
187.30784718620964
187.3708682867413
187.37046117793756
187.3674490388194
187.36534379713984
187.3651786909579
187.3708682867413
187.3708776268257
187.37094859383404
187.3709981920656
187.37103234685583
187.3719945964396
187.37216923654205
187.40328314006584
187.44951777408897
187.44950226275307
187.44949736563484
187.52686405117345
187.56219406835703
187.56108738279926
187.56604750151445
187.56626247927488
187.566244322207
187.5712655297912
187.57151916085508
187.57127561111284
187.5715673163314
187.5720305951821
187.5779083845445
187.57788077772042
187.57792167309393
187.57790810465576
187.577946130398
187.57952120533287
187.61062507835268
187.61054804102835
187.61206241289355
187.61902306660903
187.67655341449074
187.7744286653026
187.7744311753851
187.77447493474284
187.87266871096975
187.8730888168889
187.87334116830434
187.87867440608505
187.88298684716835
187.8829931009583
187.88377324282675
187.88373120869727
187.9602668203973
187.9635740017257
187.96351070487262
188.02070333402818
188.02070875024293
188.0206307812329
188.0206589742245
188.02018611886535
188.0226043838583
188.02368507257498
188.0998746204113
188.10598012756049
188.10593683830785
188.1401322373752
188.143311376654
188.1433565335221
188.14341787946
188.14337701915767
188.14355122546095
188.1454354559707
188.1468263932578
188.14686748577304
188.15502734592022
188.1591864921448
188.15938749637732
188.15938916703587
188.1604017409275
188.16045556739297
188.16459022031265
188.21215218395588
188.30820859411244
188.30859880735977
188.3426603593279
188.3438385549924
188.34256002797537
188.34160161085606
188.34174998974726
188.3412531193095
188.3438385549924
188.3932249373083
188.39322526275248
188.39334459392083
188.3933904864107
188.39339956610343
188.39339617467837
188.39325862721057
188.39437085082392
188.39445512263552
188.39447417123142
188.41128574166464
188.41128700459345
188.41128018275487
188.41131134814432
188.41146334390396
188.4116429352605
188.411648092246
188.41203755223594
188.4120375664824
188.4276051551347
188.42839006800045
188.42839661584
188.42807839221538
188.42841925882817
188.42841949890686
188.42847335109678
188.42849102584898
188.43512953388029
188.43527308182462
188.46388017371146
188.4637197211921
188.46379629480458
188.46429917241403
188.4644273307108
188.50281395385704
188.5028981837007
188.5029427435493
188.5032176319712
188.5033028292661
188.5029808922308
188.503002583359
188.50297070123847
188.50280109944464
188.5033028292661
188.50335148607437
188.5033618682653
188.50387164425084
188.50418904425607
188.5041940918932
188.5042287152067
188.50524142141015
188.51710424352518
188.51710438757556
188.51739833775798
188.51740125558428
188.51750145239902
188.51759059905834
188.51797141143703
188.5179875772178
188.51812837445794
188.5186682989046
188.51874418711614
188.51877562450827
188.518885779016
188.5189653920441
188.51896961187828
188.5193287986542
188.5193136853088
188.51931421970625
188.51945156607167
188.52126028519598
188.52128747184054
188.52964100703008
188.52964572618055
188.52960469393335
188.5295713134246
188.52959552754803
188.52969071297352
188.52982143832418
188.52985523850515
188.52985600605416
188.52987954249653
188.52990102674607
188.52987652978788
188.5302825369936
188.53050864168895
188.5540234964318
188.57772609293554
188.57773468732796
188.57773418522504
188.57787990638195
188.57786922483177
188.57799257015665
188.58984780912724
188.58988305216613
188.59060711178682
188.59060136459036
188.59460699906046
188.59463575366263
188.5946415008591
188.60241993744464
188.6025180288187
188.60268399515576
188.6027554360151
188.60276472094665
188.60280145733674
188.60276369441573
188.6029232697726
188.61069160643115
188.6117217953151
188.61304612607154
188.61334079778922
188.6253915803194
188.6254202009345
188.62557762762137
188.6255884570222
188.62543103033533
188.62549539276367
188.62612034588773
188.6261292307952
188.63376758100208
188.63382868596813
188.6458583280671
188.64625893438136
188.64626058273296
188.6462682321142
188.654727375106
188.65472850198358
188.6547968726096
188.65480594134118
188.65499483281917
188.65499657270783
188.6741927733562
188.67414744508847
188.69333833939095
188.69326739997342
188.69415826725327
188.69410208908602
188.69409777298884
188.6941073226228
188.69425197292944
188.69425276373278
188.695518056372
188.69551892189
188.69672643260162
188.6971587208243
188.69726641280522
188.70108485763382
188.70076453453902
188.70078587504378
188.70075325611285
188.70075909587754
188.71278290375042
188.7127829605461
188.71278396917066
188.71392844276846
188.72159910455474
188.72158439332026
188.72167117826112
188.72166052278052
188.72171141712502
188.72165540379675
188.72169897241125
188.72187521741583
188.72187574697026
188.72194732970223
188.72214760063304
188.7221627243618
188.72243066292106
188.7224541279648
188.7229203901611
188.72350829635113
188.72363087856408
188.72363088832864
188.72364109594398
188.72374273137208
188.72374301352676
188.72369426120724
188.72365843485187
188.7237594793453
188.7254220220691
188.72655303567035
188.7512009556881
188.7512009615524
188.751200973476
188.75122734818703
188.7512254533265
188.75122590164364
188.75902503601537
188.75893970755368
188.75889478900274
188.76261453261742
188.76263183876358
188.76270666740126
188.7628389439267
188.76291857040613
188.7629187297855
188.7629685232008
188.7631712502143
188.76322390297193
188.76322395509246
188.775222231611
188.77527645487183
188.77534890363367
188.77533328998777
188.77542524538842
188.77550004495674
188.7897846835116
188.78974760103404
188.78975633441684
188.78972661444038
188.79074378548978
188.79853131802207
188.79854663143846
188.8067821224526
188.80676384829593
188.80698164039626
188.8084282487752
188.80843647083728
188.80843653941596
188.80844832616012
188.80845669412983
188.8087681480414
188.809792684184
188.80979937245758
188.80980016801874
188.80982383995487
188.80984978188704
188.80990202592398
188.80990207074782
188.81047333451215
188.81047240467137
188.81053745982706
188.81145010270114
188.81963623778154
188.8196127858917
188.82244301550656
188.82244524216293
188.82244576366537
188.82244346635844
188.84709884541348
188.84711732991582
188.86630021117577
188.8664401461238
188.86643703680332
188.86645162684852
188.8664561141786
188.86653350660066
188.8665742586209
188.86586588281295
188.86587244251058
188.88505615687302
188.88517942485328
188.88567107045634
188.90484810210575
188.91268251530238
188.9134858858979
188.91350663374772
188.9135135582037
188.91522591466247
188.91523911052104
188.91530503816637
188.91530571722933
188.91531704571196
188.91545740893605
188.92324553533058
188.92317167180246
188.92318007189152
188.92314387356407
188.92341900249826
188.9234191050911
188.92342651683447
188.9234544411289
188.92353776746472
188.92354651591745
188.92350107467712
188.92351472619885
188.9234471300025
188.9242078325787
188.92420791603922
188.92422828022424
188.92435366210682
188.93863721154742
188.93870988818367
188.93874201309325
188.93877631904076
188.93879958201768
188.93880273224235
188.93875573874163
188.93963949498666
188.93964894098116
188.9397062960786
188.93971320970093
188.9397230390938
188.93979536094304
188.9397957048576
188.93979204304065
188.94324938239743
188.94324947811594
188.9431835035574
188.95100171839772
188.95100051863068
188.9510071653261
188.95098187744978
188.97015511611338
188.97020267161852
188.970301478652
188.97036899374575
188.97231339377464
188.97237091474437
188.97306616223435
188.97305176202502
188.97310295968026
188.98735141492477
188.9873590725329
188.98735774932283
188.98736770685315
188.9873781448486
188.98738425187963
188.98737773677698
188.9878299984532
188.99594813039846
188.99603323017544
188.99595213951193
188.9968317023022
188.99693041056594
188.99694301278691
189.00500893413673
189.00502061162635
