with mode=0, handoff cost coefficient = 1.0
173.78696467095477
173.84948127855287
173.85004446782656
173.839869110582
173.8574189993386
173.8775211619867
173.8726769328601
173.85675698898143
173.8567530589783
174.2524041069211
174.27921428574595
174.27921122659964
174.2669932199342
174.29719902042456
174.3102051939191
174.3187899181197
174.315267813557
174.3154780154553
174.39558686779336
174.40234455360945
174.406008726007
174.41125910123853
174.40665426349597
174.4066469722222
174.4067674711353
174.41953138555218
174.41948258479056
174.3993520606677
174.4126093219386
174.4149327663702
174.41953138555218
174.4724383043382
174.47244107793733
174.4913864970635
174.49326598015492
174.49990429109317
174.49854342153068
174.49726301892542
174.4971944805037
174.50242020484313
174.50304235227952
174.5014860252756
174.52717247362995
174.5270080744455
174.52599400916512
174.55385040555953
174.55514557389617
174.64085078021557
174.66079256494987
174.66145856559888
174.68249920604515
174.70815255359105
174.7115278542374
174.71200156893428
174.712573706344
174.7114472021186
174.71144681743903
174.71293851297676
174.71287250687823
174.71287586491246
174.89562222505555
174.8996589217337
174.98423443163392
174.98697199822942
174.9876541282784
175.02320164351318
175.02903535883723
175.03040368842395
175.04061625522493
175.04061477207162
175.0409889480759
175.04098827645103
175.0375232649792
175.04267804602918
175.04288899218864
175.05784292472322
175.09235406675415
175.09732801741148
175.1329659541932
175.144604128219
175.14464590022482
175.14685862705525
175.14357325647975
175.14094138701415
175.1441231581244
175.14395595265142
175.14685862705525
175.15113307947686
175.1511762430425
175.1517424171247
175.16710735533061
175.1662946553379
175.16755135952658
175.18441881757354
175.186958527901
175.18627050599727
175.18717556192001
175.1901939506877
175.21738649268298
175.21861578114863
175.21944879015393
175.22208439987372
175.22254590402846
175.31452132547852
175.3164951258385
175.31726980781193
175.31727454545563
175.3173449292056
175.31802523298117
175.31859872803477
175.31871148624165
175.31891752657066
175.3200593273275
175.3200633681904
175.3200578934875
175.31986774933262
175.31936810697107
175.3200593273275
175.32723674015114
175.3275821717238
175.33599441937727
175.33611762399144
175.33617504736495
175.33678147385424
175.3391408343387
175.33944706866404
175.33950864396536
175.33944706866404
175.34053581315723
175.34083918994935
175.34084067341246
175.3408412045424
175.34086233426217
175.34096380768239
175.3418122086583
175.34181278181794
175.34188637926397
175.34206454152198
175.34259021562087
175.34259100707413
175.34323563226098
175.34328324900247
175.34369776247678
175.35726192065079
175.36008154522926
175.3600842686858
175.36041025897092
175.36041327796596
175.3602625409069
175.36094308868658
175.36098572953304
175.36089298592756
175.3608932721632
175.3611694153422
175.36126164023148
175.36149079820402
175.36150909800455
175.36188901451513
175.36184824979682
175.3618489090141
175.3618195630038
175.3618004325453
175.36191092750815
175.37024794400887
175.3702430085149
175.37056216923222
175.37046100614776
175.37036519220828
175.37055114371984
175.3705013277619
175.37767783711433
175.38599503019165
175.38642231579513
175.38678764182976
175.3867680068071
175.3867684526492
175.38686523682395
175.3866062890294
175.3868283805338
175.3868287716453
175.38690675339538
175.3875867131486
175.3881036474879
175.38819743183836
175.3907126763522
175.3903990959494
175.4118841117341
175.41775398029117
175.4186206385278
175.41861444874345
175.41844099645195
175.41850451652743
175.41790823765294
175.4186206385278
175.41859320772562
175.41862921493538
175.41864612885956
175.41864651135393
175.4186347140634
175.4186892146821
175.42021252178313
175.42157689909004
175.42167334561015
175.42167408849838
175.42180499701976
175.4218051315246
175.42194143282353
175.42190613131362
175.4439491859477
175.44428125667145
175.44422873260254
175.44429857564324
175.44452293022692
175.44483519546608
175.44493631639267
175.44501672310645
175.4452938211209
175.44528945630032
175.44538230357756
175.4455510418226
175.44561127345577
175.44579666077843
175.4458612632466
175.44589816156557
175.44601871250117
175.44639499275758
175.44661863016987
175.4468832458909
175.4470202512274
175.44706343488966
175.4470698963426
175.4470745021547
175.47071963453692
175.4708276073806
175.4708388422607
175.48146692102904
175.48152815700422
175.48152870465307
175.48017495395962
175.4815590528083
175.48229086014612
175.48242436625966
175.48236891818436
175.4824544213694
175.48253910825818
175.48254023730055
175.48267122630662
175.4827248781122
175.48278226193784
175.48280280437314
175.48280299186322
175.48283044240915
175.4828705804493
175.5073616768599
175.5102724673522
175.51029166889293
175.51027719391624
175.51058186548946
175.51316372032716
175.51422671783675
175.51420366954213
175.51428801957067
175.52107997568652
175.52122859950467
175.5215994066524
175.52167040113642
175.52170055817703
175.5217451489467
175.52853029826343
175.52860980700578
175.52866304634966
175.52865611238775
175.52865607871766
175.5291890397932
175.53602296028356
175.5401598003823
175.54011446814556
175.5402913765521
175.54035114367622
175.54036397195128
175.5403911069452
175.54716431796743
175.54718274715253
175.54734175724667
175.5473642761514
175.55801825980208
175.5581237194402
175.55814966137373
175.55961856472388
175.55964435784958
175.5698803713132
175.57665080025427
175.5781022533536
175.57810366045985
175.58205834067266
175.5821674071643
175.5822345031846
175.582378425619
175.58237880867273
175.58249329256114
175.58252838181568
175.58267770152653
175.58628968263469
175.58623881046438
175.58626164591448
175.5862697547377
175.58632579784637
175.58626771252125
175.58626882765984
175.58626643719236
175.5862394740367
175.58632579784637
175.5863757830556
175.58637318393917
175.5863732688905
175.5863841791401
175.58638454790432
175.58642829976583
175.59138892401543
175.59140544245184
175.59141845075305
175.59142782521394
175.59142996179645
175.5914300027961
175.59143009658422
175.59142620138024
175.59150722629218
175.59156331235778
175.5936794335883
175.59982558058374
175.59990755123653
175.5999285272132
175.60059138559387
175.60059978532524
175.60064287531026
175.60073364441084
175.60073967173997
175.60073979240224
175.60072607564905
175.6012367657264
175.60126334189735
175.60126338437635
175.60127892316854
175.60132908990948
175.60133676133628
175.60134793025858
175.60151265834676
175.60149937149313
175.60165923233095
175.60748756334812
175.61087106931194
175.61088295590335
175.61087257972267
175.61425443718088
175.61425445381744
175.61763465543063
175.6176348686574
175.6176355058526
175.61762796413188
175.61763406750822
175.61830041119228
175.61834521976112
175.6183702977265
175.61839450134428
175.62045220262263
175.62046044207554
175.62094129325408
175.6209561736306
175.6209446636816
175.62095091596905
175.63212745943042
175.63213166629788
175.63213205414394
175.63251557628337
175.63589675638178
175.63589704559968
175.6359030811069
175.63598036563565
175.63935987148437
175.6394034180331
175.63959867040046
175.6396314785863
175.64947220981668
175.64948685984152
175.6495004929527
175.64954683817692
175.649535805557
175.64943797923036
175.64947500346983
175.64996296127813
175.6499629692772
175.6500491804054
175.65004927631549
175.65005052396396
175.6500518512325
175.65007126075426
175.6500629954977
175.6501925413541
175.6501953407402
175.65027222262148
175.65232397847785
175.6524649430683
175.6524650750123
175.6525787752762
175.65468352177658
175.65469185202102
175.65470036231193
175.65470485589776
175.65469997021154
175.65470000808494
175.65470017232053
175.6547310314281
175.65485515896057
175.65491914107565
175.6549185693826
175.65491886317156
175.6550939793255
175.65520153464638
175.65519219844862
175.6552230341178
175.65715934059915
175.6571616993219
175.65716202318876
175.65724286051588
175.657236377521
175.65729384060808
175.65730313821575
175.65736479084669
175.65734824234397
175.6573482779572
175.6573555951231
175.65736430653362
175.66997355044342
175.66996886065186
175.67001061379392
175.6700267769543
175.67004321976017
175.68192539564043
175.68197481333098
175.682616993661
175.685997437946
175.68598864931815
175.69111389823172
175.69292189319128
175.69295131405534
175.69293662178828
175.69295805757903
175.69307799204321
175.693100178543
175.69310025816455
175.69515380734427
175.69696123463163
175.69696190986517
175.6970082182938
175.69701754506096
175.69702818296815
175.69703687692086
175.69704055010575
175.69842449907415
175.6984619336379
175.70056225264634
175.70056240723574
175.7011984346422
175.7012201585097
175.71306454613378
175.7130802789401
175.71317705268623
175.7132204968813
175.71359191741837
175.7135912391076
175.7148321994159
175.7148323461969
175.71483085703605
175.71653574118966
175.71991582041815
175.7199164550576
175.71991684706984
175.71994861761885
175.71999709383533
175.72000123518927
175.7200208218542
175.72005017742288
175.7200931171153
175.7201198327622
175.72012592919464
175.72012600986983
175.7201229225898
175.7201233104194
175.72012985189158
175.73273666587863
175.73275579409326
175.7327772440339
175.73615441468456
175.73659886225357
175.7486226046184
175.75043035974164
175.75043875376548
175.75044979741259
175.75091661672298
175.7510070223391
175.75106739187873
