with mode=3, handoff cost coefficient = 1.0
173.78696467095477
173.8250852700728
174.01915275727694
174.19345348331484
174.30305368804306
174.3281939171905
174.89897964060413
175.0876515704328
175.26687850947525
175.26674260576743
175.26667723288378
175.32981053805642
176.58448412909667
176.58842914663592
176.59441591381696
176.57572252447932
176.7288156293891
176.74394731815124
176.86279208739413
177.2226539415145
177.22261195020388
177.2226462055497
178.32554821720575
178.32554206195815
178.3255760054738
178.32560881844663
178.32560881844663
178.32560881844663
178.32560881844663
178.33645665014498
178.33645665014498
178.33649526306263
178.34517961850287
178.34514395547922
179.47029630633148
179.48655500953666
179.49069747996552
179.49066876737928
179.4906882487433
179.4906882487433
179.4906882487433
179.54628819410559
179.85798517218478
180.7997574256892
180.80858360931978
180.80874482435445
180.8066505826452
180.80666308416596
180.81703458740108
180.89276901618595
180.89276639631774
180.89275285076036
180.8990458109149
180.89901117977712
180.9304336074661
181.36306944035522
181.36308439455036
181.36143583236202
181.36144897318678
181.38386354742966
181.3924494980682
181.39607474226233
181.38359058482473
181.38359058482473
181.38359058482473
181.38726771629769
181.3872285863729
181.38719155627368
181.38719155627368
181.38719155627368
181.38719155627368
181.5537749664188
181.5327132426255
181.52913014465912
181.55286949409893
181.55286949409893
181.5528896223187
181.55291755405204
181.57296569985226
181.57951818395165
181.57696558528852
181.57696215123315
181.57694937435735
181.57694937435735
181.57694937435735
181.57973456342046
181.5806059192853
181.5806059192853
181.58062049809115
181.58062049809115
181.58062049809115
181.58062049809115
181.58062049809115
181.58062049809115
181.920100545736
181.93805200246155
181.9380048310641
181.9380260525245
181.9380260525245
181.9380260525245
181.9380260525245
182.01973759321578
182.01976409804394
182.01973871553275
182.03096716758606
182.03098096394237
182.03101212026763
182.0310212964964
182.0310212964964
182.16670956408632
182.16671159579647
182.16660845187198
182.16650710696604
182.16650710696604
182.16650710696604
182.16650710696604
182.16650710696604
182.16650710696604
182.16650710696604
182.16650710696604
182.16650710696604
182.16844474763042
182.1685622670837
182.16844641831972
182.16844641831972
182.16844641831972
182.16844641831972
182.16844641831972
182.16844641831972
182.16844641831972
182.16844641831972
182.289606901952
182.28891308394455
182.28888365197756
182.28899437154388
182.28899437154388
182.28899437154388
182.28899437154388
182.28899437154388
182.28899437154388
182.29756598548116
182.29536089509847
182.29615820906938
182.29619256235833
182.29619256235833
182.29619256235833
182.29619256235833
182.29619256235833
182.29619256235833
182.2979306021363
182.2979306021363
182.2979306021363
182.2979306021363
182.2979306021363
182.2979306021363
182.30020494894916
182.29970309771693
182.2999938078521
182.2999445249899
182.2999445249899
182.5528153517833
182.55817739346296
182.56052821598945
182.55456442558585
182.55744939145893
182.55744939145893
182.55744939145893
182.55744939145893
182.55744939145893
182.55744939145893
182.55744939145893
182.55744939145893
182.55744939145893
182.55744939145893
182.55744939145893
182.55744939145893
182.55744939145893
182.56237088851483
182.56237088851483
182.78158977760796
182.78156999381002
182.78087210708657
182.77708118401878
182.77708118401878
182.77708118401878
182.77956810965534
182.77921622572927
182.78123379869032
182.78123379869032
182.78123379869032
182.78111553762142
182.78111553762142
182.78111553762142
182.78111553762142
182.78111553762142
182.78111553762142
182.78111553762142
182.78111553762142
182.78111553762142
182.78111553762142
182.78111553762142
182.78111553762142
182.78111553762142
182.78111553762142
182.78111553762142
182.78371323232187
182.7837529148637
182.78400223516536
182.78400223516536
182.78400223516536
182.78400223516536
182.79290585141732
182.79301855402448
182.7942939919171
182.7944141643892
182.7944141643892
182.7944141643892
182.7944141643892
182.7944141643892
182.7944141643892
182.7949144257304
182.7949144257304
182.7949144257304
182.79501067633444
182.79501067633444
182.79501067633444
182.79501067633444
182.79501067633444
182.79501067633444
182.79501067633444
182.79501067633444
182.79501067633444
182.79501067633444
182.79501067633444
182.79501067633444
182.79501067633444
182.79501067633444
182.79501067633444
182.79501067633444
182.79501067633444
182.79501067633444
182.79501067633444
182.79501067633444
182.79501067633444
182.79501067633444
182.79501067633444
182.79501067633444
182.79501067633444
182.79501067633444
182.79501067633444
182.7975736229995
182.79749433877421
182.79756871238322
182.7975677245886
182.80932085282302
182.80950796279822
182.80985158936585
182.80960504623863
182.80960504623863
182.80960504623863
182.80960504623863
182.80960504623863
182.80960504623863
182.80960504623863
182.80960504623863
182.80960504623863
182.80960504623863
182.80960504623863
182.80960504623863
182.80960504623863
182.80960504623863
182.97428574297163
182.97453432903848
182.97452886432012
182.97724048947208
182.97748598273597
182.9775258988101
182.97743184967825
182.97743184967825
182.97743184967825
182.97743184967825
182.97743184967825
182.97743184967825
182.97743184967825
182.9793169279351
182.97930477493193
182.97930200444156
182.97930200444156
182.97930200444156
182.97930200444156
182.97930200444156
182.97930200444156
182.97930200444156
182.98723513732
182.98721010426976
182.98720931839586
182.98719495628583
182.98969612032343
182.98971282572998
182.98968638505335
182.98927180328423
182.98927180328423
182.98927180328423
182.98927180328423
182.98927180328423
182.98927180328423
182.98927180328423
182.98927180328423
182.98927180328423
182.98927180328423
182.98927180328423
182.98927180328423
182.98927180328423
182.98927180328423
182.98927180328423
182.98927180328423
182.98927180328423
182.98927180328423
182.98927180328423
182.98927180328423
182.98927180328423
182.98927180328423
182.98927180328423
182.98927180328423
182.98927180328423
182.98927180328423
182.98927180328423
182.98927180328423
182.98927180328423
182.98927180328423
182.98927180328423
182.98927180328423
182.98927180328423
182.98927180328423
182.98927180328423
182.98927180328423
182.98927180328423
182.98927180328423
182.98927180328423
182.98927180328423
182.98927180328423
182.98927180328423
182.98927180328423
182.98927180328423
182.98927180328423
182.98927180328423
182.98927180328423
182.98927180328423
182.98927180328423
182.98927180328423
182.98927180328423
182.98927180328423
182.98927180328423
182.98927180328423
182.98927180328423
182.98927180328423
182.98927180328423
183.0305121477694
183.0305257613266
183.0305096599128
183.02805706757465
183.02805706757465
183.02805706757465
183.02805706757465
183.02805706757465
183.02805706757465
183.02805706757465
183.02805706757465
183.02805706757465
183.02805706757465
183.02805706757465
183.02805706757465
183.0305054574835
183.0305054574835
183.0305054574835
183.0305054574835
183.0305054574835
183.0305054574835
183.0305054574835
183.0305054574835
183.0305054574835
183.0305054574835
183.0305054574835
183.0305054574835
183.0305054574835
183.0305054574835
183.0305054574835
183.0305054574835
183.0305054574835
183.0305054574835
183.0305054574835
183.0305054574835
183.0305054574835
183.0305054574835
183.0305054574835
183.0305054574835
183.0305054574835
183.0305054574835
183.0305054574835
183.0305054574835
183.0305054574835
183.0305054574835
183.0305054574835
183.0305054574835
183.3530420622109
183.353067998897
183.35363911183123
183.35366120629345
183.35366120629345
183.35366120629345
183.35366120629345
183.35366120629345
183.35366120629345
183.35366120629345
183.35366120629345
183.35366120629345
183.354909077055
183.3549042400051
183.3549042400051
183.3549042400051
183.3549042400051
183.3549042400051
183.3549042400051
183.35554684433154
183.35554684433154
183.35554684433154
183.3556738535298
183.3556738535298
183.3556738535298
183.3556738535298
183.3556738535298
183.3556738535298
183.3556738535298
183.3556738535298
183.3556738535298
183.3556738535298
183.3556738535298
183.3556738535298
183.3556738535298
183.3556738535298
183.3556738535298
183.3556738535298
183.3556738535298
183.3556738535298
183.3556738535298
183.3556738535298
183.3556738535298
183.3556738535298
183.3556738535298
183.3556738535298
183.3556738535298
183.3556738535298
183.3556738535298
183.3556738535298
183.3556738535298
183.3556738535298
183.3556738535298
183.3556738535298
183.3556738535298
183.3556738535298
183.3556738535298
183.3556738535298
183.35776837986657
183.3577899541553
183.3577899541553
183.35769710056562
183.35769710056562
183.35769710056562
183.35769710056562
183.35769710056562
183.35769710056562
183.35769710056562
183.44599777979542
183.4460571823032
183.44604951901408
183.44457176279357
183.44457176279357
183.44457176279357
183.44457176279357
183.44457176279357
183.44457176279357
183.44457176279357
183.44457176279357
183.44457176279357
183.44457176279357
183.44457176279357
183.44457176279357
183.44457176279357
183.44457176279357
183.44457176279357
183.4464665340574
183.44650103921714
183.44790178200844
183.44794846558116
183.447957840753
183.447957840753
183.4514334329365
183.4514438496536
183.4514339195047
183.45144865838614
183.45144865838614
183.45144865838614
183.45144865838614
183.45144865838614
183.45144865838614
183.45144865838614
183.45144865838614
183.4514334329365
