with mode=1, handoff cost coefficient = 1.0
173.78696467095477
173.90330176519194
173.9453018949312
173.97732381032384
173.9828470307261
173.98421722946614
173.9951819460814
174.02075195005557
174.04268359657564
174.05567880628962
174.07084117448107
174.10709102553164
174.15152753136752
174.16838419168133
174.22609650845274
174.25197662775594
174.3405759852047
174.43994561664013
174.44182972564792
174.49644269633535
174.52367151252813
174.53163939073983
174.54546103439316
174.57277715507354
174.69374551848014
174.71222711690856
174.76267441175
174.7739777691659
174.83342954861212
174.86601105632406
174.93602033291063
174.949174156741
174.9754919713053
174.99986927023824
175.00503155245275
175.01364016857534
175.02486855847792
175.03639491148834
175.0716315425578
175.09274012043977
175.1073544431642
175.12524412245207
175.12555388863325
175.13100479979775
175.14978446530034
175.1511228305552
175.17189105839296
175.21722911929325
175.22504414660108
175.2899485424676
175.33579030938083
175.39269929166107
175.40583113573567
175.41719527197233
175.4668660953261
175.46635584702392
175.52821523723668
175.58775534256898
175.6402420293084
175.6620873221246
175.665744991281
175.69712970713704
175.7241799810897
175.80075784342992
175.83325121382944
175.85783009434851
175.87892270992708
175.90359480544953
175.95008971337293
175.97539900360263
175.97988960009317
175.99461175889044
176.0049439401218
176.00660259577225
176.0202306662168
176.0242018837223
176.03635665002744
176.04415703115848
176.04832780594012
176.09782857803756
176.11739186696673
176.13405139461136
176.1407797589914
176.20186945780114
176.2030451255265
176.25323333021205
176.25151110514017
176.26163885094348
176.31259873547836
176.31699242933354
176.32685477370282
176.34218909037736
176.36086898131555
176.37133673483086
176.3717764234158
176.37233057855025
176.38953580935257
176.39624599121694
176.39794383649863
176.40761064132295
176.40909093694134
176.41704961344362
176.41609389920606
176.50196914006207
176.50141448602724
176.52094323223275
176.54349300240142
176.54410616128774
176.54905022765965
176.55005891389288
176.55137855527445
176.55328139446442
176.5582562365273
176.6131223686324
176.66282933350644
176.6621463831682
176.72719459948803
176.72902296840212
176.74837997986435
176.75527891182463
176.80357685808897
176.85065868986882
176.87648105541695
176.89264681681627
176.9003651735417
176.91890704157353
176.97865104818953
176.9814766482517
176.9883001384511
176.9927572611494
176.99104278692676
176.98777618480963
176.9919804942464
176.99970329237132
177.05538932861418
177.1084254161142
177.18586906847702
177.1933468138751
177.20229708376337
177.21329115860232
177.2267745701002
177.27839337382298
177.29968559906433
177.29936457664695
177.32267858169118
177.34368183336227
177.35040835652035
177.37297958445373
177.38574653250208
177.391532586366
177.39881458498598
177.39746778575966
177.41106144035635
177.4513159750543
177.44872295232528
177.44954915573658
177.4688332488695
177.49106834894135
177.55349590813157
177.55669602121526
177.6597531233636
177.68462105948316
177.7652900510804
177.76792392683333
177.8148101669848
177.82785967957972
177.85448724978906
177.87262823003942
177.87071087862614
177.87444822841158
177.88721516903635
177.90757304994307
177.9302670150996
177.9312575833693
177.96821041910582
177.97711779011254
178.00622989858047
178.00695933936626
178.0647245037433
178.11826897818747
178.11855468888328
178.17594114928255
178.17779846003373
178.2300625970799
178.23415340647708
178.24974493057013
178.28979696251992
178.3027581241421
178.31152504410397
178.40974874817235
178.46023200623387
178.45960871981535
178.46074749701035
178.46159159236544
178.48325637064198
178.5030749310861
178.5037225026189
178.53280966342044
178.53115288707357
178.55379154489162
178.60535746414158
178.63192071669198
178.67952804002374
178.7298666657818
178.74872256771425
178.75461558738056
178.76029308376602
178.75888887470992
178.767881263245
178.76754910617933
178.837356040204
178.88401107442135
178.88668622114932
178.9077141163328
178.9277076869234
178.92870952690433
178.9364352003491
178.93770829997467
178.93951228411922
178.95275243325796
178.96120205974597
178.9668016941466
178.97787911719624
178.98972010154912
179.00123666688256
179.0003095400342
179.03005386530705
179.0374300792434
179.08260596963524
179.13441881437666
179.1831635170602
179.1807896136184
179.18536768551257
179.18519321925135
179.25477457989476
179.2995703296086
179.3553301676269
179.4043636255214
179.40386052648432
179.40879387565184
179.41182549281623
179.41924875187246
179.42030416736117
179.4226889609584
179.4470967512798
179.4474825455836
179.45025604535556
179.47376172952494
179.4749300735982
179.48840152829095
179.5093737252862
179.50850637575425
179.5058050867219
179.50692179201312
179.51579638371058
179.56451899149917
179.59811339453984
179.60299755104455
179.60261501482265
179.61941866355903
179.69412296159925
179.6956902607294
179.70118899616284
179.7256349856586
179.7320666207194
179.79236843822224
179.79277651930715
179.8512693580576
179.88401231093064
179.88335079813817
179.88244698335376
179.88434699815804
179.90867079993097
179.92893256866458
179.9686088563394
179.96785200664962
179.97549560255823
180.02785187709424
180.09718111236535
180.09781649034582
180.09488478670366
180.10212200541108
180.1118001521689
180.13499751884467
180.16174670418758
180.16006636118382
180.17219041532303
180.1739630563416
180.170732892706
180.18128046849432
180.18275178382814
180.18552512505147
180.1904928235514
180.20509039300788
180.22331519192602
180.27823940164612
180.28979888034783
180.3074142806822
180.32950283215501
180.32821921509557
180.42616461807853
180.42825214765548
180.4303887514913
180.4306447445079
180.43967081285
180.43944981137014
180.51596249050374
180.52048437241206
180.52497402964966
180.52507170227733
180.5284937978274
180.5307877423101
180.53816908772288
180.5647754086606
180.61063581385488
180.6117535152154
180.61082136797498
180.61654371135793
180.63495516130226
180.6467585960368
180.65082419069523
180.65877913617805
180.70398701877795
180.75855249522678
180.80969756120737
180.82070357684
180.82279270051623
180.8217299991513
180.82371987807605
180.84156853884767
180.842874618089
180.843588898157
180.85396847131037
180.85448892060134
180.86258404479833
180.8829135203362
180.88182986796764
180.88302136702495
180.95009728700197
180.95108197249078
180.95067777631098
180.9638056275646
181.01174440387203
181.01489526596117
181.01149778431852
181.03190653198624
181.03244176197205
181.07929087738069
181.08058506083051
181.0800788816786
181.07874255117636
181.0808619917542
181.0801685511874
181.08123694726572
181.08330560702066
181.08308189748158
181.09072921697805
181.1918938817301
181.25028894240657
181.26550536992602
181.31050822448105
181.37701043164134
181.37570809374142
181.3945497314551
181.39212263014429
181.3906557957709
181.390917961718
181.44038802371483
181.46567191489552
181.46414643534757
181.5298432781083
181.59244759480234
181.64312971317298
181.6619032446468
181.71118303026512
181.712462477185
181.74995053714795
181.809754188837
181.81612692612927
181.81666047995802
181.81692062731523
181.81331585816653
181.81114356265803
181.8582279791131
181.85793575512497
181.86726464432576
181.89380363272107
181.89568829579432
181.90023741422806
181.90138141124928
181.90306897488682
181.92598772175884
181.92577730726796
181.9561486598089
181.97348003662862
181.97311531668853
182.0348410069631
182.03869467819155
182.05932778301542
182.05614785914767
182.05677637038505
182.05743296479991
182.0796924184132
182.0816697125618
182.08039285243217
182.0819147800447
182.09250615797606
182.0955944636628
182.15800691355716
182.1714107173735
182.1780796058959
182.2240644541015
182.2265813049862
182.22559635008565
182.31976116606523
182.31790957910127
182.31868766542036
182.32416127372517
182.32551930350132
182.37607091793842
182.38520588676968
182.38641617291873
182.44362081710455
182.44281896159947
182.44242273010082
182.4403340183415
182.43764915587494
182.44362081710455
182.4687627744593
182.46933358435916
182.47448613001626
182.47536708475417
182.48168607492622
182.48815503566317
182.4888179011519
182.4887860501385
182.51494402583748
182.54065124361327
182.54133417942586
182.59929571508692
182.62101297388188
182.62782330696177
182.6280388210031
182.65454269405464
182.65737108512246
182.6669913212913
182.67347594547127
182.6745118599764
182.67512164617756
182.71120447716586
182.71162771302699
182.71800590537342
182.74914764298677
182.74977391676026
182.75799263180127
182.7736767046355
182.7802130155411
182.81359075480128
182.8140360464308
182.81425433361443
182.8385987582951
182.84638578886563
182.87387306938723
182.8791489610336
182.87942189426602
182.90415400162397
182.90498508432924
182.90530688572488
182.90571845186406
182.95377258641204
182.95365338252577
182.95385931326288
182.95742282789118
182.95727733730132
182.95711510132915
182.95784075233462
182.9638723565787
182.98476624886058
182.991025716616
182.99055084663976
182.99082917225576
182.99188978442706
182.99802309477514
182.99707929235626
183.0062793035852
183.00616263906144
183.02818445934105
183.04923498557002
183.0552665749934
183.054601230749
183.05595712897033
183.0587564278249
183.05873597397672
183.074161334531
183.10338443855727
183.11344055809155
183.13408667079017
183.1356780288452
183.13613243204756
183.16631359001298
183.17389150386055
