with mode=0, handoff cost coefficient = 1.0
185.93381053094473
186.04812966631195
186.0631730456383
186.06609630934625
186.05906543664463
186.0608565458013
186.0572563161356
186.0535862730518
186.06609630934625
186.06625613880536
186.06616888494554
186.07563193955897
186.07566386776807
186.07768712915345
186.07999252450773
186.091877251265
186.09187638868508
186.10448219596196
186.18130468706977
186.18261892290525
186.27686428549634
186.28400083062166
186.39346769978613
186.42457424325153
186.47189613373985
186.56313104031216
186.56434068433035
186.5626743564087
186.6394465370627
186.6693971332578
186.66902574261198
186.67309862416664
186.67306561413673
186.6755730260587
186.69979390512654
186.69929138113363
186.69583631478287
186.69395579445646
186.69538627037926
186.7017875808587
186.70822962521453
186.83629665154004
186.83580053490604
186.96295553492897
186.96490578211345
186.96307541224377
186.96230604983654
186.96074681372826
186.96185426133738
186.96490578211345
186.96482725692798
186.96550309497735
186.96582471634133
186.9658345642001
186.96541429096084
186.9656475901297
187.0038104337679
187.00382767534032
187.01698529173015
187.01619310215744
187.0161972160064
187.0385441381685
187.04140235118757
187.04207118789884
187.0530226143179
187.09727410884187
187.13542271474518
187.13582210263823
187.15590395977682
187.154600686095
187.15903854445406
187.15891848583763
187.15948196470964
187.1603108607144
187.1633238196989
187.16347057800786
187.16697652458313
187.17691830567148
187.17776714874302
187.1777808757101
187.17818908058186
187.18658485626634
187.18661653604985
187.18642034164844
187.18491873695112
187.1847096500813
187.19307765078239
187.19328673765222
187.19630065725892
187.20521811423004
187.20645342491065
187.22681542617877
187.2262168499643
187.2255853550524
187.22483466045446
187.22388481802682
187.22681542617877
187.22742531483757
187.22705088956454
187.2270781941574
187.22633378932727
187.22636440966363
187.22742531483757
187.2273059595331
187.2273337744448
187.22896963665946
187.23069363210465
187.24486771998755
187.2448760176193
187.24489039673745
187.2461077254262
187.26026454883606
187.26052544003147
187.26051303476245
187.26221092921887
187.26229264878944
187.26678991050062
187.2668717862662
187.26688504326108
187.2668891341326
187.28325556544343
187.28326321328274
187.28334547353268
187.28318901204642
187.28329833602868
187.28339795184246
187.28400438564785
187.28403455356033
187.28424852594577
187.28440323116234
187.2985470927207
187.29866381421067
187.29867262225127
187.29886957069363
187.2989420336748
187.29903994170553
187.31315400647657
187.31315514217357
187.3226068990242
187.32282262840027
187.32282529711466
187.32325644449259
187.3236339909222
187.3235972708311
187.32822969553473
187.32859510588418
187.3291561190324
187.32921387431253
187.32929321036295
187.3293597757603
187.3294358564328
187.32982647379487
187.32989727943718
187.33013334305883
187.33013422419046
187.3320698455157
187.33274908795363
187.332779465282
187.33292707304378
187.33310878835997
187.3333568823066
187.33369985877175
187.33381077503873
187.33405119121642
187.34454735787725
187.35867247613612
187.3586843340882
187.358686277066
187.3588548210021
187.36005316584186
187.3705469420756
187.37187892506023
187.37188953050656
187.3720003754717
187.37401732257922
187.37407315912782
187.37423445118148
187.37428963035853
187.37439346860583
187.37438790195438
187.3743767711774
187.37438444717776
187.37453190608846
187.37454756886328
187.37472355541982
187.37527179634236
187.3752778415585
187.37938602593798
187.38348153721077
187.38350803271035
187.39762667601983
187.40724493805195
187.40736743247538
187.40856179654796
187.40870801274264
187.4192166308897
187.42108538275795
187.42109080067095
187.42112572225562
187.42539177366626
187.42570064154603
187.42564912921614
187.42571110443842
187.4260567913389
187.4261257332445
187.43036960372532
187.43042496847644
187.43054845494262
187.4306952486048
187.4308674407227
187.4308726492842
187.43087478776823
187.43117660712232
187.43123510225553
187.43116403760905
187.43118747396926
187.4312373473829
187.43140709527881
187.4324581539918
187.43245125803526
187.4325004098878
187.43256103111563
187.43271160410652
187.43254788625924
187.43728433040454
187.43821985944695
187.44235307712137
187.44237054075893
187.44238371117774
187.4426290598584
187.45908710054954
187.45905252686399
187.45904804057233
187.45906850451803
187.46315392047518
187.4631929011555
187.4632209638146
187.4632272619693
187.4739825318794
187.47407989581833
187.47413670387652
187.47425908740226
187.47434224428468
187.47433397621975
187.4743910793636
187.4743969539596
187.4744130922138
187.47444706296864
187.4747406537184
187.47464460482837
187.47467815024729
187.47538505225225
187.47542764454118
187.47578452212363
187.47580562621593
187.47580802394623
187.47582462946488
187.47587408319026
187.47716276398174
187.4779377303256
187.47795136976995
187.47806684330044
187.47810941291448
187.47812548024015
187.4782630349556
187.47838930933554
187.478397396522
187.47851066636724
187.47851711218556
187.48904105753897
187.49048260456428
187.49031704898695
187.49032822725232
187.50420230269688
187.5042580295054
187.5044499905501
187.50466646337046
187.50467123910275
187.50487290908384
187.50484330519114
187.5056124693389
187.50566562912704
187.50567307093564
187.50570506395073
187.50572794400364
187.50572666908425
187.50575798686248
187.50601517141348
187.5062109115804
187.5062175740291
187.50644392536253
187.50610725246875
187.51702381805015
187.51720743383564
187.51722838826439
187.51855264882388
187.51856774305872
187.51909541018296
187.51928827471374
187.51928991530082
187.5192992916421
187.5193133361544
187.5192802942228
187.5195393979754
187.51954084097778
187.5194278916393
187.51952204022987
187.5196258349614
187.51985080190997
187.52034225998912
187.52054429105127
187.52072377037402
187.52073975053722
187.529747876441
187.52979566228376
187.52985121104527
187.52982407802006
187.52994246663084
187.5300556038311
187.53970900072392
187.53966318167596
187.53985655696977
187.5399376923894
187.54406641272982
187.54408990007278
187.54435778273407
187.54436400583
187.54433806095372
187.5443740213543
187.54440896015723
187.54450214846676
187.5445386634658
187.5446124484877
187.54462632223115
187.54462073053867
187.5446265550483
187.55830929740253
187.55831762906067
187.55848856448705
187.5584937233027
187.558799030795
187.55899277666583
187.5589832024939
187.57510713998312
187.57531557756724
187.584964978138
187.588871030997
187.58888374191872
187.58893459350907
187.58904977469905
187.58903980897298
187.58900647700457
187.5889446757609
187.58896419752955
187.58938048243215
187.5986014244626
187.5988531147968
187.5990604839992
187.5990657191821
187.59885870848956
187.61278430079483
187.61390093826046
187.6140049295573
187.614021362715
187.61403543288736
187.61406765930153
187.61396635978954
187.6139649455019
187.6139793502418
187.61395157529222
187.61406765930153
187.61407113286663
187.61408425178413
187.614083257564
187.62233987621642
187.62234146254846
187.62236752922385
187.6223678490959
187.62237772771613
187.62341582929628
187.62444000727942
187.62444425415137
187.6245567026307
187.62472752192954
187.62472882456376
187.62481340132265
187.62481289754774
187.62483465325053
187.63009682549304
187.63021623569787
187.63022202074302
187.63022686651954
187.63024308686818
187.63025583506638
187.6302594911768
187.63209334057416
187.63229408922524
187.63328731529347
187.63784590962655
187.63834755809944
187.64038727892563
187.64044879031314
187.6405585908081
187.6405849925865
187.64578970492624
187.64575188896796
187.65101620029435
187.6510285665037
187.65103299866615
187.65103619760578
187.65159416910186
187.65159613415412
187.65196526931024
187.65197822761627
187.65210006266028
187.652110674668
187.6592398503078
187.65923640911
187.6592830283917
187.65928669060452
187.6593503909007
187.65936903599925
187.6593814866601
187.66464596920287
187.6647365628507
187.66479185658687
187.66479329448669
187.66479541114083
187.66489331308938
187.67015698562037
187.67017851701146
187.67018380158234
187.67020092586148
187.67020733511873
187.67020740415094
187.67021015842013
187.67033065819768
187.67080038081988
187.67080125021332
187.6779240712801
187.67792586057004
187.67792960186003
187.6778976529574
187.68224772943708
187.68224913034985
187.6822537463216
187.68228905688986
187.68230886186595
187.68232491228864
187.68232981026782
187.6823039198907
187.6823085087694
187.6823526931402
187.6823625464333
187.68237613394655
187.68241102171152
187.68455060797078
187.68456750236706
187.68456736796213
187.68457547296788
187.6845825364395
187.68476968636088
187.68477604587224
187.68478209104603
187.6847852410719
187.68474712790987
187.68475075999964
187.68478887316164
187.68478209104603
187.68478851353683
187.6852632341977
187.68525742801154
187.6852632341977
187.6852819802138
187.6852792404227
187.68528886819803
187.68635197399936
187.6863502822415
187.6863541761934
187.68635731566343
187.68640424430896
187.68641629292438
187.68849051969016
187.68849454643822
187.68849286025346
187.68855384630896
187.6885952514835
187.68859665400998
187.68942575401135
187.68942791034274
187.68943232412187
187.68944260376222
187.68944613052224
187.68945448720993
187.68967793743204
187.6901176737126
187.690217879402
187.69024709794624
187.69024871381947
187.69025263263939
187.69024709794624
