with mode=1, handoff cost coefficient = 1.0
185.93381053094473
185.981937410895
186.01419688385863
186.02235867695322
186.06109493823567
186.12011443677238
186.17969083174856
186.2444279074252
186.28435044345835
186.29440179835808
186.32795823875836
186.36016136626625
186.3900016093525
186.4124466258709
186.43968870007538
186.49744952096376
186.49932929830126
186.55300569308676
186.5650140234751
186.60373958569147
186.61061197151358
186.65798741335647
186.72317306790242
186.72077252776842
186.75445711484514
186.76928404421412
186.79410432757916
186.81784451559128
186.867010976349
186.87297878248472
186.87345484954852
186.88301478892043
186.88305758757434
186.90289921996305
186.93039766586816
186.96146488220083
187.00323723798618
187.02094725772326
187.04396268453496
187.08635658431197
187.11489431105002
187.1636435268576
187.17462054746463
187.17700424762484
187.18695760379646
187.19178095322403
187.22447223758218
187.27340113051258
187.29713504138726
187.33826326959456
187.3900386836208
187.3944568251621
187.41147989611852
187.4093458907793
187.4299923849298
187.4701651695474
187.52440123177888
187.52481951959692
187.55306512441953
187.60560823089256
187.6543612605227
187.67362458460477
187.68819463436986
187.70540718761654
187.7065176895688
187.73682500359553
187.80773157619535
187.84610845508493
187.89679532043587
187.93354410221482
187.95300365835146
187.99564551747173
188.0318535683337
188.07475911302788
188.10379225345775
188.1231195320954
188.1294726382278
188.13298862387074
188.16229814408612
188.18417092698775
188.26729830515933
188.2665942736447
188.27415845554938
188.27883293074177
188.28826813137303
188.32121492249368
188.35783206143034
188.37684714900925
188.4111435375421
188.41978138539366
188.43018576087735
188.43879305886594
188.44139233659206
188.4447330466141
188.4760035291515
188.47624416499275
188.4978863100895
188.49823137690407
188.53380216818408
188.5628189299975
188.58160332129748
188.60152860915179
188.60050630820604
188.64126780034366
188.6488953125696
188.64768506217158
188.66830169480235
188.6676556194432
188.68908930228324
188.68877821885414
188.71474999212003
188.77230221721624
188.82473118198558
188.85083396731557
188.85040654058173
188.85584034803435
188.8527589723758
188.8544781267952
188.88004534428632
188.90090526636135
188.89943777124282
188.8962265290809
188.90500028929904
188.905327530091
188.9084164844391
188.92608125324597
188.9287773255497
188.95232102647134
188.94871766227547
188.98654691251187
189.00819600392524
189.01154533633994
189.0119114606426
189.03725290513952
189.05518483329698
189.0901592778148
189.1137826710221
189.11356415820654
189.14136566588314
189.17739733939354
189.2243000512584
189.27702679917078
189.27560087817525
189.2936030069913
189.2984297829903
189.3360086942677
189.3401713878534
189.39204698775825
189.4136257853686
189.4144983695657
189.41538650641996
189.41790036726732
189.44349740228753
189.46471540760498
189.46428683618566
189.50395586076075
189.50245493321145
189.5175241191952
189.5579249571305
189.55576254785737
189.55681117926667
189.55415762470147
189.55628459088555
189.58066951221323
189.594701408339
189.5987205716371
189.59889555942732
189.6305317462626
189.66416343350116
189.71821086952795
189.73328878278608
189.73768291518348
189.74197906881056
189.7711420332896
189.77314532403798
189.7897437057655
189.83248767203975
189.85426768302932
189.8896508924528
189.89549434390554
189.9016978206335
189.90790154244127
189.93031177523653
189.93106675939748
189.9300057209342
189.93387332609865
189.93608285049407
189.938535942356
189.94309473384357
189.9830762650312
189.98289865164253
189.98455562486345
189.98678873978736
190.02530830722625
190.02625184036762
190.05140154739894
190.09784602613726
190.0973456426372
190.11726156608586
190.11864497337808
190.13592088415106
190.16791326772676
190.1677428545474
190.18892737921067
190.19065152171
190.2099607387875
190.23095867065845
190.24649590724252
190.2453840030286
190.24606375961238
190.28265452982154
190.3395718829023
190.3396172834418
190.33649650532277
190.3585981612144
190.38206424557634
190.38675509553022
190.40691889301712
190.43038678281738
190.43307008583278
190.45798131361315
190.4619457221011
190.48392438251662
190.50294925555872
190.51915830188577
190.5508064060033
190.56528142160028
190.56594870538868
190.57059753723107
190.58588554622995
190.6346791244383
190.66682490052563
190.73262278264988
190.73366045175584
190.7294500765019
190.7321659223845
190.73538571321401
190.8067712887991
190.82429600846442
190.84856257782894
190.89003394038207
190.89508863598851
190.8985143656841
190.89860519695668
190.97983970386034
190.9903227323051
191.00789903484596
191.00987960410703
191.00777837110107
191.03860572634093
191.0745480681194
191.0774019903673
191.176884708834
191.1903623978771
191.22164752345577
191.24179884378233
191.24371640993434
191.25931663463626
191.26061460894687
191.2775761320822
191.2781402823218
191.27752513020747
191.3253129908328
191.35952556867431
191.3612802492734
191.4149571964807
191.44410675682073
191.4639036838966
191.48092751535944
191.4823912486606
191.48472783465425
191.50492093604024
191.50553141186595
191.5272822153974
191.54279998282018
191.54245090927733
191.5722025303143
191.58988730219176
191.5881366905998
191.60502012358853
191.6404040592298
191.67793736079366
191.70192328375083
191.73390183272087
191.7312492426995
191.74553673240823
191.78110665547126
191.84376651881195
191.87832151375756
191.90521884656033
191.93146761036104
191.93227955862773
191.93779599177913
191.93911475033576
191.97144300516362
191.97542955698174
192.0477056758383
192.0733649138573
192.10629038433785
192.15462419073106
192.21560227463038
192.23027122330618
192.23140452462192
192.26108346840516
192.26111627196985
192.29048311890003
192.29599099981394
192.32986218912257
192.34653308677093
192.37436492193464
192.3744481349841
192.37505306791493
192.39688371282006
192.3971498676163
192.42789609783847
192.44739187589687
192.44781762319258
192.4505225355865
192.46844376025683
192.46550270730643
192.49516069326432
192.50801512524455
192.53991292132423
192.5966595732111
192.613884752943
192.6288534660062
192.63064040330266
192.64957225154023
192.65071778633583
192.7739213401375
192.79157631838058
192.82092921801433
192.85394256943084
192.87492523300764
192.8929738334269
192.90912024513108
192.90843892048468
192.93065874376836
192.96605965897646
192.96308551213855
192.95955734105567
192.9566838193418
192.97333974499912
192.97179817679208
193.02347019375935
193.0372756490719
193.05461782771314
193.05176289989578
193.1027714248097
193.10642404512308
193.10416298190117
193.13412339834912
193.1323555006736
193.1780101104539
193.17877262157836
193.17949625487165
193.1784273205888
193.2042813926231
193.20376865941589
193.23494384091558
193.25040123483984
193.25227974648215
193.25232921771163
193.2849210910807
193.30080640150845
193.333239803435
193.33166466610115
193.33045560474727
193.33351240219918
193.3548247443038
193.3816781498699
193.39514820706924
193.42973966884696
193.4604724385662
193.45943663352855
193.4599972511021
193.45694025305747
193.4569424485975
193.4604724385662
193.47177352461475
193.48655691216845
193.4969393661165
193.50358299085772
193.50519986277493
193.50612820887937
193.51354739099872
193.55514286061876
193.55583381651576
193.55780313236224
193.57474286482199
193.58453005839888
193.58443453755103
193.60014387066207
193.62459209903648
193.62641334781725
193.63461764433924
193.65247309222835
193.65319602404276
193.65426622751752
193.67130589010682
193.67180580144702
193.67901196771845
193.69625477105214
193.71735907828335
193.7258189174953
193.72675050014448
193.74087332871318
193.7411135316055
193.74947155451449
193.74931829528853
193.77879718397242
193.7960552270915
193.79754220591656
193.80709375558172
193.80686635371012
193.8075520692809
193.80808473256175
193.81494743636023
193.8150346681661
193.81632826918363
193.81613919357937
193.81601223938722
193.84912198437078
193.8597406031268
193.86019218340803
193.86044845143698
193.8675361695551
193.86841369172546
193.86897275479595
193.86891170512786
193.87923761536427
193.87973360579082
193.87995526042036
193.8807896294159
193.88074138708336
193.88035447881333
193.88022153318238
193.88919717808008
193.89746180884336
193.8981539539647
193.9126625246667
193.91339628251293
193.91385893728545
193.91334701961722
193.9366056118999
193.95674970022526
193.97274100792714
193.97415536995402
193.98033484666234
193.99117106760323
193.99165594014724
193.9916988472268
194.00626000836994
194.03542047632243
194.04870074965802
194.05611065571463
194.05668258777143
194.0563253578216
194.06323543662833
194.080164428106
194.080779215727
194.080119257168
194.081238993077
194.08117557758183
194.0804956812762
194.08074733602433
194.08854167813377
194.08881331484477
194.0963191878675
194.09643989113744
194.09662034445975
194.0975452708291
194.10438005144036
194.12588036362436
194.1272729802111
194.1271522339335
194.13542343692515
194.13437074122254
194.1342923214255
194.13406064524054
194.14110977555586
194.14926072977372
194.15608693235637
194.15610636113124
194.1721232440315
194.17957233071027
194.18970433036696
194.20504592187513
194.2131779692814
194.21226374406405
194.21920973944304
194.2263266508809
194.2337474566632
194.2412023556949
194.24906863957503
194.24907276738531
194.24965219299608
194.2494132703677
194.25615768022135
194.2558826704115
194.2712976637925
