with mode=3, handoff cost coefficient = 1.0
185.93381053094473
185.94315170961957
185.95099462218488
186.25364571389972
186.2454888074432
187.07352797413876
187.54489135410316
187.54240556411034
187.55006904971174
188.0807700122136
188.7394890636475
188.83243918458572
188.95578544028456
188.9552284392294
188.95581555415885
188.9561596098829
189.08034850082961
189.07551214982692
189.47641442261897
189.5299758633903
189.5544384509535
189.553249091844
189.5838592771235
189.5866562755864
190.07253350527267
190.07371938884492
190.07502344482134
190.05040512238438
190.0529324226332
190.0529324226332
190.2244833199624
190.2770090619652
190.27790679612644
190.26385762121166
190.2684094527371
190.286688722877
190.28628941054285
191.0039619590654
191.00143905893887
191.00255004111003
191.00249128646487
191.0359488034236
191.0368829338101
191.03325781610152
191.03762913054044
191.46220940958068
191.4589476002988
191.4928703258879
192.10197939301446
192.10422879987942
192.1054443810516
192.42051738363654
192.42061118657216
192.762571564986
192.73818474273406
192.762706673072
192.76769141305465
192.76769141305465
192.7667296753687
192.76825875597686
193.146786314164
193.14445191753123
193.18883964663382
193.18801724230707
193.19034307947018
193.1911876324537
193.1911876324537
193.19442805717495
193.1957175901158
193.1961673287156
193.19541131265046
193.2131124251168
193.22176526980456
193.22197786173382
193.22052488674527
193.21862225389913
193.21862225389913
193.21862225389913
193.21862225389913
193.21862225389913
193.21862225389913
193.21862225389913
193.21862225389913
193.21862225389913
193.2289048070587
193.22792486401815
193.22579031405297
193.51928887582696
193.51964911520741
193.51093383459303
193.51227369503894
193.51227369503894
193.51227369503894
193.51318059279174
193.51318059279174
193.51318059279174
193.51318059279174
193.51318059279174
193.514350570253
193.514350570253
193.514350570253
193.514350570253
193.514350570253
193.514350570253
193.514350570253
193.51628234251677
193.51653045073283
193.74437252958427
193.74400332817407
193.74155077349732
193.74198236145028
193.74198236145028
193.74198236145028
193.74423103553187
193.74423103553187
193.74423103553187
193.74423103553187
193.74423103553187
193.74423103553187
193.74423103553187
193.74423103553187
193.74423103553187
193.75693511344068
193.75718775281382
193.75979310094192
193.76636021306643
193.76716129029126
193.7670913014394
193.7670913014394
193.7670913014394
193.7670913014394
193.76908066045232
193.76908066045232
193.7687438332926
193.7687438332926
193.7687438332926
193.7687438332926
193.7687438332926
193.77059656914093
193.77059656914093
193.77138174704425
193.77075686218782
193.77075686218782
193.7719754684798
193.7719754684798
193.7719754684798
193.7719754684798
193.7719754684798
193.7719754684798
193.7719754684798
193.7719754684798
193.96915880932937
193.9698489111458
193.9705719240593
193.9714836999283
194.136892839591
194.1354121826767
194.1413359475917
194.14401134654196
194.14312488453754
194.1473503957186
194.1473503957186
194.29637917208362
194.29555725929623
194.29792094061185
194.29796087566962
194.30003560027671
194.30248711410337
194.30615166584116
194.30304567408095
194.3205543459239
194.3205574972221
194.32150109222346
194.32233287364812
194.32233287364812
194.32233287364812
194.32233287364812
194.32233287364812
194.32312386278332
194.32312386278332
194.32409262723718
194.32409262723718
194.32409262723718
194.32409262723718
194.32409262723718
194.32456271132747
194.32456271132747
194.32456271132747
194.32456271132747
194.32456271132747
194.32456271132747
194.32456271132747
194.32456271132747
194.32456271132747
194.46596514330682
194.46564848442787
194.46620593621935
194.466477053671
194.466477053671
194.466477053671
194.47381375836662
194.47453268190802
194.47424311679458
194.47200730272507
194.47200730272507
194.47200730272507
194.47200730272507
194.47200730272507
194.47200730272507
194.47425638173107
194.47425638173107
194.47425638173107
194.47425638173107
194.47425638173107
194.47425638173107
194.47425638173107
194.47425638173107
194.47425638173107
194.47425638173107
194.47425638173107
194.47425638173107
194.47425638173107
194.47425638173107
194.47425638173107
194.47425638173107
194.47425638173107
194.47425638173107
194.47425638173107
194.47425638173107
194.47425638173107
194.47425638173107
194.47425638173107
194.47425638173107
194.47425638173107
194.47425638173107
194.67587348570058
194.67730010793363
194.67713005154772
194.67776617134817
194.6783534693956
194.6783534693956
194.6783534693956
194.6783534693956
194.6783534693956
194.6783534693956
194.6783534693956
194.6783534693956
194.6783534693956
194.67934599236722
194.6797102433736
194.68085159461387
194.6806315914234
194.6806315914234
194.6806315914234
194.8074974159802
194.80690034596617
194.80673736330047
194.8076373989045
194.8098048322941
194.80928682731036
194.80962480785342
194.80962480785342
194.80962480785342
194.80962480785342
194.80962480785342
194.80962480785342
194.80962480785342
194.80962480785342
194.8116589204542
194.81186937697385
194.81186937697385
194.8131420877559
194.8131420877559
194.8131420877559
194.8131420877559
194.8131420877559
194.8131420877559
194.8131420877559
194.8131420877559
194.8131420877559
194.8131420877559
194.8131420877559
194.8131420877559
194.8131420877559
194.8131420877559
194.8131420877559
194.8131420877559
194.8131420877559
194.8131420877559
194.8131420877559
194.8131420877559
194.8131420877559
194.81488804775034
194.81459918795653
194.81572728017963
194.81572728017963
194.81572728017963
194.81572728017963
194.8254557451593
194.82607004164464
194.8264319386193
194.82633579543457
194.82633579543457
194.82633579543457
194.82633579543457
194.82633579543457
194.82633579543457
194.82633579543457
194.82633579543457
194.82633579543457
194.82633579543457
194.82633579543457
194.82633579543457
194.82633579543457
194.82633579543457
194.82633579543457
194.82633579543457
194.82633579543457
194.82633579543457
194.82633579543457
194.82633579543457
194.82633579543457
194.82633579543457
194.82633579543457
194.82633579543457
194.82633579543457
194.82633579543457
194.82633579543457
194.82633579543457
194.82633579543457
194.82633579543457
194.82633579543457
194.82633579543457
194.82633579543457
194.82633579543457
194.82633579543457
194.82633579543457
194.82633579543457
194.92534180735296
194.92496953319304
194.9249132290995
194.9253688030716
194.9253688030716
194.9253688030716
194.9253688030716
194.9253688030716
194.9253688030716
194.9253688030716
194.9253688030716
194.9253688030716
194.9253688030716
194.9253688030716
194.9253688030716
194.9253688030716
194.9253688030716
194.9253688030716
194.9253688030716
194.9253688030716
194.9253688030716
194.9253688030716
194.9253688030716
194.9253688030716
194.9253688030716
194.9253688030716
194.9253688030716
194.9253688030716
194.9253688030716
194.9253688030716
194.9253688030716
194.9253688030716
194.9253688030716
194.9253688030716
194.9253688030716
194.9253688030716
194.9253688030716
194.9253688030716
194.9253688030716
194.9253688030716
194.9253688030716
194.9253688030716
194.9253688030716
194.9253688030716
194.9253688030716
194.9253688030716
194.9253688030716
194.9253688030716
194.9253688030716
194.9253688030716
194.9253688030716
194.9253688030716
194.9253688030716
194.9253688030716
194.9253688030716
194.9253688030716
194.9253688030716
194.9253688030716
194.9253688030716
194.9253688030716
194.9253688030716
194.9253688030716
194.9253688030716
194.9253688030716
194.9253688030716
194.9253688030716
194.9253688030716
194.9253688030716
194.9253688030716
194.9253688030716
194.9253688030716
194.9253688030716
194.9253688030716
194.9253688030716
194.9253688030716
194.9253688030716
194.9253688030716
194.9253688030716
194.9253688030716
194.9253688030716
194.9253688030716
194.9253688030716
194.9253688030716
194.9253688030716
194.9253688030716
194.9253688030716
194.9253688030716
194.9253688030716
194.9253688030716
194.9253688030716
194.9253688030716
194.9253688030716
194.9253688030716
194.9253688030716
194.9253688030716
194.9253688030716
194.9253688030716
194.9253688030716
194.9253688030716
194.9253688030716
194.9253688030716
194.9253688030716
194.9253688030716
194.9253688030716
194.9253688030716
194.9253688030716
194.9253688030716
194.9253688030716
194.9253688030716
194.9253688030716
194.9253688030716
194.9253688030716
194.9253688030716
194.9253688030716
194.9253688030716
194.9253688030716
194.9253688030716
194.9253688030716
194.9253688030716
194.9253688030716
194.9253688030716
194.9253688030716
194.9253688030716
194.9253688030716
194.9253688030716
194.9253688030716
194.9253688030716
194.9253688030716
194.9253688030716
194.9253688030716
194.9253688030716
194.9253688030716
194.9253688030716
194.9253688030716
194.9253688030716
194.9253688030716
194.9253688030716
194.9253688030716
194.9253688030716
194.9253688030716
194.9253688030716
194.9253688030716
194.9253688030716
194.9253688030716
194.9253688030716
194.9253688030716
194.9253688030716
194.9253688030716
194.92742374814074
194.9279009223885
194.92797451795082
194.9279678003413
194.9279678003413
194.9279678003413
194.9301389658904
194.92997305662618
194.9303901471862
194.93052063897395
194.93052063897395
194.93204770559515
194.93204770559515
194.93439168585385
194.93965656400118
194.93972919269422
195.01277763062646
195.01304329629804
195.01308960095298
195.01328572602463
195.01328572602463
195.01328572602463
195.01328572602463
195.19718631021033
195.19689135006476
195.1968281940811
195.19691252997342
195.19691252997342
195.19691252997342
195.19691252997342
195.19691252997342
195.19691252997342
195.19691252997342
195.19691252997342
195.19718631021033
