with mode=0, handoff cost coefficient = 1.0
297.65924167774756
298.0083703128345
298.1644734978026
298.2683769324251
298.3261807938959
298.3798597990058
298.55214251536404
298.6199603601342
298.6652852509527
298.6557992521014
299.53081764294245
299.512047471573
299.5599473761082
299.6004511764708
299.4312696422975
299.3716792627135
299.4033005736967
299.5764188392418
299.90055425399163
300.1391652409774
300.279236549592
300.67296121988727
300.68085723777614
301.5254469307459
301.5697109807466
301.5751041875404
301.57525906945153
301.6502887716145
301.54570803519914
301.5898360842575
301.6382630260904
301.6839410714613
301.6950823782336
301.7846114686415
302.20302250309527
302.4239180624631
302.51785039898067
302.82971211634356
302.86225015483734
302.9111308216174
302.91128893189654
303.34212327018633
303.34411799170556
303.57768468837605
303.57249944963894
303.57366840082886
304.35202612983494
304.3456551770684
304.49393643892336
304.60030643481923
304.59847201313926
304.6438940011529
304.64761436094483
304.71251958571884
304.73342119015643
304.73342119015643
304.76268079065534
304.8293399990989
304.919212283303
305.03804954787154
305.07840995384856
305.23100817806187
305.3142534771462
305.33723069629605
305.4247696744578
305.3923507609161
305.6298424908593
305.73639637200034
306.01678303813145
306.0297613229978
306.04530829723234
305.95342443671433
305.97418440361156
305.9441950027822
306.0221113854694
306.20543353114715
306.3467049294893
306.29893157471145
306.3544420204121
307.3525140266834
307.3714787579353
307.51749923340594
307.60128722929227
307.5167752646426
307.51347398313465
307.51347398313465
307.4940366063298
307.60128722929227
307.60472979529214
307.6102721947854
307.6795876104745
307.6785614798619
307.6884525230868
307.7215239693962
307.7356050253358
307.783116091423
307.7891291406202
308.23166711002875
308.2396900290732
308.2591464790709
308.26132776212313
308.3066233091809
308.30520766328755
308.60472140860804
308.60516482346225
308.65710945594145
308.678791332081
308.6801143672737
308.7970779575023
308.79578875152015
308.7909800769945
308.81656083855984
308.81656083855984
308.85885015877477
308.8728724022436
308.9128777398912
309.18512005537184
309.23410517591384
309.46026345667036
309.6960023617593
309.797745580184
310.0902618790865
310.04660062964217
310.0558169401966
310.0970904013016
310.11856945866583
310.12761337164267
310.36221714643773
310.36150945176337
310.37298498276215
310.6085169996479
310.82796668430393
310.8892841189945
310.8892841189945
310.8893531181212
310.89921799549944
311.2987700389683
311.3219553547704
311.39224256271325
311.5589534065147
311.58295034246356
311.5972182555856
311.60018433447493
311.5982236490507
311.64301392545076
311.6936808393343
311.73205463357147
311.7360630711577
311.7360630711577
311.7711786862728
312.15645377063964
312.1594138083145
312.1594138083145
312.1594138083145
312.18891015640116
312.20222652328897
312.4412631485884
312.4540212489223
312.60724549362794
312.6001957159051
312.5996419818285
312.62782885130895
312.63065514837086
312.8112987161219
312.816177239443
312.86179804073004
312.85509586665546
312.8383346290465
312.97462518460117
312.97396534318324
313.1500692080197
313.15907272248336
313.1722176563443
313.1722176563443
313.1961323026718
313.20600055415343
313.21969415692377
313.297043704319
313.4909345075349
313.55959098054893
313.56106817391924
313.5617474304212
313.58142322554886
313.6034637099808
313.60421794495755
313.6195053223273
313.62631613233634
313.6467473215034
313.6467399493547
313.71169085998116
313.7146502148177
314.13744220243495
314.3324909676217
314.38051307458994
314.36466941371566
314.3742043258088
314.373419436837
314.3703376887928
314.3930115468657
314.3838097279058
314.3838097279058
314.8299790014058
314.8337117206082
314.8489831690377
314.8626334689881
314.86160325868394
314.8806879906021
314.8806879906021
315.1165228636128
315.26308484306566
315.30279770422095
315.3244098270667
315.4002050625913
315.400354412032
315.41441532556263
315.46935089637276
315.6324106740093
315.62043119645125
315.6232081672138
315.6232081672138
315.6310910249728
315.82780961537486
315.8307822054884
315.927775212163
315.9210745481828
316.175610909875
316.183957190596
316.26247017475805
316.3546914587861
316.3550828927525
316.3819824509791
316.5788383716147
316.5711136499225
316.57278998564334
316.5753571784837
316.6281450440729
316.620180500782
316.8677031278597
316.9151757599222
316.9243105534923
316.93075016641814
316.9310445325508
317.09070500704246
317.12691633803166
317.2236871707403
317.2238539603131
317.2238539603131
317.3556098043841
317.3655211541863
317.36308594238966
317.37139275851524
317.4269199568533
317.4079440143879
317.4110287681801
317.4110287681801
317.5460632187174
317.5783192862802
317.5789997128096
317.61731428643424
317.7296266238063
317.7737562828716
317.78101418111936
317.8038489222588
317.80188895446906
317.7780750895182
317.8157117695448
317.95952435783596
318.0053870831077
318.0053870831077
318.2442654697081
318.2919587493973
318.29209389932737
318.28862077543704
318.43299748807914
318.45638687435223
318.46475152209763
318.4878943955277
318.4881803816196
318.4844688320525
318.50382625119164
318.64043547533436
318.8320628963016
318.96428388252826
318.96428388252826
318.97355640137386
318.9945034219673
319.00149424827566
318.9957964246397
318.9957964246397
319.0051310679428
318.9937983841151
319.4480226847253
319.44887458381265
319.78379772538506
319.7851019016113
319.7851019016113
320.0113553321217
320.01743293037157
320.0233225093801
320.16824045827934
320.16989964545064
320.1672857979928
320.17599299636623
320.21356897136525
320.21356897136525
320.23341895074196
320.2239962379759
320.3465934819765
320.3451710170318
320.4728510645695
320.48031727675396
320.4712623035752
320.47093317631385
320.4692676323005
320.5384743678785
320.909302666298
320.909302666298
320.9150957914615
320.93641038618813
320.9290013471417
320.97602696201693
320.9763084127539
321.1130463702312
321.15267869025064
321.1350157264555
321.14083497976543
321.118666792678
321.2159599056117
321.2159599056117
321.26716950988094
321.2668100521792
321.2868217755897
321.3607699670281
321.35829986077636
321.3640967872668
321.3434291788759
321.3575469067948
321.35657647567064
321.3602734899632
321.3640967872668
321.372539536526
321.3871423977067
321.390042268378
321.390042268378
321.39154123640134
321.4753289549933
321.4839789077496
321.4909824320623
321.50071250948287
321.5042760973543
321.50383739202664
321.5156515504399
321.5245173022104
321.528732083963
321.62125967883617
321.6793385654146
321.67958645597946
321.67893439615625
321.71799814148403
321.7341350188428
321.734685537771
321.7362812862892
321.7293772645108
321.7298948993314
321.73338193856955
321.7366183765909
321.7603814808371
321.8637026494478
321.8632779025674
321.8618351990231
321.8608998368018
321.8608998368018
321.9333525800232
321.9364659213575
321.9981685336206
322.0005286165066
322.0748900300497
322.0748900300497
322.0810649376647
322.1374808939178
322.15187082555354
322.32456757239265
322.32456757239265
322.32456757239265
322.4220796922101
322.4220796922101
322.4537072662807
322.4657593214034
322.464907358458
322.46983697013013
322.5643668751889
322.5639935964302
322.5639935964302
322.628039679795
322.6338838446834
322.6370623350442
322.6736691017875
322.6736691017875
322.74621504420736
322.7541855798908
322.7548969459879
322.7588127717036
322.7608112542867
322.76310196938516
322.7637281574893
322.81288037539537
322.82266991772497
322.9416902303421
322.9527020794619
322.95457936860157
323.0334642583645
323.04107601503483
323.04107601503483
323.0405542323221
323.0560287790711
323.0688928672139
323.0688928672139
323.0877652451965
323.08870805091885
323.09312932193853
323.12255616747626
323.1226329218705
323.1231986010465
323.14101818602137
323.13352075754096
323.15134329891896
323.1528291263563
323.1566877546028
323.15695340963225
323.1569146148238
323.1632235375935
323.16808102619785
323.16849584777543
323.16849584777543
323.1758776176653
323.1758776176653
323.1812810599892
323.1952879715869
323.1953131879224
323.19522436503473
323.1952497465283
323.2160210073776
323.31522505378615
323.3176110360044
323.41715271949994
323.4160329936203
323.41604760755524
323.434000085667
323.432958187742
323.432958187742
323.46264123689895
323.5663815843795
323.6123219802282
323.61493530257053
323.62937409683616
323.62937942987696
323.63455846357857
323.6464185434413
323.64612254684306
323.6457207642048
323.6466797746028
323.6492411407391
323.66892207490963
323.6693817430756
323.67631532656134
323.7724179206447
323.77388847161734
323.784023995745
323.79384970892033
323.79381878801956
323.80392174312476
323.94860554900595
323.9491982582026
323.94946905825793
323.95187435024127
323.960847493934
323.9681850602359
323.9681850602359
324.0850591764492
324.09586173031096
324.1757127023474
324.1763920638676
324.1818019137487
324.20134562597354
324.20066626445345
324.1999583921369
324.20103436952905
324.2165809354877
324.25765460400277
324.27099090466686
324.2707289329129
324.33545072505746
324.3365673013936
324.35164137576857
324.35054694105486
324.3507077107657
324.346654568552
324.3461411429205
324.3566460318479
324.3569489003148
324.36434503799586
