with mode=1, handoff cost coefficient = 1.0
297.65924167774756
297.86314624500733
298.1867656894071
298.28334291419696
298.48353101749933
298.6803223402215
298.85604519931627
298.95020877632464
299.14415351925794
299.326708129704
299.57678106095403
299.7126687225028
299.8033362026638
299.86133281649046
299.98846654052534
300.2154458585872
300.3333580515327
300.46198516991836
300.5227207681061
300.8350460036672
301.13952712215485
301.3203860591933
301.5341452308853
301.7904350326744
301.90916088734
302.04835182072173
302.1211197922988
302.27592741281904
302.4226066391168
302.5532347485681
302.72962547137377
302.8680124888765
303.09465257405736
303.29780285702395
303.57868937649266
303.9112678057128
303.9722365909558
304.05160336458056
304.08886961081413
304.29352856570193
304.5492230733305
304.65598571781095
304.78149474873
304.890384461768
305.10157874462635
305.2779094847186
305.3760549354714
305.5231953793105
305.6962672806235
305.8706187680828
305.89463718392943
305.90463188667104
306.0894973284813
306.41827386050915
306.4883520542243
306.5941495233858
306.68135848269844
306.97314139008887
307.0898049620034
307.252600280522
307.38438273206486
307.4830214411161
307.64733575869866
307.7633751369429
307.89956403467454
308.11194636406503
308.2566966359986
308.3009073278936
308.528355452569
308.53332048164486
308.72647601827526
308.8562742983843
309.0476880850589
309.18345856304893
309.20474418745937
309.27238427631977
309.3508627809736
309.4698801242646
309.6530403397376
309.7810306510212
309.9537471906605
310.07488670427153
310.27859890593726
310.3771107486163
310.5503529842545
310.61488350059636
310.7246646918432
310.814347756754
310.839311241273
310.89879627601977
311.14133453874075
311.3335396254711
311.33953337366097
311.4688571258869
311.5780759046939
311.67658443330396
311.7761721474199
311.7977042058352
312.0320329149324
312.0837269947467
312.22064882197566
312.2700887409959
312.30737258236644
312.369183372414
312.49986085439457
312.73506995663575
312.7718475500369
312.81428691813875
312.8899117302671
312.9741151130034
313.05499694157595
313.0870827206638
313.25611154993925
313.3590542753397
313.52900011534587
313.7086584787273
313.8063348848232
313.85384518413
313.9318854631466
314.0280086336858
314.13932971733175
314.3328340002391
314.427882513352
314.59586178530157
314.6775567066388
314.7317729915222
314.8524045112417
314.9178923050277
314.9751575972496
315.1005043351955
315.15974615844266
315.3639160183487
315.516223250355
315.6103845799571
315.6954529811934
315.7346430450365
315.9099204847423
315.9153386336761
316.0481280153314
316.2313926495189
316.2797342609564
316.38277766400023
316.56259633523774
316.71019435532895
316.81592542852155
316.83420039273636
316.94825824802604
317.0770031392411
317.11289437048293
317.1505299973334
317.26216707074616
317.3738756673549
317.39225442976164
317.41329034122094
317.5142674923323
317.786767882397
317.91605809589015
317.97026584774545
318.08652745239954
318.22373479444246
318.2761336694065
318.27822991541206
318.3056289237328
318.50805534115585
318.5539805496832
318.72762297758743
318.7721851347909
318.8972636561487
319.00515639983536
319.0434330556426
319.1061572307945
319.21157123009135
319.3128558046737
319.3788180801987
319.38707442059854
319.46685718031375
319.5703493505344
319.64646987126173
319.7823148847244
319.82668151505806
320.05231998351985
320.1506598223589
320.23857221609376
320.2783785302836
320.31529518744117
320.4142118678874
320.4522932365316
320.5725071489098
320.6520376221571
320.7262483057995
320.7218021867363
320.77424938897144
320.82283068582706
320.93206310071747
320.98564470016134
321.03708032043136
321.1118592211094
321.16765245890645
321.2114724604885
321.3206867715024
321.37548722429784
321.41695489085464
321.4851902871413
321.49531883167305
321.57734076351323
321.63615552279526
321.7966347184832
321.85169622462683
322.0088091656721
322.1316869601432
322.18486435822643
322.30113624626915
322.399707657619
322.50521284720384
322.64170834900887
322.66517967501466
322.7446463065393
322.75479632347
322.7936789107521
322.8668647925121
322.88732671650877
322.990742134982
323.0452451953494
323.1521482727651
323.2322656290678
323.28449283198233
323.3063604783951
323.3511931029663
323.43915386536503
323.5438841775289
323.6344132034721
323.6429833735895
323.66949496234156
323.8850801406156
324.0022927232013
324.0864474060989
324.1859564565805
324.2449688801185
324.29258473877996
324.3292969195284
324.3633015804633
324.43885666570765
324.4475583950291
324.43575801216
324.43842960011307
324.529034139835
324.5819988253095
324.60876546206543
324.6179987641849
324.7471360852425
324.8305281865411
324.9296189582791
324.9442966736018
324.99442206346765
325.01124537636304
325.04720094697035
325.0401351463828
325.0530982189837
325.1363675916951
325.14525602305054
325.2420497367336
325.2535134959513
325.49660729208324
325.5789048067694
325.62950266503617
325.6655315680796
325.6853304553821
325.69702331665997
325.69380144446
325.74470725287796
325.77936558637276
325.897307117442
326.0152195038493
326.03134429996845
326.0441730896561
326.1220496803899
326.1231536298043
326.17122646023665
326.22064245080117
326.2530246162801
326.2500039000928
326.3326366437792
326.3360225154599
326.32827543251165
326.34173557954585
326.4380966341811
326.53587322654806
326.53034379446206
326.5623177367736
326.59718592388606
326.6037874828324
326.73929768305453
326.9251055901706
326.96873095534215
327.0150596884736
327.1725221193124
327.2208677051716
327.26354516116
327.38916796526235
327.4200030595755
327.43572589367864
327.4636185910785
327.49451958910583
327.5398305043208
327.5696766726796
327.57998960641834
327.5865922980504
327.6687523683898
327.7718241136659
327.8199125065174
327.89189964238506
327.9391132713073
327.9665085788985
327.98652523497674
328.0399208899225
328.11849171678557
328.1453598392894
328.18178233916814
328.2218124653141
328.23037618129104
328.33759588607603
328.3684475921077
328.3900903941303
328.3850987029068
328.38018942939925
328.3904388940435
328.4109787787732
328.5226614241517
328.54640209630185
328.6252528345716
328.65671076303005
328.65178612345744
328.6607989813678
328.67645711637846
328.677138252929
328.70531414304844
328.77021154907175
328.78205355678443
328.809155636946
328.8874015002975
328.95458151841405
328.947038475885
328.9885229208981
329.07936216924674
329.1008285872565
329.1727603496844
329.1841026717311
329.21223024426104
329.27724380832177
329.30592742256454
329.4150138954999
329.44071047680916
329.5594141403136
329.58073931652916
329.6252551069678
329.6332020480783
329.6750923278995
329.7149968876776
329.71296351785185
329.71377243684566
329.7939454677429
329.8138962086698
329.8411342086066
329.90888392571935
329.9272245937281
329.9931247164996
330.0215880069546
330.02235155323956
330.06921392843293
330.0784857096322
330.1434155491351
330.1758845822946
330.2349963794211
330.2436433078127
330.26154886243575
330.2904444328099
330.3285006339213
330.3874192104123
330.39596328915655
330.41877985551713
330.52891845184445
330.53946752490657
330.54908937706875
330.58478173282845
330.60091183463965
330.63876521372015
330.66383141761963
330.6681372964063
330.7118763041848
330.730191272495
330.7466381961915
330.7625934876523
330.7805058469485
330.8606444279296
330.8771947127307
330.91766081197346
330.9834870006506
331.0082069650346
331.0051511500406
331.00790046931985
331.09587074696753
331.1061499434595
331.126042381414
331.1188442494743
331.14682272864314
331.17510920312657
331.2207425433192
331.27107016161875
331.3182959290874
331.3286845185035
331.33394365412227
331.3353996737479
331.3357625563947
331.4190368967982
331.4502166799677
331.488228402547
331.49596061519384
331.5210274939188
331.52957592540974
331.54389477307524
331.53624492009703
331.60055072160657
331.6234410985691
331.66356212520583
331.72292864341875
331.81871837569196
331.86186708938567
331.8683447608727
331.86650731215656
331.8658387959412
331.88646171093075
331.90021126885324
331.94078727415626
332.041328029083
332.0718433298665
332.08710222430847
332.10981356014224
332.11338891413857
332.155571602304
332.1818341233731
332.1741669391218
332.2162962181201
332.30323252170206
332.3039494299639
332.3262998428634
332.36357500160665
332.4623943016419
332.48040603708085
332.5238049575902
332.57772986565
332.58660265266195
332.6291135844327
332.62856471888875
332.648206875477
332.66907198250107
332.7116168893579
332.70829413567606
332.7814837914845
332.8126719315441
332.82036585485685
332.8423931383192
332.83925705127325
332.83666259146344
332.8596777490182
332.8962144305036
332.927509346733
332.9464208949689
332.92427871776147
332.8987270638181
332.9340833341069
332.96015879686894
333.028375770616
333.04955117309737
333.0724064965734
333.10226198057455
333.1061509743682
333.1104693693477
333.1198965598985
333.1312421129384
333.14775657346917
333.1941092519407
333.19931539000254
333.2458344952035
333.2500416899124
333.2602723134843
333.29345585464984
333.2906771091303
333.3200498338659
333.33058951220835
333.36508309327706
333.3690437681598
333.3979062551366
333.42305093592284
333.45859411562134
333.5018756183124
333.5320566812266
333.5683171955626
333.5673641967786
333.5679131636967
333.58981019205476
333.60773757784835
