with mode=3, handoff cost coefficient = 1.0
297.65924167774756
297.6934462763928
297.8402344584137
298.1848735725127
298.3101869538093
298.93331033850535
299.95232259055575
300.6918907633933
301.00367660339
301.00409924591037
301.00231050186653
301.4021044029539
301.7082840283463
301.7959021495796
301.78500125383493
301.83751391186894
301.8719371151923
302.4728443304833
302.7095959481289
302.5393322986659
302.67786385991735
302.8198405201024
302.82921794702236
302.852266122763
302.8266402672264
303.2742789640364
303.4314926834579
303.6635866751192
303.72738539696786
304.233257455669
304.54233536807635
304.6679319835237
304.6875048903294
304.7093041266115
305.5778887327067
306.697491903281
306.70507271634193
306.98134525187197
307.14571799982343
307.25724698669626
307.2270768638481
307.57601695485266
307.57861611316923
307.55764367753164
307.56827181953264
307.72025272242627
307.7037551379191
307.70676722063655
307.7075886296053
307.7501897409857
307.91840721135736
307.9434047126317
308.0352729012073
308.3037229142863
308.30288517942466
308.3437867947597
308.48258389885547
308.53870996257353
308.5133438590425
308.522506482108
308.52792453200215
308.52792453200215
308.52792453200215
308.72439184453685
308.91577725239597
310.05164461042654
310.42005585584667
311.0439632682727
311.0311863571215
311.0732283830064
311.0677426585601
311.10254988128116
311.0871937726619
311.1601232467696
311.1468042069555
311.1130216240861
312.1757480846055
312.3963886231246
312.5443523836409
313.3094248133087
313.3313283803097
313.4513328600948
313.4851424288336
313.5234046096603
314.0726429207021
314.11149660125193
314.7104618231426
314.71756225659243
314.70418044261646
314.73817514906864
314.7470378705023
316.6229225332565
317.8769394935651
317.92137601543953
319.9511097991197
320.4325733793104
321.4945264069969
321.9172793622664
321.9897112125816
321.95882423549483
322.6964236588655
322.7270312539093
322.7961545565948
322.77761879669424
322.8867058119006
323.7283074640013
323.7621662460044
323.76362502273025
323.7675551950892
323.9277705599438
324.1314044526309
324.11033164976584
324.1116161656559
325.46036773122205
326.05785626816555
326.05311965442866
326.09755026614073
326.0611181322389
326.0611181322389
326.1020822081973
326.14041133321086
326.1376033807611
326.202230687711
326.2271167084117
326.2379045664153
326.59297196028996
326.6484776531029
326.61849847199545
327.04792216100026
327.03826375735594
327.0502679667369
327.00058834633944
327.0168859333938
327.049976034806
327.06514828702353
327.0717758898376
327.0827809193357
327.08273411201566
327.08273411201566
327.70282944188995
327.63809743937003
327.65498442712743
328.7926021473176
330.17819957512904
330.2140799376841
330.27957455163505
330.2383202450948
330.4493636035155
330.4716496433033
330.4476436266509
330.6873655145107
330.6904244242568
330.7171435248843
330.76681541173633
330.86764518781126
330.9707952329802
330.97359911372513
331.0026224540111
330.9783762557788
331.20616053222756
331.19514146247246
331.1908617632767
331.17432709116065
332.32457535697745
332.34975870023817
332.34872503086405
332.3679137698511
332.40017064178755
332.45739973859577
332.4320179470511
332.44157599631757
332.42044350995747
332.42044350995747
332.5152206332031
332.5215906420014
332.5126094130287
332.5113502162049
332.5113502162049
332.54825020040846
332.57732639798945
332.59774693182806
332.7730226463024
332.7622224847174
332.76296797252485
332.87587561265315
332.86214138369047
332.8634236871284
333.40601763030065
333.4070386485088
333.38830174990295
333.4024906554992
333.40941360547225
333.4191502501775
333.43580262012335
333.43580262012335
333.44558186200436
333.4334936654235
333.4554298803092
333.4412505769726
333.4412505769726
333.4412505769726
333.4412505769726
333.4607689398045
333.4880128382015
333.5467068199364
333.5386365269595
333.5379989048495
333.5399117364991
333.5647702576647
333.58082538349544
333.73250008383945
333.7416225669316
333.7610727515158
333.77154462060713
333.7511780468587
333.7511780468587
333.76063685322305
333.81526684143586
333.8216705846393
333.82300428777756
333.79041131042555
333.96874818139304
333.9670679744817
333.9760353099071
333.99524476380526
333.99840790479215
333.9947331417067
333.9947331417067
334.0206955603261
334.01848747167384
334.0458525023343
334.0376307989056
334.17410245733976
334.15862674872176
334.15856566815506
334.1674402124594
334.2078833051031
334.20384624425583
334.2102948981441
334.2288305152171
334.33742135061055
334.34775157910406
334.3547555950866
334.48732070266794
334.48356276941695
334.46575884081244
334.4491361949554
334.4524969186288
334.4524969186288
334.45724690131954
334.45724690131954
334.45724690131954
334.45724690131954
334.5075168349501
334.5050054722211
334.5033318593412
334.50595815661063
334.50595815661063
334.50595815661063
334.5654062202032
334.5602493102953
334.548534816241
334.54775990178246
334.5529330920208
334.5529330920208
334.5531229515055
334.5808063342717
334.5922111960976
334.6111820812084
334.61659905672616
334.63116800006674
334.6234657656763
334.63240089434504
334.752873030289
334.7727964857932
334.883071036621
334.922280300533
334.91751940825066
334.9230077466167
334.92982698481836
334.9297693092672
334.9226148316053
335.17800001728995
335.2057368477174
335.20498446063135
335.20247828880224
335.1999487662098
335.1999487662098
335.20988816351974
335.22897668680673
335.23453021849144
335.2526329429842
335.24920015523827
335.25143102510464
335.2606892957628
335.2661621677333
335.266568867651
335.284048493143
335.2835929165685
335.2921161707584
335.2905409328072
335.2905409328072
335.3059337036587
335.3107068524801
335.31188517216424
335.32395782520285
335.32448324700897
335.32113923559655
335.3227375808528
335.3227375808528
335.3227375808528
335.33281176765536
335.33466816033496
335.3362959189232
335.34550228896404
335.34550228896404
335.3593156801258
335.37678561043646
335.3729732399804
335.3695584304064
335.3698242811497
335.3698242811497
335.3698242811497
335.38237312317017
335.3858565333566
335.3858717330689
335.3927940664095
335.499231574355
335.4947254287252
335.4965137430664
335.5037406114261
335.5057756201552
335.499641049306
335.499641049306
335.50316881004295
335.50316881004295
335.50316881004295
335.50316881004295
335.50316881004295
335.50316881004295
335.51096583347004
335.51096583347004
335.51079536294174
335.51246322447383
335.5192798993249
335.51775819789316
335.51775819789316
335.526321613332
335.526321613332
335.52791567003277
335.5317903543202
335.5317903543202
335.5387576316195
335.54551869626596
335.54551869626596
335.54551869626596
335.56141935544696
335.56249305181854
335.55976513726654
335.5593901454338
335.5593901454338
335.5593901454338
335.5593901454338
335.5593901454338
335.5685252973645
335.5734696244647
335.57464239300765
335.5701881707344
335.57674175181745
335.57674175181745
335.57674175181745
335.5780653968017
335.6178427101298
335.61686319975706
335.6104627427187
335.6105812843855
335.6105812843855
335.6105812843855
335.6105812843855
335.6105812843855
335.61720712307545
335.62547087909854
335.6221499388839
335.63627782845685
335.6481760492285
335.65659038625176
335.6571616364006
335.66347361702884
335.65210311388205
335.65210311388205
335.65210311388205
335.6564989514769
335.66141778122665
335.66141778122665
335.66141778122665
335.66141778122665
335.6853610670222
335.689977857229
335.68370588220364
335.68429458684193
335.68429458684193
335.68429458684193
335.68429458684193
335.68888471865205
335.6985343182207
335.7093535024888
335.764445415502
335.77505539109876
335.8428953363305
335.83636417224295
335.84625539689597
335.8452638575953
335.85845120028927
335.85017447181167
335.85017447181167
335.85112838136405
335.85112838136405
335.85112838136405
335.85112838136405
335.85112838136405
335.85467276302313
335.8541266273027
335.8551676815351
335.8551676815351
335.8551676815351
335.8551676815351
335.8551676815351
335.8551676815351
335.8551676815351
335.88937388615307
335.8794258602188
335.8803824891376
335.8866187029141
335.8866187029141
335.8893760637561
335.89272347247464
335.8957756489752
335.8983426515568
335.89850071205467
335.9172361181536
335.92866090686664
335.92693448111993
335.9302338556717
335.92765917733226
335.92765917733226
335.92765917733226
335.93170347457766
335.93311315951894
335.94242800061954
335.95544680064376
335.954297189552
335.959844881787
335.9630214267694
335.9747722891956
335.9715753153535
335.97352825713466
336.02821550910124
336.0339780876589
336.01535267005124
336.01441071578506
336.01441071578506
336.01441071578506
336.01441071578506
336.01441071578506
336.01441071578506
336.0203830741291
336.02016235396746
336.02016235396746
336.02016235396746
336.02016235396746
336.0373393501895
336.0371014453767
336.0513496729793
336.05265367803514
336.0516720624772
336.05480804903584
336.05758400082107
336.0583749557616
336.0557563945473
336.0557563945473
336.0557563945473
336.0557563945473
336.0557563945473
336.0633404132345
336.0633404132345
336.0633404132345
336.0661373089318
336.14983915499937
336.467503151131
336.46824646275246
336.4624862748619
336.453097350524
336.453097350524
336.45648627233106
336.5067378771415
336.5950616975658
336.5904591384723
336.63732277539486
336.632598659848
336.6336835609055
336.63536230701277
336.63536230701277
336.63536230701277
336.6547006371559
336.67568963831354
336.66365853154105
336.6638893107288
336.6635189200831
336.66770652418575
336.6706235992087
336.66964928019553
336.6761242365566
336.6761242365566
336.67869163521715
336.67981633122696
336.684562060512
336.6867620674387
336.6824781678426
336.6824781678426
336.6824781678426
336.6824781678426
336.6824781678426
336.7623760802381
336.76682635118317
336.77071349411324
336.77259976277116
336.837992737052
336.834214318709
336.8413610506909
336.8380000547503
336.8503310915496
336.8622943319295
336.8609455697062
336.8596995907144
336.8596995907144
336.8662542943852
336.86592677861637
336.87546174701896
336.90805555979153
336.90670388276016
336.9138393925277
336.92442014525903
336.9202376082198
336.9158846746578
336.9199790093882
336.9199790093882
336.96754086315906
336.9703928828647
336.96823893407026
336.97830735250835
336.98527527362586
336.9879193801207
337.0303191349083
337.03478501278806
337.0321253623242
337.0329149766512
337.0329149766512
337.0329149766512
337.0329149766512
337.037922067541
337.0444234978154
337.0422485666158
337.0472472486587
337.04753325353585
337.05122357517376
337.04628865480834
337.06263234669143
337.0682436165609
337.0597298512005
337.06364064957177
337.2039262587684
337.2053417927291
337.2071326130635
337.20820627167797
337.20820627167797
337.20820627167797
337.20820627167797
337.20820627167797
337.21546596562234
337.2218220923057
337.220015257515
337.21725162197407
337.27071592763764
337.2710104808342
337.267616863836
337.2674963828052
337.2674963828052
337.2674963828052
337.28139143340553
337.28869017141585
337.2885004487149
337.2890533572997
337.29267804231006
337.29947650484837
337.2984537081748
337.298910144006
337.3010082883068
337.3081557113084
337.31495671396505
337.310868666308
337.3160822271494
337.3160822271494
337.3160822271494
337.31606864848607
337.31606864848607
337.31606864848607
337.31606864848607
337.31606864848607
337.31606864848607
337.31606864848607
337.32220592837064
337.32198475792615
337.3251242843392
337.32419004051627
337.32419004051627
337.32419004051627
337.3297129437847
337.33061104556737
337.3256397903956
337.325903465308
337.325903465308
337.325903465308
337.325903465308
337.3501553959462
337.35473109639076
337.3676059032803
337.3682403699566
337.3682403699566
337.36922244505064
337.36922244505064
337.36922244505064
337.36922244505064
337.36922244505064
337.36922244505064
337.36922244505064
337.36922244505064
337.36922244505064
337.36922244505064
337.3741094876653
337.37232968041917
337.37232968041917
337.38015195053976
337.3839733825022
337.3781080890783
337.37865503779375
337.38345278193475
337.38931504055176
337.3917673522988
337.3897958949553
337.38677871564386
337.38677871564386
337.3920586170775
337.3920586170775
337.3920586170775
337.3920586170775
337.3920586170775
337.3920586170775
337.3920586170775
337.3920586170775
337.3920586170775
337.3920586170775
337.3920586170775
337.3920586170775
337.3920586170775
337.3933477586678
337.3933477586678
