with mode=0, handoff cost coefficient = 1.0
303.0895161914023
303.0350518287988
303.2462134106105
303.730805754123
303.72925762977917
303.7391475083162
303.9983397262537
304.14320982008536
304.1049477464848
304.29409036155874
304.2719489878355
304.28387497522186
304.7962956389136
304.8120243581663
304.8393329080755
304.8401429875095
304.8348151069933
304.87895611903394
304.97628558326977
304.9967736823303
305.0043480442113
305.00315247940597
305.1325796059634
305.14488960367004
305.20561703165225
305.33812915492604
305.47073830942645
305.8088276237682
305.7955926569361
305.8242357780617
305.8360005242725
306.711470714697
306.71326398191815
307.0723934969811
307.13739032720684
307.2696761351338
307.2764608835504
307.29601209806395
307.9147570705733
308.50616035658663
308.86769867784534
309.2354827370252
309.3790675132435
309.4140371060873
309.504887800792
309.6750677323825
310.49647486985185
310.9121312974226
311.6948013614032
311.916024369267
312.1004524743873
312.0447003432522
312.2025764737531
312.5279223497638
312.54768833436464
312.583111599895
312.47297702241184
312.38236726608125
313.4970305563266
314.4394092926613
314.4821631442154
314.6296355276322
314.97032449777276
315.3360945473882
315.5106219286719
315.5113664135249
315.53561473447047
315.6124812620263
315.6124812620263
316.2120519110187
316.2120519110187
316.21891060755695
316.22403892144473
317.1211381827318
317.1465986295654
316.91984251801404
316.92469736832834
316.92469736832834
316.9272774884341
318.03939465888305
318.1957175320275
318.20476789377466
318.21222491974856
318.3438371948564
318.3438371948564
318.3774348966965
318.37982319268787
318.437118844569
318.5228562363672
319.35155820815095
319.93447345434686
319.9394040488443
320.3498533602192
320.738434262701
320.7950778019054
320.7950778019054
321.2462830859154
321.7458707260964
322.15464305971165
322.61581846503555
322.6061277027692
323.2041164159884
323.2041164159884
323.58245369850994
323.55922144821267
323.6717905913154
324.1275463203458
324.4515372318445
324.93493815236405
324.96254638678437
325.4104939589432
325.6178053385506
325.6079718788805
325.4896543696274
325.6290924357464
325.6290924357464
325.61743706328224
325.60287308624896
325.79509430245577
326.02105543444384
326.02386468409713
326.3502742155883
326.359426674836
326.37102205464464
326.6320639637331
326.66582371842765
326.77515027049577
326.77515027049577
326.7875227278905
326.86772924618344
327.2209338637109
327.22835391837083
327.2428581382833
327.24773702613544
327.41314188013166
327.4062394727368
327.4062394727368
327.3814540995991
327.6260056180409
327.62263138539305
327.7647324460671
328.2289651244932
328.49432333193755
328.5251833362268
328.55084934817705
328.5613890802269
329.0470183240892
329.0786542621307
329.17535795890336
329.17065942573856
329.18399833365635
329.1855569018529
329.19143129749386
329.1916030925338
329.1974862833483
329.24795648750523
329.42627704280625
329.3582521093022
329.2296309301487
329.2178488851687
329.60156789623665
329.60156789623665
329.60156789623665
330.0861921105821
330.0992046144989
330.4372551809226
330.3946891989454
330.47682075325844
330.47682075325844
330.4860167095067
330.50715958798276
330.5935299755364
330.6092264978894
330.6348824970239
330.6988678509581
330.6985978747865
330.6985978747865
330.7237075092209
330.74742953220004
330.7530473651851
330.7934087864625
331.29745814928583
331.29745814928583
331.30506671895677
331.57293482255324
331.8636602961244
332.30717188126505
332.30478155522513
332.32994668069836
332.32645478392345
332.82763353254677
332.9598384771469
332.9567427912946
332.9193487645927
333.5008831195966
333.5008831195966
333.5348963501568
333.52913528182927
333.52913528182927
333.5305620029679
333.49464131469784
333.5348963501568
333.60507918879716
333.90104677526045
333.90104677526045
334.04258705023176
334.04258705023176
334.04258705023176
334.0388471783037
334.1470349340524
334.1480842989011
334.1586304982123
334.1615778427854
334.3794791097591
334.3798668712156
334.52277483694303
334.5172277421946
334.527598647045
334.65899306767966
334.6701205584994
334.6797898050752
334.69933347694285
334.74924114592994
334.74924114592994
334.81729322868557
334.9126667306654
334.9546887309742
334.9616441955376
334.9592270051874
334.96175471264826
334.9733760933856
334.99867656718004
335.30540340217465
335.32685195175566
335.32685195175566
335.32290255614834
335.3864518746057
335.4312519399814
335.43434792848393
335.6692536650933
335.66634283725153
335.7062029892707
335.7198251052018
335.9805112979233
335.979916258132
335.979916258132
335.979916258132
335.98207481872964
335.98207481872964
335.98414565523194
336.0398036894369
336.0993355406612
336.1091731894576
336.1480005411197
336.1480005411197
336.1366524807611
336.1366524807611
336.13935071259203
336.1480005411197
336.15012494857666
336.1494402455061
336.16575625489673
336.2087705026733
336.2358313716247
336.2975419941421
336.30033919072775
336.302546404532
336.3072971140862
336.3086677396217
336.31222490045076
336.31310792982987
336.3119405674052
336.3110129212782
336.317301647292
336.32131643659153
336.3226535509619
336.31662364425756
336.31755612750123
336.3179102173831
336.31764987602935
336.3237769596901
336.3297418674068
336.3350238812045
336.33667830030197
336.3409303462226
336.34127337751323
336.34231460179984
336.4411939955341
336.4392430690994
336.43920572925316
336.4736700945935
336.4739283173397
336.4745509399274
336.4742777973444
336.4791338835436
336.4844256239143
336.48355535380745
336.48778646753266
336.4972817661832
336.50358649366717
336.5019920084963
336.50215098329505
336.50630373210333
336.50966742557387
336.51174118502513
336.51174118502513
336.5124162329065
336.51305236662193
336.5472573517087
336.54881929026703
336.55126312839275
336.58760480823423
336.58760480823423
336.6990850754111
336.7013641548259
336.7017361408709
336.69877880113376
336.69877880113376
336.69877880113376
336.6946533911845
336.7017361408709
336.7017361408709
336.7266183340554
336.73061060638156
336.73813901487824
336.73813901487824
336.7475331158109
336.7475331158109
336.8424794744964
336.8447250142292
336.85944436741556
336.86178303641844
336.8618141376858
336.8702489334636
336.87585161425
336.87585161425
336.8823136943516
336.8820602885137
336.89061379963556
336.8942432134804
336.8964037540746
336.89777813225015
336.8983711203218
336.9217935436326
336.9248184281397
336.9257621496347
336.93165325003093
336.93363834391994
336.93369719978534
336.9359174136528
336.9398049125953
336.93986848082506
336.9447161227316
336.95950891939094
336.96078853579576
336.9608862535387
336.9623498875674
336.9772713929648
336.9907293216482
336.99218929821006
336.99186087013766
336.99314215899193
337.0407060967814
337.04113680472426
337.11096420191905
337.11174078527347
337.1128263445745
337.1136138765909
337.1135640764285
337.1802214891917
337.1812407744427
337.20401492002605
337.20736589662084
337.2080537449851
337.21346738232353
337.21967149943583
337.2212747963255
337.2900509481943
337.2902538033606
337.2912912659634
337.2915387237152
337.2913774154922
337.3322020772791
337.3354916502146
337.3636677860874
337.36520615662823
337.3960919062241
337.3960919062241
337.4197673394763
337.4197673394763
337.42026475746025
337.42748227884556
337.4278458664954
337.4353344105115
337.43639686718217
337.43614456854596
337.4379200804204
337.4422006317008
337.4433161276014
337.49068135216686
337.490860978027
337.4923526730246
337.5149278392203
337.51716330436443
337.518148141998
337.5196559415582
337.53205741182825
337.56125026790085
337.56084467084645
337.560827533827
337.5616051239359
337.5697931319137
337.5697931319137
337.5710910634738
337.5784262134575
337.5885513863841
337.59106544227416
337.59100285267664
337.5921642103895
337.62181118890305
337.6235957476656
337.6236973444381
337.62380946729536
337.62376258250384
337.62494817439483
337.6304350100596
337.6720421651188
337.68116512625613
337.68627349136347
337.68627349136347
337.702935695075
337.70307657481277
337.7032013418679
337.7032013418679
337.70304096187914
337.75170157538224
337.754227180086
337.7571132109964
337.7578642623615
337.75819170904356
337.76212135516414
337.76344504413066
337.76593632609956
337.7667085132793
337.7670361921221
337.76788894946014
337.77603721971656
337.7765372596988
337.7765618298202
337.7776383576938
337.82541865001866
337.82541865001866
337.8254618080866
337.82699375110053
337.85057510192684
337.8734616464482
337.94139126823114
337.9436551254233
337.94157331777126
337.9437101762477
337.9437101762477
337.9468962368014
337.9481100665195
337.9488287480371
337.94892072850524
337.94847133948855
337.94789154259774
337.95234311694253
337.9587995005878
337.9607855370718
337.96246018500653
337.96246018500653
337.96298993479195
337.9909042934526
337.99135994744785
337.99467330051283
337.9952308051452
337.99794913102784
337.9981886291505
338.00010356739034
338.0002041563692
338.0323094067345
338.0334422648031
338.10442406703993
338.14837994486004
338.18650552210795
338.1874370639691
338.1874370639691
338.19599884182816
338.19623007683026
338.19623007683026
338.1981811620385
338.2040653389796
338.2061373891122
338.20953370193257
338.21130084253804
338.2132770986626
338.214090980045
338.2603460325394
338.2619149901265
338.2619149901265
