with mode=1, handoff cost coefficient = 1.0
303.0895161914023
303.16514414760144
303.4224897963868
303.57437729632426
303.7857433550903
303.9746658595227
304.13972712091515
304.3244767171896
304.50212243966223
304.60755782908893
304.87283694473336
305.01343061929464
305.1440412181888
305.2623164574228
305.38410151246137
305.49251406057783
305.55853829065853
305.7316688452008
305.8180824526407
306.09616609829357
306.16845789221475
306.4775241097896
306.6131306803717
306.77806561236855
307.00978057936953
307.2517077270104
307.3182087885594
307.44498113921014
307.5756351730016
307.696096649683
307.8255563170615
308.0917169783732
308.36279598405713
308.4413394488749
308.59893282964185
308.78844479616737
308.9339312294713
308.99920468576926
309.10937360713353
309.188615457992
309.44655644345676
309.6663882597927
309.8472460912246
310.0538108904084
310.1807128560208
310.46654286748634
310.5882111266245
310.97150190963407
311.23816088368255
311.46602951432726
311.72682644876727
311.7739222191245
311.86435474184816
311.94124231992663
312.0138454197478
312.1713279217749
312.4059672677979
312.4488611040832
312.5351892706871
312.58488650241736
312.7609406794125
312.9868174430094
313.2427152916615
313.5348991177516
313.8072001983481
313.88236420829287
314.2461639259195
314.38172647981946
314.6700872578106
314.72783985044106
314.8227922676951
314.8464189334757
314.8868665048722
315.0465245975946
315.1484912876847
315.3280369185573
315.4515872602608
315.6276070579723
315.6330724638323
315.7312460020403
315.7730658455267
315.9682599201855
316.0474190860996
316.2265079880134
316.320888401101
316.32618510542557
316.47498211624895
316.64499084821034
316.7349009988287
316.8031772002615
316.90784658380585
317.0872985744839
317.1393971342095
317.2520984594704
317.35539020243243
317.471925099175
317.7403645502587
317.74052599803315
317.92782323927963
318.0286931542027
318.2025457434746
318.36976002541326
318.52197382050895
318.7413162385698
318.8011882465935
319.05787157018955
319.1991272469054
319.2270141735052
319.2262518140839
319.3933043669618
319.54208713226075
319.60103903398306
319.6539242500953
319.7569420946373
319.90237084700243
320.07156611239867
320.2267804623369
320.2738139048113
320.4384769074453
320.4768829488128
320.53586894729517
320.5696534030868
320.72912456124055
320.7804592414244
320.92051610243874
321.1098868605565
321.2246275264468
321.31487255339005
321.49450935386176
321.6843857067214
321.8393601034788
322.0682483163798
322.218332943593
322.3232738557091
322.49996323631564
322.6057493271015
322.6124987445715
322.7916821594013
322.7762379690312
322.92232548605034
322.9894946329667
323.16753697030856
323.178964962855
323.330466510653
323.4755176562788
323.4773359124058
323.5989747206397
323.6228676948664
323.8700908536922
324.0620477404603
324.0753749827847
324.18921189776177
324.2318374267269
324.3991422857628
324.5446259642048
324.6597474520694
324.740086123306
324.804355623967
324.9596192950688
325.0525563339891
325.13243874905
325.2474102925474
325.3293601997057
325.3336350544198
325.44360768545397
325.46388955558257
325.6917920290304
325.7653793841935
325.81798893066053
325.92420786673244
326.00326728622304
326.0450460352892
326.151322064097
326.23580751653816
326.3879500258256
326.4924355392267
326.5755740404898
326.59515156186
326.65211176340495
326.69466571338785
326.8745196354141
327.0757803409399
327.1780921296025
327.27828917022634
327.4453548267638
327.6236598259142
327.6429605482538
327.8984585915078
327.91774827353333
327.97294017419716
328.12368319769513
328.23954993201687
328.29236023624935
328.358582873143
328.36598102124344
328.4759030069428
328.51913712857953
328.57906299380085
328.61101887698254
328.61295953728234
328.7714459728681
328.80882992631575
328.90599487222977
328.93132079277416
328.97396546545934
329.0517722257541
329.11873364753535
329.12803631705236
329.14493611889804
329.2143191234839
329.27251133373835
329.3521545238494
329.4155394184498
329.4642182614698
329.4850535973113
329.4789379538667
329.5452283070038
329.5749022432326
329.73584976406465
329.8160706222238
329.82467993378737
329.9139882059871
329.91408955203093
329.93838485923754
329.9471985440288
329.9521776239335
329.99207216537843
329.9821154253486
330.05972515158123
330.27571846882597
330.2903144394435
330.34218096441566
330.3525679363853
330.36224240937656
330.38563452555593
330.4831720085783
330.49243865208365
330.67344784510107
330.67481928134646
330.81324212461715
330.9251368115554
330.99474954380213
331.08504546994465
331.18094006441993
331.2272616458259
331.224986118778
331.26951345796596
331.49343712445244
331.6604805129901
331.76266043198217
331.8338186884717
331.91927869908665
332.0285144484082
332.09909590906506
332.20629112091353
332.2191523100293
332.22931243790197
332.5721220640645
332.5834354550275
332.6410231137343
332.68196321464126
332.71111622451605
332.87415972758447
332.89051032963147
332.90955469301434
332.90932832082456
332.9831078836224
333.1587344016319
333.1901689122428
333.30501127264523
333.3982665971675
333.40269934100706
333.476591186877
333.52833774036236
333.5816115694841
333.6373479438942
333.6192657362782
333.630673371933
333.64210614028906
333.68705020805345
333.7426560609825
333.8386991561521
333.838990859681
333.8992615487468
333.94978281731915
333.986937478859
334.0150515306174
334.0634636506523
334.069983617361
334.1023958216983
334.10803541045516
334.12418383953593
334.13380582164325
334.1597279338211
334.16637276990025
334.2331537577157
334.3933492898075
334.49457005295153
334.5789876654064
334.59163841212273
334.63208734747
334.64206222611745
334.6424665565531
334.6776318482419
334.66439724648666
334.76020365864497
334.91761568037975
334.975759425658
335.01410524169654
335.1274266635539
335.15668363264524
335.1934312158309
335.2381747424825
335.33413360552663
335.34733511618333
335.469761592396
335.637480651898
335.73303419184396
335.781033463517
335.8391404579855
335.8499018911219
335.84947074630077
335.9249560559713
335.92357259854253
335.94213214471637
335.9778567038857
335.9898086603954
336.0816208364559
336.11964058751056
336.16229389535016
336.248401905779
336.32669711933806
336.3631223088205
336.4370533188067
336.44192381105614
336.4544942959046
336.5391694903312
336.563269577754
336.6333662345974
336.7290304080187
336.7997198010473
336.8381804608038
336.8771685406581
336.92476714989584
336.9946276143029
337.0551907964789
337.0845471054254
337.13981087216814
337.2294974446891
337.24409327802584
337.24271246414435
337.2573254355274
337.3632249691347
337.36208992814977
337.42559822830935
337.48105301558246
337.52173330419174
337.6566589477478
337.7053133837059
337.707002283971
337.73819651339767
337.74839779525496
337.7715525326917
337.78250297819136
337.81826227380566
337.9054496636929
338.0193153239572
338.0594976284974
338.1359399617302
338.18748550594813
338.2475548432145
338.3285152943001
338.4766027166536
338.5213004970864
338.6437952275209
338.6437604520884
338.7712145849856
338.85692820568846
338.8620281076784
338.90663114479963
338.96791631907547
339.0045896592378
339.00263148827673
339.00485003093974
339.00545603563097
339.01272252126057
339.0266719226809
339.01943237523824
339.0466604305733
339.05089155117844
339.1174328219198
339.1552005637012
339.211270274428
339.2686900289885
339.27331821276454
339.33764447950796
339.35276003427464
339.35360808555197
339.3712610806723
339.41781547159366
339.43223578907174
339.4770731846935
339.5204745559806
339.6175811300006
339.63880613754003
339.6575966467906
339.64880992226216
339.7326784551965
339.8043905117579
339.9692622500632
340.00764541191023
340.050197321611
340.08674210801456
340.10939623141707
340.1448280285113
340.1822461406988
340.23221009863244
340.2251996273901
340.27260068275484
340.30332032577314
340.3125097074378
340.3496409452583
340.3904693114526
340.4560339803355
340.4651681964773
340.53691644976556
340.5965695598185
340.5891326940839
340.67136202970306
340.777965308009
340.7828773487455
340.7765042412849
340.9206051335864
340.9678544358804
341.0739636919428
341.11763761495666
341.1796010156322
341.18960548308974
341.1983320047911
341.19906382889246
341.294075139588
341.29216378734344
341.4064943054307
341.5344930841276
341.5261946350071
341.54588851987364
341.54936165023696
341.64183999778515
341.66107612739495
341.692204033847
341.7495783490231
341.7470581279587
341.7557903883392
341.7528211686544
341.79361683771134
341.82130488374986
341.86016996761526
341.90283571634706
341.9007545940989
341.902076544037
341.94142060863896
341.98469865256476
342.06534850233203
342.07806249653686
342.09831789176394
342.0884022295627
342.1129163650266
342.1119201138354
342.16593387589086
342.19411823412605
342.29524903205004
342.2946205831615
342.3511804346759
342.3717504036316
342.37183118543163
342.3719906955899
342.3704083164749
342.3680029720502
342.3773450869809
342.479943594417
342.523336568233
342.5273427919937
342.5702989021176
342.6447230417676
342.68086356310783
342.7235689309004
342.7365554455324
342.80395286956946
342.81385463551857
342.86599117554044
342.88647607131344
342.8904980398587
342.9314671377184
342.99290014939214
343.00932821115316
343.051336457058
343.0539017942593
343.09258720588144
343.1144936014252
343.17927530213325
343.2041765306126
