with mode=3, handoff cost coefficient = 1.0
303.0895161914023
303.58726574618555
303.9223505066323
303.9359770859713
303.9694924893125
304.4786145447369
305.49019046132264
306.6706872381086
307.12532629016636
307.3071313063781
307.40103506469535
307.9984063747835
308.1553502189552
308.3740979649418
308.5510293544177
308.54241505349245
308.5950055935827
308.82004687563466
308.84792214965165
309.080407159819
309.2420582063075
309.2649293861913
309.26556102323593
309.2890380953412
309.2940601907363
309.2940601907363
309.27121022905044
309.2795012783887
309.2795012783887
309.2795012783887
309.2795012783887
309.7179832386668
309.7219111348435
309.712381440302
309.70531214100583
309.70531214100583
309.8209222315521
309.8320745211099
309.8833365872157
309.90124495968666
309.9261373537534
309.9559935842774
309.9641058834572
309.95472703720964
309.95472703720964
311.3522345068794
311.3527027822737
311.4010901998584
311.37056263922267
311.37056263922267
311.380498139813
311.5279631458537
311.50105257257394
311.51261808323267
311.5296561757984
311.6480990822905
311.6214233803881
311.63381804112913
311.6361947261244
311.64184612476924
311.6491184109372
311.6491184109372
311.6504709549125
311.6626814642472
311.67443053847865
311.9867013274161
311.98133308008875
311.9707687201777
312.5042311761076
312.8006314107831
312.81881473642255
313.0355310477655
313.06882497262376
314.2197314972551
315.0572826260068
315.0242938268671
314.9919600749283
315.7727338518328
315.93046055200864
316.20796137746686
316.99290817173227
318.10775846309025
319.21313352642545
319.3985633727093
319.39111621590223
319.52542787385454
319.5927672095128
319.68662244475104
320.3142141876854
320.2858989079055
320.3218868493804
320.6897201452865
321.3748681550182
322.2120690717928
322.4055926758384
322.5352505313297
322.561475152093
322.5496910735169
322.55479472336305
324.0098110609105
323.9893554642149
324.06261079535614
324.32886318264656
324.3294856643824
324.35260720374583
325.4748359614856
325.49468489021154
325.55453519765103
325.54385034073164
325.53797673625917
325.5432844263797
325.7829169838183
325.8137736159463
325.78881517012826
325.9448344205761
325.9181960011781
326.1401613839344
326.1496681171117
326.89115106295185
326.9343691942212
328.41084117117964
328.4156254274351
328.4391464834823
328.502829793972
330.4202974736796
330.38965052917877
330.42312260991196
330.44831274798406
330.44598750055366
330.44883234281014
330.53662630852955
330.561821389668
330.9581379335349
330.9556393209849
330.9601508481321
331.0153131770713
332.96290932590887
333.00917810691243
333.01011539770144
334.5389878601252
334.54043954552526
334.6846807405121
334.799413449947
334.8163914514101
334.8147969170494
335.6085923702192
336.38331284495047
336.80784225714325
337.099993102063
337.15335538707586
337.4701961286925
337.48156610892954
338.17471999917825
338.15885169021465
338.154342307812
338.2472956794827
338.26365381933044
338.2657737720131
338.2608309710262
338.2608309710262
338.2608309710262
338.7388420733058
338.75662202729416
338.79786023616947
338.8005562782923
338.80273074745793
338.79738676471095
338.84437577649436
338.81058665542247
339.5094563350593
339.5312139180733
339.56234158833814
339.5562567259603
339.5562567259603
339.55182159840274
339.5621597370617
340.0489997154016
340.0699183455896
340.0933696749165
340.10987825813055
340.19292328802607
340.53302727680347
340.52414747144763
340.50434881588353
340.5637581605174
340.5495627342288
340.55116049913437
340.5881192809673
340.60193517647446
340.6213843503038
340.6907363287517
340.80138198530955
340.811418074147
340.87297916545856
340.8780475273593
341.1507339902014
341.16646847685763
341.18616131689726
341.19347039711073
341.2759404046851
341.299976798466
341.29408732124546
341.3241238073837
341.5060822921162
341.50803957228834
341.5765206844865
341.5457415033652
341.57956961167474
341.76537928374483
341.79399869237267
341.8382361018055
341.86322317638565
342.08221895119516
342.07471404403304
342.1360661388144
342.1458905840173
342.15245008413393
342.1548965434465
342.1714196904147
342.3223497099726
342.86368924301667
343.2943022909739
343.2988589917689
343.5885831509929
343.65339340215263
343.6426894607736
343.6769295712536
343.7118001823289
343.7583213766781
343.7562815186434
343.7587931731826
343.7620102538871
343.7620102538871
343.7802396896595
343.7802396896595
343.7909776319378
343.775374072403
343.775374072403
343.79508622839575
343.79508622839575
343.7854430701821
343.7917529689733
343.79630211191574
343.79630211191574
343.79630211191574
343.90099342163336
343.92594844141394
343.9324418106857
343.97548050946835
343.9771831447633
343.9904043705587
343.99100788642215
344.0426353920671
344.09380262059835
344.0806064804841
344.1002530073089
344.15232776087925
344.174601950574
344.2136805786859
344.2238559159543
344.2202880037134
344.21308106614106
344.2200228690501
344.2200228690501
344.2335987403642
344.55807217745576
344.5828001450477
344.627772512256
344.7596336454432
344.76093490329646
344.7640378499635
344.7773040626645
344.7773828099241
344.77780856811614
344.76882118963454
344.76882118963454
344.7736205129495
344.7736205129495
344.90989451288135
344.9246805296033
344.9833131577567
344.9838248991314
344.9860767836427
344.9797586667613
344.9797586667613
344.9980859131854
345.0150011765064
345.02243549528
345.0169874193556
345.0173970443195
345.02282597988983
345.05778152295824
345.0322075710696
345.02986432059475
345.03602427876336
345.0430012118504
345.0557844695527
345.0548341745498
345.0465933085066
345.06367924493196
345.092161883526
345.0878355618728
345.1172203894785
345.11885225104857
345.1231408685267
345.12921662101877
345.13268904960086
345.1301906052692
345.1351063342026
345.1478038070026
345.1490126818514
345.1621103989912
345.16667214642035
345.16666711343845
345.1894102595965
345.2113567133036
345.41177738189185
345.4156863800503
345.4136928222884
345.4197624784711
345.429971942311
345.55522893398893
345.5641420365149
345.58443541288545
345.60335331765043
345.5858360811508
345.5883772727507
345.60611583118816
345.62361103609453
345.63059593767736
345.65001391969497
345.65838694978873
345.65733437481634
345.6595782658207
345.6595782658207
345.6595782658207
345.6753597740247
345.6738140952797
345.6738140952797
345.6738140952797
345.68734455887545
345.74201062262864
345.73189005043184
345.72011334479976
345.7191702359051
345.7191702359051
345.74085868929734
345.74207385606917
345.7415043488068
345.7415043488068
345.7476046899118
345.7472912578715
345.7514461303904
345.7648538199693
345.7770350054613
345.76348696707714
345.77976964919264
345.7844581784861
345.7851605321716
345.78903200308326
345.8137284516552
345.81522446988095
345.8101933233197
345.80922523647206
345.80922523647206
345.81423487472966
345.81689052813846
345.81498599987333
345.8176077636403
345.8176077636403
345.8176077636403
345.8214286001583
345.82947897196675
345.9987793439082
346.0063373351084
346.0123107666123
346.0114827280116
346.13304608960203
346.1528478921247
346.15611056346285
346.17511471404305
346.1913891583209
346.1886394000077
346.1968140592719
346.1957973518571
346.1957973518571
346.19688410190236
346.19688410190236
346.2143074244341
346.2521338847537
346.2514077495863
346.2606939415384
346.25572400633837
346.2566810628757
346.26157510319445
346.2748806071105
346.27349449185044
346.27639182397866
346.27719674679884
346.27719674679884
346.27719674679884
346.27719674679884
346.27719674679884
346.2823469657824
346.28154557418395
346.28154557418395
346.28351858564827
346.2883833342843
346.2893070058643
346.29075970250767
346.29075970250767
346.29075970250767
346.29075970250767
346.29075970250767
346.29075970250767
346.2951093461669
346.29303277556653
346.3397076716052
346.3587380798072
346.36943430334117
346.36903443711077
346.37404160263594
346.3863960381643
346.3831446503831
346.3867760678896
346.3883376285132
346.39936452234195
346.40127272651483
346.39493240031754
346.39658612433993
346.41790912973295
346.40970881246824
346.4349547193124
346.4305905156649
346.4461384324889
346.4592893254178
346.4636234984328
346.4595800914451
346.47195823420765
346.56171635777605
346.7355147637976
346.75119458265715
346.74590481741893
346.7494315719231
346.75016051391617
346.75016051391617
346.75388033713114
346.75388033713114
346.81872326592804
346.8179799999771
346.81352066580587
346.805075376884
346.80984436071196
346.9225836345868
346.921208134397
346.92498050017974
346.94175018983753
346.9528007869582
346.94818741130774
346.9465715829547
346.9466861346957
346.95069524119
346.956019150319
346.96245479898664
346.9553622637449
346.9553622637449
346.9553622637449
346.97352061654203
346.97718885232086
346.98375797356255
346.98506746509213
347.03684837709545
347.08014621712954
347.08008426680044
347.09090024941213
347.09294113495054
347.1460630071969
347.15499802463836
347.1662310844241
347.16643289135527
347.17300937188475
347.171623711599
347.1734446320006
347.1786035239801
347.176602679673
347.17781027130616
347.2037968698929
347.20948124859297
347.20566466262005
347.1989201738917
347.1989201738917
347.211042894573
347.211042894573
347.2123570892396
347.2155687021981
347.2153699353601
347.2157150728163
347.2521963091081
347.2483898549235
347.25805868004386
347.25757959681107
347.27213582449593
347.26846270855066
347.2760533603177
347.2754295307653
347.2789548930931
347.2756352077381
347.2756352077381
347.2756352077381
347.2756352077381
347.39209631650357
347.3906294191484
347.3819001766762
347.3849414644806
347.38995473074056
347.38995473074056
347.38995473074056
347.38995473074056
347.3975971155093
347.4136445371592
347.410090158939
347.4053681774826
347.4040731121394
347.4040731121394
347.4040731121394
347.4040731121394
347.40951399182507
347.40951399182507
347.40951399182507
347.41819993767996
347.41639760411056
347.4181871498429
347.4180262758115
347.4180262758115
347.44096574632255
347.44724419680716
347.44296566947713
347.4486366951123
347.454067375233
347.46795087140237
347.4661305864644
347.4688786041098
347.5231574232065
347.5370033643933
347.53781386163644
347.5359181889404
347.5380110333323
347.5380110333323
347.5380110333323
347.5469548942283
347.548551657821
347.55317896729105
347.55036259681674
347.55036259681674
347.55036259681674
347.55036259681674
347.55036259681674
347.55036259681674
347.55036259681674
347.55036259681674
347.55036259681674
347.5577399504058
347.55945979568594
347.5637073923607
347.56622573321977
347.56622573321977
347.56622573321977
347.56622573321977
347.6606919904188
347.6566345556359
347.64925571577527
347.6525429155037
347.6525429155037
347.6525429155037
347.6547535635613
347.8143585120495
347.816705238117
347.8576983723896
347.86466277423636
347.86450227650306
347.8669900247358
347.87093866901904
347.8717643109292
347.8690964801386
347.87205450340747
347.87205450340747
347.87620262877107
348.0201422307733
348.02757961032336
348.0253125101522
348.02767287373825
348.03351961004006
348.07087623451054
348.06698806031335
348.06749269968583
348.0702869134387
348.07384326068376
348.0727196135272
348.0798615018371
348.23958967651566
348.24070681440907
348.3570525504228
348.3587481898731
348.37157533241265
348.36901167274215
348.3688248546618
348.3706740170797
348.3706740170797
348.3706740170797
348.3706740170797
348.3706740170797
348.3706740170797
348.3706740170797
348.3706740170797
348.3706740170797
348.3706740170797
348.37157533241265
