with mode=0, handoff cost coefficient = 1.0
284.05428328955577
284.07631147754716
284.1076096205807
284.99796223729186
285.1877093609757
285.4205951863383
286.3981883036372
286.4795084778575
286.4751782508251
286.7680311505666
286.77594442030227
286.79021882697384
286.7879095752268
286.99574120493895
287.0616934215463
286.9129276662753
287.0055040802589
287.1595039102219
287.2066478334058
287.269805595261
287.63228642566156
287.7114379410546
287.72570491119274
287.9165778292954
288.2009593213378
288.2223979933762
288.2233295512266
288.2628963146672
288.3653751525271
288.37886750923684
288.2921128214164
288.307507807266
288.2560029723388
288.70092818158355
289.0939311949426
289.11169017976266
290.045531219855
290.0957645465784
290.11821826945663
290.6433338570594
291.3799450874774
291.9085948325859
291.93857922060084
291.9613571615882
292.17260882761957
292.17324628536556
292.16500907196615
292.3130499723305
292.46184476084585
292.6170211493567
292.6668016638826
292.675038877282
292.73751169738284
292.74024738614577
292.91438223662647
292.94716764984526
292.84700302602533
293.09036751275835
293.2973961878604
293.50201857222106
293.50201857222106
293.69507968470623
293.89659522129404
294.44052458202685
294.4146117228329
294.6861375558507
294.726781762106
295.28405433916396
295.4932053356089
295.5101560764401
295.50844791624456
295.55321723119897
295.7713607431506
295.79420388800156
295.7943155614686
295.85419818660944
295.85419818660944
295.85419818660944
295.98789951967365
295.993459132521
296.1745065281882
296.2753023496242
296.34776443781925
296.49366254176186
296.48322865557554
296.47124951369676
296.9934426457893
296.9934426457893
296.98483279151776
297.0288259832945
297.04126975382746
297.0445358807182
297.3513865572643
297.4456443019883
297.55541002336327
297.64526790054117
297.65179456096064
297.7268455507919
297.9284604649508
297.85860236791206
297.86757381396876
297.93141601939396
298.0707499687844
298.0707499687844
297.9542300083026
298.557655844771
298.8212293554154
298.91051075629645
299.5791318243389
299.66386817747986
299.8003919883861
299.78048079661005
299.7961727533289
299.73729964376423
299.84848811825833
299.845593600199
299.84424944395084
299.85627753586596
299.9062710006846
299.90852017929865
299.99261866666717
299.99261866666717
300.1414438661392
300.1414438661392
300.66834587059276
300.6939873241482
300.81387406655836
301.0187084583399
301.1486434123775
301.1700792542281
301.1845723857571
301.20180229493747
301.20180229493747
301.1936199652941
301.2042776617431
301.2821104928575
301.2821104928575
301.6614245768068
301.68128897196186
301.68128897196186
301.76022936475715
301.87926337967497
301.88032372209756
301.9191682549679
301.95718690115257
301.9468980485551
302.0150185868327
302.09651727797984
302.16446965343897
302.2025077581895
302.2744380415262
302.241178411986
302.241178411986
302.2347584253724
302.27004719040804
302.66138680246024
302.65140787469255
302.6781679252312
302.67089351853707
302.73538993251077
303.29460378086884
303.5289141334722
303.4981129857097
303.4992631626534
303.58647768200314
303.71215052482995
303.66154353860753
303.66259147514796
304.0671118204357
304.48897357691544
304.49358854236885
305.1093231955212
305.09684651295385
305.0470723451602
304.96370629859206
305.044263988848
305.1093231955212
305.1259665833028
305.13237716891746
305.14061631360255
305.14061631360255
305.14061631360255
305.24001454481515
305.24125202580814
305.2437226372977
305.26162567778
305.3047571173835
305.30527528057297
305.30748433340716
305.3098756021995
305.3108136815751
305.3025978294422
305.3336905533329
305.3334361160307
305.3345697907699
305.3345697907699
305.3345697907699
305.3614943530516
305.3288073119071
305.50464813246754
305.51767660619595
305.5153240464338
305.62368404963604
305.7322964197957
305.79330260358216
305.79256501258857
305.79382044527785
305.806624413747
305.85999744665924
306.03804688133926
306.0379560430873
306.1820121171675
306.1822434673017
306.2518962979646
306.2542609711688
306.2559649828049
306.2559649828049
306.2569801138398
306.4562092271164
306.60878793211754
306.520380349507
306.52020105585103
306.53478188461753
306.5276713728744
306.60878793211754
306.60798680587044
306.61387039671166
306.6181790478825
306.6212192685169
306.6212192685169
306.6220887708057
306.62591449013024
306.65726121427406
306.75801140909266
306.75425758750504
306.75439246301505
306.75454738618566
306.76194367191465
306.76303429015974
306.76366562938506
306.77726052268287
306.7782197085494
306.7844773480414
306.80189183366656
306.80189183366656
306.85145207301565
306.85145207301565
306.85181815785097
306.85250574625036
306.8605155986574
306.8634472419415
306.95251087984735
306.95609287975344
306.98873099518
307.0640917248812
307.0640917248812
307.0671196028552
307.1344562084156
307.13781891728746
307.1499029483423
307.21251239213706
307.2234263580955
307.245178881567
307.2490479644003
307.24849032004124
307.2510172812624
307.25021559587213
307.24742046818625
307.32026220200595
307.3424926229812
307.3393453864446
307.3519296353249
307.37091627869916
307.4480828998116
307.4681284488913
307.50007157666334
307.53604722846876
307.54821687839643
307.54897701853093
307.56167589926656
307.65611382158005
307.66055758909437
307.6675585441357
307.667561731708
307.68506758382546
307.71357832969113
307.76258094208555
307.76202690645084
307.76207117534244
307.75616856015375
307.84785986990425
307.89896325457494
307.89896325457494
308.0414920143154
308.04574749899587
308.045838389406
308.06515998535525
308.0655967789151
308.06899057706346
308.06989497579355
308.0720032977185
308.0713886397776
308.0732271576066
308.0737140505509
308.07407729494184
308.1001544465447
308.09835143667044
308.1006907464493
308.1006907464493
308.113208976906
308.1566310081821
308.1566310081821
308.15700521915284
308.15846521554056
308.19094376832726
308.2901607617242
308.36678676113013
308.36690181777624
308.3681708558501
308.3681708558501
308.37770830253174
308.3801108596809
308.3801108596809
308.3838124042101
308.39402692938955
308.39402692938955
308.39402692938955
308.4564144535968
308.4619258779646
308.5719845126571
308.58824940864025
308.5856116275003
308.5856116275003
308.7782166331818
308.78833773807173
308.7959131379476
308.80273945502904
308.8103367102271
308.8847201878343
309.1049561352581
309.1100508281836
309.13107454351695
309.1256317077944
309.1256317077944
309.1777525228427
309.1848201958631
309.1848201958631
309.18500535151946
309.20081482347746
309.21658203619484
309.3462903356773
309.37510501062127
309.4290068050867
309.4886360743733
309.5134406529387
309.52296502314846
309.52558829203235
309.5288509936123
309.52743899614126
309.5245084377668
309.52807531858133
309.5623749892619
309.56268269647325
309.570950655383
309.57119704318734
309.56958335927635
309.63612856519063
309.6532660298871
309.6736543579623
309.67934138145483
309.6702324403915
309.6702324403915
309.6804901010999
309.68554947701296
309.6920507898708
309.6931483454889
309.6938158747929
309.8271768957911
309.83411376377927
309.87418183049283
309.8742308341404
309.8792049328702
309.91119272037764
309.9270234753079
309.9270234753079
309.94253404011494
309.9433038248294
309.94367266660737
309.94583460735885
309.9494973985259
309.95713800408714
309.96252961347574
309.9620533119351
309.9625955276424
309.9766936375175
310.04723713957884
310.10027363947233
310.10194152316745
310.11083509813386
310.1130134830363
310.19211438191485
310.19147498234656
310.20070074777084
310.2007502742649
310.1990771785702
310.20481404763666
310.2121421213053
310.2124791252371
310.2128275771514
310.22876630261646
310.232510247636
310.23933909656455
310.24868706492066
310.2521417493574
310.26264109356066
310.27403572164906
310.27565848271786
310.3056040201409
310.4166315775054
310.4159475182085
310.41736072714684
310.41736072714684
310.51614457047214
310.5160848345151
310.51837145046113
310.58734274173565
310.5869819338189
310.68654375641574
310.6949593982481
310.6949593982481
310.70091037014953
310.7173741277619
310.71733693475954
310.7287954816715
310.7287954816715
310.83193286362626
310.8504594191038
310.8545529224095
310.85641197267734
310.85633999949926
310.85672647710834
310.8583716293358
310.85927633126096
310.8650615546194
310.96024206152754
310.9542905302278
310.9545852877586
310.95973882552664
310.9601444191268
310.967051309306
310.967051309306
310.9950583735855
310.9952694714929
311.00207040062486
311.14408332609315
311.14408332609315
311.1448165913426
311.15687843878675
311.3625684243596
311.41421329028594
311.41421329028594
311.5140331705642
311.4805574896878
311.4907742766254
311.50850924764933
311.51311588780806
311.51987881151854
311.5346387853303
311.5946313004501
311.6440980639567
311.6440980639567
311.6440980639567
311.64460063668133
311.77601696439945
311.78114725125477
311.87739752158745
311.89597815548314
311.9419769136013
311.9419769136013
311.94158854854834
311.941686302571
311.9428784265466
311.9497009433044
312.15603984537245
312.15667950220205
312.1576194371279
312.1996987470596
312.2051465564061
312.2053510452636
312.2269704215391
312.22857667116534
312.2642493323746
312.2642493323746
312.2644120374552
312.26768965886197
312.26768965886197
312.26313983861206
312.2684143956292
312.26965184344454
312.280365543379
312.280365543379
