with mode=3, handoff cost coefficient = 1.0
284.05428328955577
284.7940299684077
285.00016094296666
285.0619535585787
285.58461516924217
285.8807154010666
285.9006052401959
286.1411654842298
286.52821193180205
286.54991600893527
287.11183044784934
287.2761090120744
287.8029988001373
288.01513959670393
288.6853753122677
288.95415206491936
289.1813559511648
289.1685768625036
289.20733580288334
289.2202267265971
289.2118360821626
289.2238930579366
289.4732124327319
289.4938644036358
289.5468360493091
289.54430787475445
289.9056318426838
289.9929795460978
290.02831968422043
290.1060158455749
290.05017272716805
291.11106931639756
291.833508615282
291.8868348599795
291.9385498255368
291.9692535447855
291.9071875626128
291.98759604289324
292.09039408194684
292.07233767026565
292.12194694824456
292.177027600623
292.21127194092696
292.20410261339714
292.2242242928261
292.2229557867781
292.2229557867781
292.2271259777732
292.3753267800834
292.55396900518775
292.66204501181545
292.78615686281177
293.2975572321811
293.30029269823115
294.3702914302955
294.37446667610834
294.4416803731613
294.454380520823
294.44223655243496
294.46748109938557
294.5044749104678
294.6315973541173
294.6152282741661
294.60908365233547
295.23646517982735
296.3004610351869
296.2877032346158
296.6388236270674
296.68221768548256
296.75815460147857
297.16016932368046
297.16968135938794
297.1533922970276
298.15090785259315
298.1653182227622
298.1835117758506
298.1857953255093
298.8423819681896
299.2118702620004
299.25003238827736
299.21484560999824
300.56820980633023
301.07126834567185
301.156937759258
301.0936911821745
301.22617596670625
301.2407959140524
301.2767037334311
301.2249792042801
302.149401277505
302.67711442289203
302.7068108650101
302.98750608206865
303.2252691689032
303.2457296402461
303.4662388111242
303.79221511059194
304.4473916754914
305.2814582385194
305.2657471822942
305.35436388937984
305.39685404848314
305.4170444566822
306.8837369876209
307.7501912170121
308.2507297594888
308.300901200614
308.32204475929035
308.70852842704124
308.6657038888028
308.83705492326425
308.9639782701876
309.6289723889381
309.8432077523142
309.8501584130237
309.98655483748905
310.0281462515984
310.0228246463011
310.1709492170309
310.44139349130234
310.4330095296434
310.46658810596534
310.4793179928231
311.8611415190395
312.24075890362917
313.01827572189086
313.5644542767771
313.54620790104616
313.6007201800506
313.68826699283926
313.7227059323635
313.7091705879853
313.97503940137074
313.9847168122539
314.1345802287187
314.15962258109636
314.1868631640163
314.2438115126503
314.2459543396477
314.30939171437194
314.31907187066656
314.33504929785255
314.3923396265309
314.9337921036975
314.9697221810404
314.94981518798187
314.9554451190406
314.9554451190406
315.4489801700538
316.6628143669519
316.7542873795245
317.0918582840046
317.06303573818053
317.06519224797256
317.1582571183499
317.16853601866734
317.15529704824115
317.1327307391537
317.21423797006753
317.2367228353507
317.6402150440645
317.61757518633783
317.6315828520018
317.6259432836421
317.6417784105811
317.62327981113674
317.62722143359593
318.84477830032563
318.851119863058
318.84587516828265
318.8349737063054
318.86395614127423
319.5682206017498
319.80446435745307
320.15821429743573
320.17301083734355
320.1395181332003
320.1730586574073
320.2147137681234
320.24872358749184
320.22353283710083
320.1933482335257
320.2174608665079
320.2282915674307
320.2279538124595
320.2574759708039
320.2445210391329
320.3532844416937
320.3470081883178
320.3342351442809
320.3329323236437
320.3329323236437
320.3329323236437
320.3449248552014
320.35506636301847
320.4904082392493
320.4499667694674
320.45833858556284
320.7928700970184
320.81007784601417
320.81499942464075
320.8682442993334
320.9778853640157
321.69657895947915
321.7103982411031
321.7148487637874
321.76960116654607
321.78344671339244
321.7995007740753
321.8412983428589
321.81334982659183
321.81113199853684
321.85042822813176
321.85042822813176
321.8725847669243
321.897057121805
321.8924027037887
322.01739723333014
322.01436783628213
322.1365970571575
322.10745758645515
322.11203495505237
322.7838094629583
322.7765603719744
322.79095538645714
322.79016642350274
322.7965590105983
322.7799155765615
322.7799155765615
322.8241143835353
322.8565660048758
322.85853658234026
322.8532255306375
322.84090076152677
322.8711501754322
322.98262706238916
322.9756970249367
323.09958706731487
323.15826719319546
323.15206058326964
323.20370383646025
323.22506709463687
323.23353100593556
323.24145152324456
323.2621635241055
323.26270363879235
323.2790048270307
323.29293588512496
323.2847898349861
323.3107223228602
323.29567506423473
323.30204931288495
323.29133417081937
323.3070005331456
323.32637109169696
323.32637109169696
323.32854923911907
323.3456976345558
323.3481501913219
323.3543339271115
323.35002220005674
323.3638345690248
323.3830743018624
323.38649490507
323.397272941574
323.4172333799117
323.42907555227276
323.4063696440399
323.48325143338883
323.49788751254124
323.49561215295654
323.4938228196697
323.51226973543544
323.51816055034953
323.52005901437144
323.563687079677
323.5616555172498
323.567546016773
323.5981182473038
323.59674981735947
323.60163300137157
323.5899790994832
323.61694139918455
323.62745406275354
323.6626994169341
323.67814944818343
323.6749991365285
323.6996441626251
323.70716885293064
323.70814234329504
323.70719197682985
323.70529841799856
323.70529841799856
323.70529841799856
323.70529841799856
323.70529841799856
323.70529841799856
323.70529841799856
323.714120748155
323.73912396676286
323.73812662052677
323.7454351389214
323.75706465832366
323.7688708773648
323.7788376230848
323.77395521164755
323.77711947733525
323.777750029909
323.78552889613525
323.79726514340086
323.7865180578406
323.7850217697157
323.7977695521103
323.8019358974886
323.79833853671266
323.8048957181658
323.8104027843082
323.8104027843082
323.80790730116286
323.81122712364913
323.8505580869465
323.84855393564163
323.84551318281825
323.83950235899897
323.85820305283266
323.8636444890911
323.85344340819915
323.86242680686007
323.87252488562484
323.9001263481991
323.89145473442096
323.8887184630929
323.9092976593515
323.90717888695565
323.90167618031967
323.9037817308099
323.9075440476086
323.9145150891251
323.9299810091364
323.9371908255063
323.9288659248031
323.9265370647574
323.93306248378855
323.93306248378855
323.93466461989175
323.94524149950223
323.93960433151346
323.93960433151346
323.93960433151346
323.9540160239957
323.95977965189866
323.95498584226493
323.9574283543511
323.96026316925986
323.96733567963724
324.0492859189929
324.03909856976105
324.0330919310828
324.0297591905026
324.0297591905026
324.2450489099813
324.2524802661719
324.40720734398076
324.4347887388253
324.4385869946693
324.44866394593475
324.45018407004966
324.44763617616246
324.4586979370649
324.4576405869356
324.4623289938653
324.54648936509045
324.5231531629881
324.5247989511278
324.5375577192294
324.54156316728375
324.5343444671985
324.5343444671985
324.5383252715509
324.5383252715509
324.5383252715509
324.54934834668103
324.71372343310344
324.7184172578498
324.7242544448156
324.74119563801884
324.74265699267295
324.74663839375796
324.7537000923885
324.7592677743163
324.89578235625066
324.89575773199226
324.8996304771122
324.9025835178252
324.90847982630663
324.9207118877592
324.94086655024074
324.9317806321924
324.9265947184427
324.94000202656014
324.9475875358888
324.9546328144908
324.95912995659626
324.9810416001725
324.9759636578649
324.98663772078584
324.9862106940028
324.9862106940028
324.9928817323752
324.99260284027673
325.01941456380723
325.013402006412
325.01974572394244
325.0462002630456
325.04126623759896
325.04512842158556
325.0505877140314
325.0505877140314
325.0565833390756
325.06328591795165
325.07025870859883
325.0790124341385
325.08123350268784
325.21369935743775
325.2174832103133
325.213242046312
325.21452202965577
325.21452202965577
325.21452202965577
325.21452202965577
325.21452202965577
325.21452202965577
325.21452202965577
325.21452202965577
325.21452202965577
325.21452202965577
325.21452202965577
325.21452202965577
325.21805365051245
325.21805365051245
325.21805365051245
325.35761726397396
325.36484728569826
325.3670820617942
325.43896906119295
325.4429647336042
325.4437850738315
325.4485109703784
325.4471323394293
325.44783459246895
325.4528901692895
325.4528901692895
325.4528901692895
325.54087031665125
325.54372333035815
325.5453716310092
325.5447299892792
325.54595430014183
325.54595430014183
325.5549315178053
325.7745021176456
325.77232855501603
325.75569455657353
325.7546476783063
325.7546476783063
325.764910553643
325.83255538173563
325.836922478681
325.8227923891858
325.82222961637245
325.8260835174519
325.8334744642038
325.83169819506725
325.9496328615082
326.1748086059636
326.17845032276466
326.18000348620205
326.18531711413186
326.3210598659121
326.332818477531
326.33025526710674
326.3480318509983
326.35303454550336
326.34833799234394
326.3448997173135
326.3448997173135
326.3448997173135
326.3448997173135
326.3448997173135
326.3508643761905
326.3508643761905
326.3508643761905
326.35356024335175
326.3580656598901
326.3577367033574
326.35536600489803
326.3580558038047
326.36187206291146
326.3781932859177
326.3780119683979
326.37404827690216
326.3907454165569
326.39646213175774
326.3978696046345
326.40435366915284
326.40158251373396
326.4016442311191
326.4102939458746
326.407848802909
326.4206020093158
326.4326991660412
326.43258664296445
326.42734129478663
326.5148280792341
326.5092396405158
326.51186963810915
326.5218529992831
326.52095713180637
326.5234274946231
326.52400289211374
326.52400289211374
326.5309967892629
326.53213485817975
326.53186735378216
326.5313135087016
326.5313135087016
326.5313135087016
326.5313135087016
326.5313135087016
326.5313135087016
326.53747757603674
326.5371759912699
326.5364638557069
326.5427484098869
326.5443711685308
326.5992762979955
326.58504878954574
326.59311476371323
326.5908344451813
326.5958440734731
326.593131451572
326.59694076947767
326.61271255883634
326.61618680476795
326.6176575722099
326.61520402778586
326.61685264023043
326.6777056822073
326.6834634135536
326.6870173083993
326.68365662201086
326.68518600229817
326.68811961688857
326.69912955786896
326.6991853435796
326.70032097358757
326.6990589313448
326.6990589313448
326.6990589313448
326.6990589313448
326.70399791760934
326.7025700977743
326.7025700977743
326.7025700977743
326.7025700977743
326.7025700977743
326.7025700977743
326.7025700977743
326.7025700977743
326.8471693208105
326.8497605242455
326.8479098420008
326.84543801204086
326.84543801204086
326.84543801204086
326.84543801204086
326.84543801204086
326.85259055841726
326.8550794432526
326.86172104553117
326.8596274689956
326.8579798864138
326.8579798864138
326.8579798864138
326.8579798864138
326.8579798864138
326.87127258516244
326.87146135006765
326.87090577540323
326.93464675247765
326.9358862229455
326.9458987282782
326.950253206435
326.9399186241765
326.94285330650945
326.94285330650945
326.94285330650945
326.9481834807958
326.952724814483
326.952724814483
326.952724814483
326.95369068332656
326.95369068332656
326.9562427634456
326.9573198146395
326.9606672764967
326.9588777297065
326.97534079224454
326.9729282485356
326.96767263568256
326.96704401365
326.96704401365
326.96704401365
326.9771991384132
327.1305732481434
327.1053494999495
327.1007744709311
327.1033395263079
327.1033395263079
327.10969157705745
327.1108360616814
327.11714096717174
327.12243439968995
327.12254085258826
327.12235488370686
327.12362578579643
327.12362578579643
327.12859238230374
327.1274588510664
327.1274588510664
327.1274588510664
327.1274588510664
327.1274588510664
327.1274588510664
327.1274588510664
327.1274588510664
327.1274588510664
327.1274588510664
327.13288256366104
327.13559399176904
327.1336459869184
327.132698034808
327.132698034808
327.132698034808
327.132698034808
327.132698034808
327.13518536113156
327.1930617125443
327.19261337655166
327.1905857434198
327.1964953978112
327.20309402026265
327.20388813157336
327.2107303606593
327.20767803899406
327.20767803899406
327.2540023075631
327.2566657165503
327.253439689628
327.2553944787617
327.25746322595296
327.25746322595296
327.2591919722762
327.25936033252776
327.25936033252776
327.2627275833801
327.2627867018844
327.271052183053
327.2736806730815
327.2735019062783
327.27779263652445
327.27915046492626
327.28017477530284
327.28029154325526
327.28029154325526
327.28029154325526
327.28029154325526
327.28029154325526
327.28029154325526
327.28380209080643
327.2837006255121
327.2851080000494
327.289717624354
327.29235657685933
327.28775809095634
327.28775809095634
327.28775809095634
327.28775809095634
327.28775809095634
327.28775809095634
327.28775809095634
327.28775809095634
327.28775809095634
327.2923748321629
327.2936823551696
327.2936823551696
327.29105439435745
327.29105439435745
327.29105439435745
327.49477548213224
327.4938652443479
327.4951720192983
327.49298163898095
327.49298163898095
327.49298163898095
327.49298163898095
327.50003501333646
327.4993190200894
327.50289636106754
327.50313472413535
327.5061781044286
327.50943429120906
327.5070307389761
327.5173702451555
327.51879338899533
327.5183672268138
327.5146440046436
327.5146440046436
327.5146440046436
327.5146440046436
327.5146440046436
327.5146440046436
327.5146440046436
327.5146440046436
327.5146440046436
327.5146440046436
327.5146440046436
327.5146440046436
327.51814286710834
327.51814286710834
327.51814286710834
327.51814286710834
327.51814286710834
327.51814286710834
327.51814286710834
327.51814286710834
327.51814286710834
327.51814286710834
327.52237382398687
327.52237382398687
327.67804072763914
327.67722490429554
327.67523448903194
327.6768452912189
327.6768452912189
327.6768452912189
327.8384711986328
327.8371275557534
327.83605846954094
327.8358824757411
327.8358824757411
327.8358824757411
327.8358824757411
327.8358824757411
327.83977721841694
327.84144049124376
327.8935766839965
327.8908020608002
327.884627996459
327.8835893603165
327.8835893603165
327.8835893603165
327.8835893603165
327.8835893603165
327.8835893603165
327.8835893603165
327.8868986753715
327.8893332207343
327.8893332207343
327.8893332207343
327.8937811343516
327.8937811343516
327.8974908978571
327.8974908978571
327.8974908978571
327.8974908978571
327.8974908978571
327.8974908978571
327.8974908978571
327.8974908978571
327.8974908978571
327.8974908978571
327.8974908978571
327.8974908978571
327.8974908978571
327.9028385415411
327.90362587637907
327.9063401170407
327.90635723393893
327.90635723393893
327.90635723393893
327.90635723393893
327.90635723393893
327.90635723393893
327.90635723393893
327.90635723393893
327.90635723393893
327.90635723393893
327.90635723393893
327.9437525022427
327.94642815406667
327.94504888731143
327.94782966364033
327.94960868581273
327.9500943481406
327.9527883812622
327.95353494938036
327.95329857038587
327.95329857038587
327.95329857038587
327.95329857038587
327.95329857038587
327.95502638609827
327.9651882892211
327.9615418610329
327.95664146607515
327.95664146607515
327.95664146607515
327.95664146607515
327.95664146607515
327.9595493622096
327.9595493622096
327.9595493622096
327.9680878393718
327.9856304712636
327.98278704567645
327.97500999451415
327.9730939183365
327.97953893366395
327.97953893366395
327.9814559754803
327.98429920942027
327.98815952776476
327.99570523650874
327.9951597128946
327.9938477285561
327.9938477285561
328.1922951448115
328.1913642432344
328.1980861060979
328.19997504938266
328.19938727239804
328.1956349744342
328.1956349744342
328.22943340388144
328.2336278010979
328.2258529056877
328.2238619835177
328.2238619835177
328.2238619835177
328.2238619835177
328.2238619835177
328.2238619835177
328.3869404246285
328.39189742894916
328.3869637925504
328.39189889485573
328.3964142735769
328.39690600246536
328.3975717297702
328.3961229199381
328.3961229199381
328.3961229199381
328.3961229199381
328.3961229199381
328.3961229199381
328.3961229199381
328.3961229199381
328.3961229199381
328.3961229199381
328.40384634791855
328.40384634791855
328.4045123074871
328.4045123074871
328.4045123074871
328.4045123074871
328.56681188500875
328.57164636717033
328.57379067940093
328.5723244312486
328.57351980692005
328.57351980692005
328.57351980692005
328.57351980692005
328.57351980692005
328.57351980692005
328.57351980692005
328.57351980692005
328.57351980692005
328.5759247080203
328.5759247080203
328.57633274432135
328.57633274432135
328.57633274432135
328.5786134116172
328.5759247080203
