with mode=1, handoff cost coefficient = 1.0
284.05428328955577
284.2001963287897
284.35429236385727
284.48801073891855
284.66080576392886
284.84897364050266
285.03503815850587
285.10543833263307
285.3268889102573
285.4092410942279
285.5545526604791
285.6567156395508
285.9188834525897
286.17873585039763
286.31658599455596
286.5241119222158
286.58881548691954
286.7175691536393
286.8517535261396
287.03830032924657
287.18648911789745
287.25590181235907
287.3793325453353
287.49385326116777
287.69209010133494
287.82209086729256
287.92679639794744
287.99030598960104
288.0991628035106
288.3058280259012
288.66004434448075
288.7929324912409
288.85446318864865
288.9597799855486
289.1376265977575
289.22597596646216
289.2723891295205
289.36980755232156
289.59003061233136
289.7414456811066
289.9179928785644
290.12605920231806
290.2364553623345
290.4974237568551
290.5770797193628
290.70699039774627
290.876730455524
290.93802937672024
291.1884458741685
291.4090904373727
291.6334513419439
291.8041860327289
291.9935824397499
292.0136221557035
292.0654197278939
292.3136688280249
292.48290709262335
292.60426855145664
292.81760098924286
292.94782258473737
293.00171346814125
293.1882428321154
293.31729030227757
293.4913927225326
293.69139477303685
293.78872633516806
293.897858596524
294.05316950955853
294.2898154874489
294.3796522852066
294.56742893937184
294.74658974113913
294.86526970061743
294.8883073690489
294.9357032974204
294.98710627574036
295.02775571380033
295.1463261530557
295.31458804810364
295.4390014244019
295.5560243488489
295.57875377220137
295.6651672232576
295.83228704895186
295.90458774018657
296.03110520041906
296.14727119842433
296.2676749754293
296.4010906819422
296.42052731488525
296.6097637917543
296.8455003101321
296.92350571358213
297.06302467270604
297.2025090008919
297.4026838573291
297.4436380113696
297.5889337445064
297.62255445364036
297.68138192359726
297.6921332890171
297.8486541724493
297.88519535688476
297.9608423956346
298.07943385633894
298.2290910733687
298.39804041478845
298.4410942327949
298.60814392237387
298.91205992671314
299.062944919824
299.1579093459648
299.25000827663405
299.3127375880406
299.3700938920478
299.41526814546074
299.5184326525142
299.5528908264278
299.65112711855187
299.7990947511273
299.8745245255294
299.90294853612016
299.92982295025917
300.0007038962571
300.02573212326377
300.1483335617303
300.17442262778303
300.41770744776903
300.46588653226803
300.52359961893956
300.5680151697048
300.615459858717
300.73061100104616
300.7760267517139
300.9199313873101
300.98935327837546
301.1961781587852
301.4458818856598
301.56125379901647
301.6169582040286
301.6971050492619
301.81468762291485
301.93844652181707
302.0019317578273
302.10380722748687
302.2159077605335
302.34962685968276
302.48327074722425
302.6073335759879
302.70856641126255
302.7976346470838
302.822823333646
302.91029570683475
302.95219356957915
303.04548370433497
303.068794962883
303.1878675293577
303.2228652313181
303.3612709640491
303.38661035835196
303.52623732913537
303.6209850593676
303.68553875187496
303.76205974279304
303.83498555389315
303.852121895468
303.8792088905467
303.8787674521717
303.9396554347566
304.03474727076855
304.0717811935854
304.1461494273542
304.1725888382136
304.2468022513428
304.25931712023436
304.35081890199086
304.54282852576625
304.6379935712097
304.6778605656448
304.7785644602821
304.80696918587824
304.85696071895467
304.8933810211038
304.9998591278552
305.1627630401461
305.3117288852543
305.3492541209855
305.39071571725583
305.4667489374266
305.477344105895
305.5356453764735
305.6025562110585
305.602719786276
305.74993648486844
305.75724300607385
305.8097108773103
305.94603614799456
306.04120037407455
306.08402994483976
306.2587480364462
306.3293176385607
306.33476865213345
306.39810209989946
306.43756260678896
306.4487088252498
306.5394099475226
306.6775424513138
306.75354214466785
306.81931581285323
306.85738579284214
306.85050269897914
306.92379482282536
306.991419123868
307.1111283012067
307.1715524341011
307.29012594828555
307.3063536430253
307.33512452819474
307.40006246662205
307.63108637346704
307.6344487604618
307.645009914291
307.791512557761
307.880146815107
307.9316980501916
308.04749026816745
308.2300253398808
308.2303064522122
308.2817410882603
308.34669811895094
308.41929765020893
308.4387470841336
308.46658037053237
308.48041553472024
308.56766317959216
308.56204080244026
308.6490699461486
308.7716339175722
308.81313840247907
308.8492955818092
308.9076154360678
308.9191867290382
309.0470407397523
309.16636140725115
309.20357313951473
309.22947150386324
309.29695907538155
309.29879696078694
309.35895369614883
309.4764977566389
309.4858679605903
309.67749865223004
309.7284007016658
309.75766070197113
309.7997485902278
309.8674692520419
309.9778029697841
310.054066199327
310.06027765683666
310.11474852244555
310.13398738642
310.171812499273
310.3088630455217
310.3183222138622
310.51366476931537
310.51862917962194
310.56657335470544
310.6094818025558
310.70508320806283
310.71072907902123
310.805353962467
310.8070977815157
310.80922111722384
310.81035175080433
310.82564607341897
310.8849252925634
310.95799560670287
310.9676907500489
311.14456167601594
311.1463238398859
311.25944913916913
311.3150963635266
311.41780501294835
311.5454452748283
311.54739358991714
311.63258097420936
311.7927254738589
311.8138288965337
311.8591933554503
311.9174978409926
311.9413368057828
312.0123251711475
312.05396762302837
312.09903586966834
312.1105838415609
312.20996045967337
312.28591153725074
312.3650103606555
312.38856611588636
312.39843697303127
312.5013356015469
312.50793448645044
312.583854100306
312.6136748566249
312.60999855688436
312.6508784222866
312.7750051475078
312.7949429927136
312.78603479790024
312.82612862661534
312.8441972185878
312.87464325739325
312.8865776256517
312.97942106727317
313.06987574898864
313.25081312530483
313.25434813659473
313.28357263681175
313.3223511303442
313.3925189856573
313.4357778494013
313.49591162911435
313.4954780747736
313.5200624395268
313.6445516876074
313.6510195005963
313.6877336955025
313.6950872397216
313.7283547409278
313.7526489451155
313.75588090653787
313.8094084036555
313.8140127654893
313.8364325877292
313.84149500984046
313.8500079104689
313.8452712776169
313.91220144557974
313.95878781961756
313.98802591495013
314.0177174334645
314.0425404956932
314.0713790263404
314.26141160034297
314.2620262809895
314.29468904085803
314.409884153787
314.4418728829858
314.5203747629023
314.52624943766403
314.5738001093008
314.63710600719673
314.70522271699457
314.7843032695347
314.7965327067631
314.98321684687465
315.055132615333
315.1525947606393
315.1598165265216
315.2119207218171
315.23710382384564
315.34655365602976
315.4259663023102
315.5542826202297
315.64753426324006
315.7118265920811
315.8258709519249
315.83018254626006
315.87056773085567
315.9144459962826
315.95719702436816
315.9876548903227
316.00246566535856
316.04384266643535
316.0919967166402
316.1691436373343
316.1816172217236
316.22004999950013
316.22776700627844
316.24825006189496
316.34831541224463
316.47484111323587
316.5452207540876
316.6017424956064
316.61343047682453
316.6936527670169
316.71914042232316
316.82539178868984
316.8570549795763
316.9129415620665
316.9311122559335
316.9408975648386
316.9597242820801
316.9657331790031
317.0152379847387
317.0463211441223
317.15796298525515
317.2580197072303
317.29278842269593
317.295144090202
317.3130509443999
317.3868112152198
317.444792054611
317.45557586296104
317.438619196404
317.42840550915474
317.43826842521264
317.4506090985512
317.5134986855054
317.5508617106437
317.56839051243537
317.6062322132722
317.6016498872919
317.6379004852251
317.6382461658545
317.660553367437
317.6912650480914
317.7378059322643
317.773152889672
317.83864371053784
317.895130975113
317.9359706053668
317.92921895013114
317.9660321395881
317.99607876775997
318.01871216296564
318.06651719785367
318.105304944251
318.120576728347
318.19011296340915
318.21808640241954
318.2987091306872
318.3283958364529
318.3367985661479
318.33421935684686
318.41281427632845
318.4274081818757
318.497578786171
318.5757171673363
318.58781599452055
318.62955158144274
318.63413556099556
318.64419784003314
318.6339390606121
318.65208819027146
318.65797196886126
318.6816096262266
318.70568450733634
318.71186937181295
318.7763936301966
318.81242781312676
318.83306886147454
318.8414087315274
318.85508155390454
318.8808164646467
318.92026380212576
318.99942004322895
319.0744860398613
319.0841285639926
319.1019648194067
319.205554797752
319.28670258215556
319.3610224245381
319.3510380470055
319.36866728641894
319.4122446564548
319.4426136634787
319.4501689085606
319.46424075021906
319.48564348516487
319.5168925494295
319.5309403284082
319.54364329174297
319.5852876746207
319.6176751880404
319.6150910263233
319.6437667398365
319.6568764692825
319.67750413275223
319.682198802067
319.7390475919602
319.74375680636825
319.7367121825604
319.7525554025973
319.7743953156803
319.7800139274562
319.81364014774545
319.81629588439495
319.82412238967754
319.845064249789
319.9179116796934
319.93204481089293
319.93005286705875
319.95990796513496
320.07114342455577
320.1209738192185
320.19921916324586
320.2764558054851
320.35236868034974
320.41263045342174
320.4215387602533
