with mode=3, handoff cost coefficient = 1.0
295.8421879001574
296.2616368397473
297.0739791009577
297.0583472954354
297.1877874773622
297.2092816661611
298.3161837681509
298.52300341287275
298.87488708057646
299.0686999358646
299.144906325097
299.4879449695385
299.55678732415566
299.4824776957131
299.4829543865812
300.4237950755445
300.42209474264627
300.3871410907465
300.68667710133667
300.7770613400002
300.7496350477193
300.8433730968563
302.08094661605793
302.2542260237985
302.34098612984263
302.45636637687727
302.5534609253121
302.5923615132862
302.68599206015966
302.688203794852
302.6897353195828
302.91658621231903
303.1626685564609
303.2357577050742
304.6087397932175
304.8517471472137
304.84541738924287
304.9057431241079
304.9223976702713
305.11729823444193
305.21640700175095
305.2546735213019
305.2561538380966
305.2237122369576
305.22479120405825
305.35360552928677
305.38436222534006
305.43272038206044
305.51840352741067
305.50712452595326
305.5423467422693
305.87749197795875
305.88032253297206
305.8792072170381
306.1345012446855
306.1439976957783
306.50985861915706
306.50646894120393
306.5098534489641
306.5175401307235
306.898990964558
306.8951898773345
306.9674582280911
306.98636757443154
307.72351632423687
309.03563186738194
310.1743631366861
311.6705727923872
311.7161313680685
311.9796646213027
311.98253352768893
312.2103431574791
312.21449444220275
312.1907049829394
312.550136298772
312.5600759925886
312.54554792890457
312.52160533051153
312.5680889599854
314.00648399323865
314.06670666181554
314.23444333257515
314.2313572558665
314.37290300877
314.2670448587537
314.3736605654249
315.61145685959565
315.6202868947299
315.75329744277053
315.81482156856623
315.8449222065319
315.9596874774396
315.9047356114319
317.27551260488536
317.2953757095026
318.8587071895119
318.86136166080837
318.93686497706017
318.94545353128734
319.1274660715865
320.8698426763626
320.88535382619915
321.77743314997963
321.9358986646461
321.9324863237733
321.9533653249054
322.114649262227
322.2330091343264
322.7480706357943
322.74414104008264
323.25358663098694
323.36716634469315
323.36213418941304
323.44716979361897
323.49205358801555
323.5066348549774
325.4810981000703
325.5496583851019
326.1621759542878
328.25781682179775
328.2175652756421
328.3973183094659
328.3526897519991
328.4995039692593
329.38450226227997
329.4222011608746
329.56261031098796
329.5312363895037
329.5607312314575
330.3954892291484
331.8618401290117
333.2968530021265
333.397463965168
333.4796081991814
333.4926717833834
333.510084498279
333.5162183958876
333.6456456577068
335.1860363983183
335.1895731185784
335.3014438948439
337.1958032871981
337.5094624927224
337.6295019820914
337.59889570247446
337.86313625808
338.04437272956693
338.0836081720312
338.1256671285672
338.2218414945667
338.5018763599442
339.0439822247857
339.0776811219384
339.1964679576047
339.2880151441733
339.28650733318125
339.3105037155763
339.32720862481307
339.3753847901601
339.37612577268106
339.3699820992292
339.3674590678262
339.46652562677116
339.48442815341184
339.4303583723491
339.39128590883354
339.4527180233473
339.54158782478385
339.57985824924515
339.81054339048427
339.8250329636904
339.85166727078905
339.95792327312546
339.9665335976585
340.0650147482257
340.42021342813723
340.43336910757967
340.4364362641504
340.47163318339295
340.4843463936495
340.6024384794337
340.63892364657596
340.64446840219864
340.64774974340014
340.7933776845503
340.79701218081635
341.01935707341016
341.0170828091819
341.03977943436007
341.04917349441973
341.0792886710509
341.4186593307671
341.4522754728209
341.4589312573556
341.50089217227776
341.50359766181066
341.5023325111773
341.49150167159377
341.4988362426727
341.8166451379155
341.8140469314502
341.81718948529215
341.81126664471805
341.8166227053639
341.8177807587025
341.8361894580543
341.85373150100173
341.9164275185729
341.97245049951374
342.0497859834836
342.09243565357923
342.0830080292137
342.0824116537256
342.08273557873656
342.11084291157954
342.1117781527017
342.09009680898987
342.0915766957134
342.10810114312767
342.131941149265
342.12702268134365
342.1315442473847
342.1315442473847
342.14277861028484
342.4063015287133
342.4202545921243
342.4219892370617
342.42939746237397
342.43855238829576
342.430571980815
342.430571980815
342.430571980815
342.4403179140993
342.43934641917633
342.43934641917633
342.4378581383511
342.45034091457114
342.45034091457114
342.48606555807294
342.487243997017
342.4881557927006
342.46901571491696
342.4872133904536
342.5044841967541
342.5034737300638
342.50807003968043
342.64270987558444
342.6668937790043
342.82458408983285
342.82814291864014
342.85102228681353
342.85673398799827
342.85887204178795
342.84470827395336
342.84470827395336
342.93961133212207
343.1043702624605
343.1219356120274
343.0551100516762
343.11123881032177
343.1871471134302
343.19522690616066
343.19629521706696
343.2056746824346
343.2221369495419
343.2234586914669
343.2085093604356
343.2085093604356
343.2085093604356
343.2242572459101
343.22774152161026
343.2221142675209
343.2221142675209
343.2221142675209
343.2221142675209
343.22654053238915
343.2640563568925
343.2605344567378
343.30202660158454
343.36961318986346
343.37987732275724
343.42842887753005
343.41659453937893
343.4211229947623
343.4211912812449
343.47007961831287
343.4433143541093
343.4934212309052
343.5036748468391
343.5086046612844
343.5590903550901
343.5547716911591
343.5996029347133
343.6063166195255
343.60693281207546
343.63346798406917
343.638627229098
343.66066694740465
343.67061298060713
343.67490300635683
343.67424783367113
343.69116307849964
343.67656240600576
343.67656240600576
343.70123341911903
343.70915640441956
343.68975116686687
343.68678724257745
343.68678724257745
343.7054541296232
343.7184585973978
343.71806962497584
343.7211110708837
343.7383730582878
343.7383920302624
343.74487428064816
343.7972378290766
343.7972898632198
343.7913706045385
343.79107448228115
343.79107448228115
343.92765526231443
343.93033743508977
343.9274699983604
343.94003786807633
343.9377616935326
344.003176226048
344.0093095483255
344.0121754148273
344.0218058456976
344.0283662563028
344.0271723339423
344.0503183756589
344.04849971801707
344.0451267879504
344.05948454915256
344.0856628021668
344.07364306881567
344.0755763790918
344.0823324679737
344.0963198703632
344.105643040931
344.1130509173703
344.1448236566813
344.147002713509
344.1460118681875
344.14660612137146
344.14660612137146
344.14660612137146
344.14660612137146
344.14660612137146
344.14942044594045
344.14942044594045
344.2757980688135
344.2763649532135
344.2833355022805
344.2919404700132
344.28025274950573
344.28025274950573
344.28025274950573
344.28025274950573
344.28025274950573
344.28025274950573
344.40432018555197
344.4058742560343
344.40678396109564
344.4094889626508
344.4094889626508
344.4094889626508
344.41779585249145
344.422697268167
344.42186670491617
344.42186670491617
344.42186670491617
344.42186670491617
344.42186670491617
344.42186670491617
344.42835022842434
344.42835022842434
344.43581023304046
344.4530037920952
344.46796420597445
344.4814060906854
344.4824448988173
344.4737755674241
344.4737755674241
344.4737755674241
344.4737755674241
344.48226189526895
344.4825637714092
344.4825637714092
344.4825637714092
344.4910594121032
344.50477725497973
344.5270309946689
344.52118371527484
344.5227467327087
344.5227467327087
344.5227467327087
344.5247935514701
344.5247935514701
344.5247935514701
344.5247935514701
344.5247935514701
344.52631514805114
344.5334674620383
344.5392584459758
344.5392584459758
344.5377974526718
344.53787168132123
344.5437065112766
344.5525011073406
344.5604347177632
344.5570990681958
344.5614620047049
344.57650305630347
344.57192108100287
344.573401528634
344.5654811368746
344.5654811368746
344.5654811368746
344.5654811368746
344.5722296913864
344.5722296913864
344.5722296913864
344.57985527306073
344.57985527306073
344.5816848531264
344.589323462973
344.5951543036648
344.5945261373654
344.58587114294266
344.58587114294266
344.58587114294266
344.5927241998062
344.5909716615506
344.59688282121056
344.59864173036993
344.6020359155836
344.60042291827057
344.64275837349385
344.6409940302449
344.63651768724355
344.62596785609725
344.63395787910775
344.63395787910775
344.63395787910775
344.63464849049245
344.7375362061169
344.73641779608005
344.73098794259056
344.86810576406015
344.8599803641198
344.8608401898754
344.84800164439014
344.84800164439014
344.84800164439014
344.84800164439014
344.84800164439014
344.84800164439014
344.84800164439014
344.84800164439014
344.84800164439014
344.8607760083074
344.8607760083074
344.8607760083074
344.8607760083074
344.8668242470831
344.8674948194741
344.8674948194741
344.8669334285882
344.8729609877489
344.8717887652001
344.87297288085057
344.87392285093864
344.87872824934874
344.8788650404851
344.88188391056354
344.8784353894386
344.8784353894386
344.8784353894386
344.8784353894386
344.8784353894386
344.8784353894386
344.8784353894386
344.88945163353543
344.89425640062944
344.892417033302
344.9017902139021
344.9035882371935
344.90836975735203
344.90677948892375
344.9057126795737
344.9091135531255
344.9091135531255
344.91224971723227
344.91224971723227
344.9148756326704
344.9178291635669
345.0234741313115
345.039157691268
345.0494400113952
345.0485637562736
345.05063947252853
345.0497394353005
345.0497394353005
345.0497394353005
345.0497394353005
345.0497394353005
345.0497394353005
345.0497394353005
345.0581406463975
345.0641441313885
345.0759331718704
345.08079594133307
345.0800954900682
345.0856551157483
345.086450582044
345.086450582044
345.086450582044
345.086450582044
345.086450582044
345.086450582044
345.086450582044
345.086450582044
345.086450582044
345.086450582044
345.0856551157483
