with mode=1, handoff cost coefficient = 1.0
295.8421879001574
295.9514905387589
296.09877151905476
296.26587947783594
296.5387701964568
296.58980797486896
296.8189118569382
296.98033340372086
297.1649951624001
297.2173153165426
297.28939989636365
297.37584104638387
297.43817325160506
297.59932222633347
297.70769495617265
297.9442476475744
298.12051840635
298.25916842138855
298.6696049463711
298.8870519108653
299.1034055454482
299.3808431138304
299.6563411549816
299.83128973195915
300.02661679550545
300.2857682490881
300.56182881775493
300.8124511248867
300.86521399264166
300.9647957044736
301.09546517105565
301.22010311104214
301.3856586185951
301.54324884401416
301.8171687400655
302.005633304254
302.27552883134064
302.38715605700594
302.77433881968926
302.86148096786127
302.9704061160716
303.14561732987977
303.32787786014836
303.60622975386485
303.8822148681517
304.00317076787894
304.2384831223383
304.3812445111484
304.44534724414905
304.6086847919628
304.7185945931791
304.81960774346663
305.0615013683034
305.28258706273635
305.4249819483997
305.7716452211275
305.92210329201646
306.2065291644358
306.36280437087413
306.61919053106135
306.81115631542264
306.95061989855384
307.23461854449965
307.41156274586507
307.4977034366206
307.58221786143963
307.6317481707723
307.8427306534919
308.0815507700485
308.16069850145357
308.2758927419674
308.4810360896518
308.703482784913
308.7436660013013
309.11052142452803
309.40970547033015
309.5458559089203
309.60222532062596
309.9653837220945
310.10615479874787
310.3548315973359
310.7444697795723
310.93968644722764
311.2026787097625
311.4175450051087
311.69541674561106
311.7913303264805
312.18796793663915
312.3676310012478
312.5140208893277
312.6237271391796
312.6620207786647
312.82550068535227
313.06681500934434
313.3675437596918
313.67018682157914
313.9652592231792
314.2753226490167
314.3062888758065
314.3230315828772
314.35164418295216
314.6699571322556
314.82576253691025
315.0444660354053
315.1837529438021
315.561622144158
315.8439648828223
315.92792819441115
316.2614982076263
316.31830529826976
316.34859988030325
316.6192113335203
316.6957896313894
316.8201475438911
316.83770905949126
316.9249352849562
317.04777955766883
317.24583703032897
317.317123776268
317.47186950931876
317.5147389703741
317.5386570917163
317.77990691596364
317.80379877923207
318.02243094617734
318.18995301874344
318.2259486779725
318.370446143415
318.6312434743188
318.7603646977935
318.85349855057456
318.96954724711577
319.0874242234929
319.2328065887667
319.3977120080543
319.46099463099745
319.58752426244234
319.8081634318614
320.0569790956591
320.09968248522335
320.22738222591795
320.3029270955055
320.5046222585342
320.5567651482951
320.70804987248476
320.75246979579464
320.81615390033363
320.83919764978253
321.0412876130664
321.1640381479085
321.37809588575305
321.408926531521
321.55507526644385
321.8006948177195
321.9916629240507
321.9997181270506
322.03649557111794
322.4873421313392
322.8351181315523
322.89402170242505
322.93461225858647
323.0041851027451
323.0192674949146
323.04344437117777
323.24565750553086
323.2611067023404
323.2948694636581
323.43773557102315
323.5831852527271
323.7031570384324
323.81267013897036
323.93041039024985
323.92876042788004
323.98313187526963
324.14992794500546
324.1807757548486
324.2401658099674
324.2624168287733
324.3417889037099
324.3492051469242
324.3587291040339
324.4462142177372
324.45346218558126
324.51591736095395
324.64186447792537
324.6561303172829
324.7821457353702
324.80232784705004
324.8397171251772
324.9862555533606
325.04789500587793
325.0544218542025
325.0697906703818
325.1738707101875
325.1970139108425
325.3788662475803
325.3788843496341
325.5865856163507
325.70598882522637
325.7313713907005
325.94514615422116
326.01599185468723
326.05764496661396
326.1454403691563
326.23602784407103
326.2722536852469
326.4317021180457
326.4563700473089
326.510700593026
326.59066336572204
326.6094170222861
326.61187836904065
326.63646341448504
326.64327192114473
326.65639181707365
326.7419323549242
326.7583186159826
326.7943147793358
326.9202166780808
326.9413270005541
326.95188047948733
326.99129913487917
326.98811242166204
326.98133622445005
327.06872800665957
327.1245626712992
327.2389561758585
327.3162726601888
327.37364675400784
327.4629332069205
327.5230700318471
327.5222217123821
327.5998470154843
327.72575552957784
327.7901319858363
327.89671830467086
327.96534550432773
327.9697329006727
328.0524088732066
328.0897230172265
328.17768882376726
328.3566618230096
328.4610364542509
328.59980018892577
328.7204060084989
328.73146729160055
328.7956849395452
328.7943936029718
328.80200916986223
328.8206850728891
328.8547299072326
328.96817900178866
328.9731907575836
329.12125630288523
329.22386377660507
329.2417096677951
329.3068064502229
329.36271234397503
329.4424971744838
329.4660445555563
329.5677224067986
329.57158986165246
329.6270683853388
329.6627919076444
329.713076830963
329.8174243395288
329.85928094678724
329.89861879554417
330.00486340515016
330.15319520134295
330.1533277403777
330.1497759090887
330.15986047210504
330.28825303873725
330.3069230239753
330.36521756937617
330.5970533533873
330.72293165090554
330.7797037006421
330.78860915914356
330.8558547825861
331.04930748647524
331.08315345013074
331.1523890444272
331.2538760830039
331.2667126095274
331.35398718121746
331.37261578281095
331.4223945098857
331.48559676516123
331.62135327839087
331.70027605736766
331.71466433080815
331.71160526408323
331.7708991335658
331.77852164825447
331.8990200742865
331.95795216761957
332.1434445681075
332.1594387002144
332.16307736194983
332.16394834436755
332.1743840690008
332.1642297258812
332.236421238891
332.25018373002865
332.31494686595926
332.36706538639146
332.39115699511734
332.45371349381463
332.4867099400682
332.5550521747842
332.6480413293766
332.67397231409916
332.7139968881186
332.809416604443
332.90152320027863
333.00155872969833
333.0477454883148
333.1052014936182
333.1755036149826
333.21749444509226
333.24156392694647
333.3660112860282
333.36666686631906
333.3777718374739
333.5454361753518
333.60118435002266
333.6705508334606
333.778218862434
333.78472992971723
333.7967961469483
333.8984054111886
333.93536743934555
333.9477675202495
333.9630400002876
333.98088771376973
333.97259594617884
334.04115471852987
334.07368710762336
334.16341141468104
334.3154007644313
334.3146506549636
334.33726112298564
334.4422782347803
334.53563654837734
334.5627041681076
334.7056684322569
334.79531222269196
334.8852268484868
335.02944477698213
335.1558673632771
335.22726926054236
335.3155651652726
335.3221816231363
335.39805424794463
335.4994330773096
335.5841950838189
335.59024472534435
335.6762282760826
335.7315802160251
335.7715001931956
335.80390307788457
335.84361835425756
335.9031339220327
335.97511270377646
336.02697778889336
336.05240293831434
336.131470822769
336.1665680117473
336.2529211597667
336.24558130534626
336.3225273421301
336.3242362618023
336.39400205846755
336.4142096657648
336.4785165828273
336.5844298300355
336.6300030687671
336.644197825214
336.68381064277355
336.7031484066082
336.7209450064544
336.73512099985686
336.78338034096134
336.80618592325976
336.8725515893271
336.86927893925736
336.9063750801223
336.9127637732341
336.94109708262437
337.02098761213256
337.04644662437573
337.114245644477
337.1785279152438
337.1839646667843
337.1762939825112
337.2151444386092
337.2413823418327
337.24311211186915
337.3069239535449
337.29609482056674
337.36058498409676
337.3748983626878
337.4437653344369
337.45012225323575
337.4603021059237
337.4547187899972
337.5221949777477
337.56502534624263
337.61301850808445
337.72574844659766
337.8008570617207
337.81604961676413
337.80786130525144
337.9124293645466
337.9284203557853
337.98355462503827
338.21392371535046
338.24575542557824
338.3421852159303
338.40178733195756
338.4901969166078
338.61756913239867
338.63790622040494
338.76052103151017
338.7711377871425
338.8658048021728
338.9800575544917
339.0340327678583
339.1030014998123
339.16788520438047
339.28179368291956
339.3013916142212
339.3134253349233
339.3669995872793
339.37053321385946
339.4408017523207
339.52542880996896
339.5466402489944
339.5505270397006
339.626869258877
339.6357347737731
339.74947373904513
339.79822148107587
339.8277370854099
339.82957610976
339.86643651567334
339.9333620125193
340.08041452180004
340.0826658032683
340.15921532395635
340.17515052147235
340.27395162125754
340.30153573846974
340.3913071154422
340.42642949901574
340.45737810696414
340.4592325517653
340.4652420789224
340.4763371560283
340.47604701089836
340.50267338317224
340.5296798127529
340.66974415734956
340.68985451598144
340.7649327436024
340.7888395221523
340.79580248739364
340.8111217245411
340.8077329289916
340.8239408487425
340.8922096805895
340.9666969876788
341.00828555403467
341.0860808771386
341.1164718313865
341.1130389333126
341.1543680362103
341.1590085685179
341.1804215054692
341.17914182517484
341.21005505450904
341.2529119501976
341.2614618627296
341.34041026771115
341.35291435761553
341.3871329801192
341.40790169759117
341.4578782179851
341.47766922492525
341.4762947839246
341.56848496076935
341.6271930927425
341.64446688593193
341.6661908763983
341.7129033898605
341.71985145649313
341.7141390695845
341.7792678200997
341.7991787158936
