with mode=0, handoff cost coefficient = 1.0
295.8421879001574
295.8141967240974
295.81068923597894
297.10602182532966
297.1040417735609
298.32911230258
299.0243193918142
299.2081834700856
299.3013869325995
299.40305430214437
300.1391355115421
300.1392489252479
300.21914889942036
300.2197727553332
300.4105086317077
300.56178089324635
300.723268123982
300.9908293401053
301.61587681452716
301.6911417564435
301.802760373637
301.9385591968046
302.0174764627503
301.98015064357594
301.979049840023
302.1486657390237
302.1519352006958
302.17064718159224
302.1670138539381
302.36006368482356
302.3612952104897
302.5170075575634
302.50404523310584
302.4444086153371
302.4813932329576
303.56598987296525
303.5693583918492
303.66088943946477
303.81327376869444
303.7902364502739
304.74223664461374
304.85936174850497
304.85908151308195
305.17234972614756
305.20373730852873
305.5187770083412
305.74030399116606
305.8820205596149
306.02898314868776
306.0821804056061
306.16712909356517
306.16712909356517
306.16272412473427
306.301555184355
306.31411328231303
306.3323253788005
306.2879409417364
306.5318030926817
306.6769874095457
306.6752687198475
306.8344111144251
306.8688540425712
306.8674778462699
306.9154654164091
306.8672886679438
306.857158922416
306.8485419659461
307.4344708065185
307.433006776213
307.71927655611915
307.71938820053083
308.14154734528154
308.2452797388987
308.375776757244
308.4793545983821
308.89706045341507
308.9691696874101
309.0558054318145
309.1403275820406
309.1114606474695
309.7272234294215
309.7249934564287
309.81998676254454
309.9121787526756
310.96746149552064
310.98854557357606
311.52919277200635
311.46137418141836
311.5004507564293
311.5004507564293
311.4618557976333
312.5026103161399
312.72577658890003
312.76851380457964
312.7468465791209
312.81977446198243
312.83108238140704
312.9178441190385
312.9387475271294
312.9392727557011
312.94892662444784
313.25504069145256
313.78632697807336
313.78966386009813
313.78966386009813
313.9910306446627
313.942101527524
313.9468907466163
313.9488582393564
313.95891372322933
313.9910306446627
314.2856385634685
314.3217013123081
314.31986072528497
314.32279310126177
314.3214772895993
314.3081588380939
314.3468995379947
314.3434365749722
314.7461784336563
314.7673411322613
314.78378038313457
314.7845426181691
314.7933538151239
314.7934729113948
315.0527156496218
315.0594399465325
315.06141606335234
315.4524814380066
315.51281637913644
315.53555057851963
315.6784826031275
315.9919768748859
315.9940478683538
316.29934706838554
316.53552737884274
316.5421690203642
316.55743103153503
316.9812705312424
317.02199681219463
317.0276766273481
317.43375619566774
317.46409859824286
317.46409859824286
317.46221273921793
317.47905863459954
317.4744915498889
317.4837039887373
317.5114862397401
317.5134214165924
317.51496913516326
317.5156715418448
317.5143829857935
317.51507095942935
317.8864517896538
317.89651517493917
318.4436119386856
318.4861178008276
318.8542923246132
318.8537250706113
318.8555201164275
318.85423695394076
318.92570632110795
319.0502007559913
319.06647386502067
319.09094938128317
319.1060702208734
319.10932059792844
319.20355524431284
319.2198421745655
319.2256597814973
319.4518182068836
319.4518182068836
319.4710120356125
319.471376710187
319.5069070437311
319.5040537273901
319.5047806903103
319.5073824758752
319.9346991826845
319.9363200338345
319.96281274065467
319.9552764283198
319.9675115715681
320.0559832946196
320.104434774679
320.104434774679
320.39683032397056
320.4046537321775
320.4051169111907
320.6175910016044
320.64317453000484
320.64585571770687
320.6562671728881
320.65628341326953
320.9697837422684
320.96120341535965
321.459967843106
321.4764535608373
321.4764535608373
321.5042411567311
321.5061698709171
321.506397673923
321.5089423162642
321.5684544718133
321.58288504978657
321.60271529380117
321.66061260583086
321.65967607739896
321.66068475049633
322.0658176210936
322.06493673206586
322.0662233319119
322.3038009508
322.6870107384949
322.6886670881592
322.6913112014423
322.7141348347165
322.7857791347458
322.7911217659601
322.7777548756063
322.79233753372205
322.79784612932514
322.8583535066226
322.8628554826428
322.8708201580164
322.8734556136744
322.8734556136744
322.86739014094155
322.9415761781769
322.9607820181105
322.96616885914887
322.97842708989765
323.12536280922006
323.1548722034814
323.21973051141765
323.2254219086997
323.2503323638748
323.9000687606466
323.9000687606466
323.8999833270395
323.902299902187
323.9023039311361
323.9246193408927
323.9247674317239
323.9247674317239
323.9192154451422
323.9387895580139
323.9296676176068
324.131196693716
324.1316209459285
324.1317137733696
324.34352857067086
324.84673665350454
324.84673665350454
324.83750790089937
325.08950561625363
325.1564384118835
325.1570328051272
325.16065575037175
325.51670821602636
325.5217320485035
325.5426753282096
325.54213435022285
325.53300385779556
325.52931991798926
325.56123230632124
325.56123230632124
325.5879602541927
325.8745889566711
325.8716487400526
325.872580960356
325.9755877345136
325.9757799719873
325.9875646057216
326.00004747229445
326.0117402201523
326.07584791324365
326.07710026292193
326.1011774829074
326.17363642185813
326.1877250997455
326.1956535817175
326.21256538285917
326.2115979784207
326.2062141966029
326.22022312284605
326.22234577718643
326.2479551182775
326.6023912885399
326.6027936049387
326.86433599618323
326.95958780620055
326.9657969861845
326.96715641067965
327.0434966659922
327.3217512791346
327.3265540272363
327.3265540272363
327.38143435399246
327.38143435399246
327.3891995637979
327.41947218113495
327.42066092483304
327.42198085085636
327.44138855798747
327.7387427587052
327.80796202862047
327.8086087093071
327.85092233133656
327.8538380314414
327.92355724949164
327.92515479623387
327.9256714988798
327.9290586525889
328.0034091899304
328.00425089935976
328.2226230000647
328.2227564371085
328.2227564371085
328.2165949578583
328.2061870176789
328.2082494334603
328.2227564371085
328.2313410656146
328.2315978258889
328.3618478361718
328.3618511469273
328.3828394499151
328.51619174761737
328.6446995313539
328.65214718516603
328.6732267207527
328.67319946245
328.7660011057899
328.76903859293475
328.76649153858546
328.785973869438
328.78724745060237
328.8067814772666
328.84146539676584
328.8531250238421
328.9881740458705
329.10817557774715
329.1086555237401
329.171375807404
329.1741758688488
329.18094270246087
329.18094270246087
329.07408929937355
329.17665343545247
329.1752551999093
329.18094270246087
329.1812197264609
329.1812298422974
329.18521715420445
329.186318276713
329.2469730352679
329.2498810618476
329.25318054589866
329.25468037255405
329.2554857807889
329.25756829370823
329.28306057121574
329.29349163697464
329.3533499193035
329.42323623294635
329.54119929820683
329.5413178510825
329.5433767570392
329.54119955374995
329.62372631876747
329.6300995757543
329.6299843789065
329.6324943767881
329.6324943767881
329.63455832556383
329.63493039587615
329.63511273442117
329.63735827981986
329.6369123521956
329.6375078261528
329.6383477172207
329.6708257771068
329.68462772871266
329.6847648394992
329.6853703919036
329.6893657128205
329.6905260775307
329.6906473564973
329.6906473564973
329.6906588395397
329.6907009300598
329.74199139073653
329.7415945981683
329.74162224068084
329.74263280569465
329.7432372596719
329.74489226085126
329.7458584136551
329.8459583647956
329.86879436518564
329.86879436518564
329.8689728782
329.8685916069309
329.86944905789574
329.87071733947755
329.8706921663299
329.8719892700583
329.89601131020066
329.8964922775846
329.91153731159324
329.9714946895084
330.00382857678085
330.0048720118891
330.00636965666683
330.01062736968873
330.0118898701402
330.1017271146054
330.10310680812313
330.10339064130676
330.1049438593556
330.1302839866398
330.14850774973405
330.1535558135351
330.1551399478915
330.1588549115505
330.1671782855405
330.1760954548821
330.1752307407403
330.17745930551035
330.21602492323984
330.2160033230915
330.2182914156402
330.2262360889406
330.24505014471544
330.3045384297234
330.31163939015295
330.4028186147793
330.40388064807547
330.423816358881
330.43977794278766
330.43986879804027
330.441626420559
330.44204404038516
330.49478756727814
330.4967168265832
330.49841498073147
330.49997702153684
330.5022500851421
330.5550616892651
330.6145021814229
330.61565709041633
330.6159195752594
330.61672830085297
330.6685391797428
330.6682011456529
330.6708413516898
330.67110705239975
330.6790620841773
330.67911030649964
330.67911030649964
330.68193469119524
330.6827274729377
330.68273600867917
330.6955173019801
330.70913126249667
330.71422660318825
330.73271700092056
330.73271700092056
330.7347119109103
330.7370904928835
330.7427495316278
330.7429184292902
330.7431407118184
330.745090766779
330.74592035726647
330.7473929931467
330.74866446944316
330.7520691965615
330.7598458590512
330.76456590395765
330.76564816372604
330.76564816372604
330.78457831959906
330.8338454255478
330.8342353901231
330.83395885192687
330.904869161355
330.90587280231864
330.90587280231864
330.97906184268584
330.98250665753136
330.98350107509265
330.983767113499
330.9849761712872
331.0148312729596
331.0142993888207
331.0346212133953
331.0353595947308
331.04872674642894
