with mode=1, handoff cost coefficient = 1.0
232.4441055482701
232.55477563722778
232.70634943300476
232.8229916887714
233.0531227157326
233.19365723862458
233.39989518575624
233.44194518483715
233.57266532092325
233.8489530603515
233.95905119594883
233.97214279850985
234.10825272166676
234.20507498293796
234.38089467687294
234.58496303298392
234.88024214733989
235.05174304571202
235.23131468780122
235.509891846958
235.59453467884566
235.76467353004404
235.9248288094834
236.11086327574495
236.21948732486447
236.27248967420684
236.36859950950912
236.54293764204957
236.70071028293694
236.82349285528986
237.0275772656932
237.1487777542195
237.30750798694245
237.49361803308074
237.68616847515287
238.00985750046908
238.1552026146018
238.29468796895324
238.66023252997925
238.7847621825728
239.05534459815289
239.24728941246633
239.5825187719722
239.67315046908487
239.87003515663838
240.05454807399306
240.32042706007334
240.38568606756195
240.7594360521337
240.89133313385042
241.04502712735015
241.07788565818547
241.28360065517822
241.35884688140828
241.44875529221576
241.6439959403593
241.8086666499286
242.14993556677703
242.380394612544
242.51274849679862
242.74530441701992
242.8636308307259
243.0769598870983
243.17224491471785
243.31825338740273
243.40924852580167
243.46635442630412
243.54441314801085
243.56246469263635
243.74534929418846
244.12214045795247
244.2503312932159
244.45651799376793
244.59418753115062
244.75985009602266
244.80770471416093
244.9381725657754
245.0328113082474
245.14499023342714
245.20905134439883
245.3230414458495
245.510607087437
245.5389140541249
245.64382552952762
245.78519946895935
245.96539880930595
246.05355808126748
246.31976136922597
246.45992061305145
246.53215656598067
246.65480294576594
246.72779059173013
246.83694932557495
246.96709288075866
247.0434108616385
247.2051630801389
247.50771644480352
247.6226331771456
247.79756122127128
247.9937653640542
248.04320952672253
248.12428674726974
248.2755290824598
248.3364982581058
248.53738864458205
248.64437013884154
248.70692479678524
248.78338302946943
248.9426901515409
249.05104504608875
249.2772035750817
249.4242478296876
249.50260104610996
249.6206113728241
249.79270115294486
249.81676540904218
249.89018244705412
249.90599024753985
250.0438232630453
250.15257627354993
250.37989099361954
250.47582939620307
250.55267331562902
250.6111994890125
250.76122196642623
250.79185839543987
251.09505320195197
251.18385175383924
251.2155384708846
251.35241537730232
251.40980129039488
251.49738782313443
251.5283921155721
251.60739154517958
251.6960900737761
251.75248960724852
251.82783769504056
252.0520638771067
252.34231859027705
252.42202102185016
252.48699216981024
252.56879691201877
252.64913788576857
252.69928429389245
252.9025760226374
253.00091364883212
253.07523304788668
253.22822957065569
253.40904600272253
253.44202266279123
253.67872414143096
253.72368959154602
253.85894509087035
253.93249575435598
254.1653474265609
254.19353068758744
254.22507730105468
254.23735098569335
254.3031914206618
254.51372996839257
254.59572961748148
254.68029040017234
255.01439481890586
255.09077515831814
255.10469836432017
255.1257064481066
255.21525892030587
255.25263965652618
255.33566627800448
255.37979347680846
255.52242117260658
255.6490262883624
255.819758123594
255.93920502797562
256.08764004788276
256.1595631628482
256.2017084477327
256.22928868335805
256.2377666516984
256.3250557081445
256.3653516482878
256.46624234199413
256.6840582423634
256.72546241452596
256.7921461476617
256.8134879210411
256.8169915130575
256.8393284970392
256.8730040430656
256.9200691763106
256.98841402797257
257.0472491642099
257.10449754152717
257.2772485095238
257.36036615389554
257.43348821019754
257.517478505577
257.5276441148207
257.62429061935694
257.6616307235507
257.71332901591313
257.750523376446
257.90232945988413
258.00130652332024
258.2224342815833
258.28175418380414
258.4118040961691
258.45987265991226
258.5652346421214
258.61983132862997
258.75618855470026
258.82759745373687
258.84929734473013
258.8916609371915
258.9528152519353
259.0082220744884
259.02542917969373
259.03823090006125
259.2167941875089
259.25368203827577
259.26575784029063
259.27826564298437
259.31484782908757
259.32048652387795
259.4431122827796
259.4767007244759
259.48998611454556
259.58376687887056
259.6274269570884
259.6444789696795
259.67192666956305
259.7140799922158
259.8517205986895
259.8831508626522
259.90014613064386
260.08074826743547
260.07010992258415
260.1819718243433
260.27137344861046
260.3716668525609
260.411161857578
260.4651951658021
260.58283612255343
260.59063540210246
260.74354732435256
260.80218046238235
260.93565700928866
260.99166560935186
261.04744815349005
261.0875302695405
261.1037539519321
261.1179568278026
261.1566257914207
261.15854107100296
261.2164663046926
261.3508660067094
261.3913328043059
261.4445329755364
261.44956225584593
261.4950596025861
261.5139271887781
261.5196206054402
261.5807402102693
261.64533643608786
261.705450387625
261.7711850751186
261.8645316777684
261.9137141436082
261.97074327928294
262.02478581643936
262.03594620046044
262.10329351675585
262.12484746549944
262.17126941036855
262.18046729082516
262.23708919350014
262.26982206815944
262.3065935805027
262.383188812042
262.51029275700245
262.6597628520082
262.73348359693153
262.76387387579115
262.80668132925854
262.806283268591
263.0301848701039
263.0757168688604
263.13847465224393
263.13942594411816
263.14584114372013
263.1628669192816
263.2462434214285
263.2484009358852
263.251276915222
263.2799759362039
263.4910304764964
263.48729973991857
263.5576446203622
263.57930493869156
263.60503806536036
263.6221603432793
263.6422212847546
263.65537311585194
263.7487719929452
263.8087009016957
263.8179934161267
263.8334518689677
263.8534236773272
263.8630734422666
263.8854457628452
263.9384897054815
263.9583129927559
264.03513940622184
264.04786643548624
264.0844343082396
264.09902984885406
264.1044339610329
264.13196712317335
264.2685033722881
264.35009228191444
264.38964220732214
264.4151949246343
264.4419083640554
264.4451295954114
264.4747270255646
264.5238954322175
264.5771981256626
264.59833132930356
264.64815112811345
264.70897358844655
264.76399275104467
264.7917077823657
264.9714723318404
265.00760765056606
265.09267731807785
265.0963129288229
265.1076666503956
265.1599517748276
265.2244498600556
265.30893610364063
265.32323758563007
265.4289632213004
265.43515363465576
265.48944521912847
265.6062736016377
265.6887064254813
265.71671028314023
265.8388921813069
265.8470389282487
265.8995687803335
265.8988956416755
265.9461429521346
265.9506094637942
265.9992657359307
266.0273807693895
266.0895459100323
266.1765621107018
266.1882339366541
266.2372367760545
266.2500335059357
266.34485472696224
266.4589204824268
266.5205427160066
266.58276989115245
266.6916457710624
266.7124333323177
266.7547047094025
266.8223772224416
266.9138155165972
266.9941698330015
267.00628109458796
267.0200478202341
267.10244168786716
267.18309698769406
267.2162830218982
267.2288413858855
267.31025368613376
267.31081934929307
267.3426093261704
267.35829147557604
267.38593338152833
267.4218638411957
267.48444308062085
267.5058976575243
267.5721836250261
267.65540559540517
267.73817096323495
267.73405764875133
267.74319121216797
267.74343643022974
267.744456661276
267.8105812362199
267.8864748572944
267.9173089725395
267.9222308126037
267.9294159890916
267.94598118232005
267.9646545948956
268.0641464595124
268.11237419724705
268.14735236370797
268.1932675997911
268.2217905397296
268.216779362581
268.2956953188186
268.32463010158665
268.3379676930526
268.42243320829175
268.4555920084422
268.45904522537506
268.47074515984457
268.54397098430263
268.5980642801813
268.6150374704855
268.61440783915623
268.67773336469133
268.714505970683
268.7188918706625
268.8065594828587
268.8147367536498
268.82970440714803
268.83186497279223
268.9367871473015
268.96764755306367
268.9658254446454
268.97304618897635
269.05480193613744
269.09510358567076
269.0958961582208
269.09764039376955
269.1264878895055
269.1292409552478
269.1456962143612
269.16026730792777
269.2163203633191
269.2269438925362
269.2621234379086
269.3435561704871
269.3594310478419
269.40488510917527
269.40511141698056
269.44916153018045
269.4778419710716
269.4881274774449
269.56753210004297
269.5803961426499
269.6505955189734
269.6937591841461
269.7473152816846
269.756714281229
269.79507516594737
269.92517393082875
269.99910524435165
270.06476782830316
270.09958092264617
270.1226864176436
270.12938334197236
270.13718806160875
270.1568821003417
270.17537503774054
270.1774432305555
270.2330687586282
270.24095110277705
270.26036371264996
270.26941300244823
270.26876019824215
270.36598131954867
270.37402177596596
270.4368020638909
270.45133137487636
270.4653547207643
270.5277278609434
270.57663574203673
270.57678984370773
270.5779816540513
270.588209885457
270.5939602741886
270.646472640893
270.64750613632646
270.7248923937358
270.7427234815899
270.8288250219027
270.8371077912931
270.84057073917586
270.86151594530105
270.87329402689625
270.8814416911403
270.8904911497081
270.89064955659313
270.9277951951953
270.9285910432028
270.933736577723
271.01020598026696
271.0373935337971
271.06949042280286
271.05247593051837
271.1169681317426
271.11514602003444
271.1535157479411
271.1837100086151
271.2031982252532
