with mode=0, handoff cost coefficient = 1.0
232.4441055482701
232.4744744672189
232.62728121936368
232.62726884822422
232.62142233687132
232.62627842720207
232.62626454023615
232.94048023534629
232.89649124503399
233.1853689198006
233.51897375387608
233.50558574541537
233.7175478933229
233.71747528793156
233.82745795158834
234.0621326428494
234.06486341194739
234.20387158046415
234.39724505346808
234.40010851674836
234.39693447483407
234.71926180057892
234.7110563086341
234.75653668246935
234.7568691412822
234.7980304784856
234.78755110985423
235.41566650124838
235.90883148111325
236.1293051618688
236.38475787784068
236.48500298099822
236.47521816143274
236.89300105635326
236.88855802371106
237.07853046531417
237.21089391825984
237.32455190761556
237.31443181339102
237.40539988329462
237.4288600005182
237.69668658537475
237.78514087586672
237.78487686441105
238.03352267328046
238.03432705111004
238.12638942687434
238.12638251361298
238.2312403461502
238.41636264620945
238.44659309683522
238.4782054540872
238.47539087733713
238.45541456314552
238.45547459555047
238.57494479551588
238.62356145034082
238.70097867499842
239.53174321201328
239.54328876603577
239.62866297032625
239.9303500475
240.77122398907335
241.2387305692218
241.24498981373213
241.24499850202432
241.2579865595613
241.34646297028695
241.55027728170603
241.74394455171543
242.1247853078866
242.87455029093223
243.09528164053978
243.2823363040511
243.28275650655777
243.6788589014634
243.6939723286496
243.70360392282404
243.7738871771495
244.166436323074
244.1681147461816
244.16739555582862
244.55136364485466
244.67641976580643
244.7048874508306
244.81921506341845
245.4254105125491
246.04374119467252
246.13589158171254
246.84725192910258
246.91992418869756
247.0733343215182
247.10236968094807
247.64587355337687
247.61756843421512
247.62879563077502
247.65105736680448
247.90185315905222
247.93906776599687
248.10243116147592
248.09585744882673
248.2105824048425
248.21180939019973
248.3956959572846
248.9557341622512
249.13544321081406
249.12506923808007
249.458609412219
249.45117943685818
250.05701140168915
250.05701140168915
250.20142772996792
250.40520234769207
250.41828398778117
250.41571913701833
250.45008822665423
250.6256492878694
250.60849543972967
250.8085991456072
250.82010276410918
250.8484499210745
250.86010998482405
251.06976825824628
251.18523929576853
251.4827885678712
251.55705503551263
251.56904482769994
251.5542720967258
251.76463363315378
251.75701143299477
251.75628891016362
251.82058003162166
251.9279388122383
252.02475379855716
252.14913416269135
252.14834057492826
252.14835231576205
252.14835231576205
252.14835231576205
252.42288831006223
252.89052150746616
253.19941273707883
253.19941379812227
253.4911332418243
253.5129850158445
253.55293613132682
253.5534057426506
253.65607047839188
253.65605766485453
253.6564686419859
253.72436805798276
253.72436805798276
253.72434160996448
253.73930955237643
253.92381845516678
254.15226640266843
254.38313550345487
254.46267081800693
254.46082056160168
254.64632186857375
254.64632186857375
254.76321901735054
254.77786973575326
254.78447105302052
254.85465754367954
254.97551350282583
255.11242051454724
255.2905590359366
255.29036258187864
255.68012526255004
255.68773788284673
255.9760951911741
256.7541244979261
256.75414017484036
256.75409309836147
256.7540841550191
256.82347768510084
256.8237566608063
256.82561705465616
256.8423490236429
256.91209349585455
256.91209349585455
256.91209349585455
257.0081247040972
258.10868022754374
258.1134745098912
258.2622424158982
258.3561603883109
258.3258051925069
258.2971201013146
258.55159833488904
258.5516003657081
258.63415600766314
259.12296882922357
259.36596241284786
259.3657793059331
259.3657793059331
259.369207002178
259.5189403615103
259.5189403615103
259.5396557792704
259.5396557792704
259.5396557792704
259.5396557792704
259.55896958892527
259.7143160161849
259.7300071530532
259.73029676709
260.02983856483957
260.06189368252154
260.0717499336224
260.07993517737344
260.28582152948394
260.3014544403024
260.31472375837166
260.2961041380907
260.5927289430183
260.89336813583446
260.98766537940367
261.0177916830935
261.02591245234635
261.0219439378216
261.0117662897479
261.0440031674353
261.0440031674353
261.0440031674353
261.052438064721
261.0959032053137
261.20625205119615
261.22535083541845
261.42068355095614
261.42101802772777
261.9756509937645
261.96452665297085
261.9995494826003
262.05055576806325
262.05055576806325
262.0604353512987
262.0604353512987
262.06050430621156
262.06050430621156
262.08921625594087
262.3833687685012
262.41333185231844
262.3893645419236
262.42647806044124
262.42673158020466
262.45321733702565
262.45629932165383
262.452552788836
262.5698278901074
262.8147112232719
262.8152126357664
262.8442160345395
263.1287059713069
263.1299173049947
263.08651173586867
263.1247263224348
263.2007353648204
263.2355716280891
263.40848521265303
263.3730251334949
263.37587147253566
263.41163559497846
263.41163559497846
263.44333141901245
263.4947876586864
263.5376990067737
263.53879914997555
263.62449756235617
263.62449756235617
263.6993300937011
263.9970790770368
264.15607705547205
264.16507524298027
264.1289646054349
264.1400001258293
264.1564626360207
264.1564626360207
264.2274010171787
264.22803221342826
264.2234538149559
264.2234538149559
264.57021652154583
264.52904315088426
264.52904315088426
264.5388457845263
264.5629756621552
264.57021652154583
264.6406992431355
264.6476375006313
264.6497478861238
264.7200789629666
264.717614754262
264.717614754262
264.72694820217555
264.74598497409016
264.75514350408696
264.9135860846618
264.91360299307524
264.91371721251727
264.93668919321067
264.95320259346073
264.9569927264842
264.9460717774126
264.949923863406
265.01230629007375
265.0142717364251
265.0024884128885
265.02268114759545
265.02320171177035
265.03084457823763
265.0340236320593
265.0733649499001
265.0733649499001
265.0748676885294
265.08209747955226
265.08209747955226
265.08209747955226
265.1081377361692
265.1074778150763
265.1074887910669
265.1074887910669
265.1074887910669
265.10959472762687
265.2004543126344
265.20111423372737
265.22326468949797
265.52418384473174
265.52420179584175
265.8249374998286
265.91199585413193
265.9130130251605
265.91300763909015
265.91300763909015
265.9083910842972
265.9317830832682
265.9323760442857
265.9293360135562
265.9293360135562
265.9364347637609
265.93956072826217
265.94071551665894
266.05243167952875
266.0852550878003
266.1163370597904
266.1163904529503
266.11634834743063
266.1164667320518
266.13234180254
266.1421216501489
266.1565120853687
266.1565120853687
266.16709352799984
266.1707610822644
266.1652258654575
266.16521804474405
266.1878034334553
266.18840558886245
266.20160003605616
266.20160003605616
266.1898407565449
266.2040666806528
266.34941227486854
266.3487590097594
266.34358293601645
266.3488409483639
266.3810293769094
266.379855469467
266.379855469467
266.379855469467
266.3877668032653
266.3911853371965
266.3912252911859
266.6852845759462
266.7380745942685
266.7492395140599
266.7490634267366
266.749095947644
266.750966503104
266.7614118451895
266.7614118451895
266.77108310818454
266.77777892334507
266.8830902589247
266.8832916397905
266.8978660292075
266.8978660292075
266.9023209430755
266.9023209430755
266.8993183124218
266.8993392071497
266.920943806136
266.9211724420455
266.92064549045546
266.9295994520613
266.92950385224174
266.9557042391879
266.9513075506445
266.9526457359268
266.95199649092115
266.95199649092115
266.9557042391879
266.95675211714746
266.9639508193671
266.9639477438032
266.964311545031
266.964311545031
266.96555787539666
266.96654424308224
266.96654956790826
266.97313540004023
266.9741512676754
266.9899737985136
266.99192452342913
267.10911668770075
267.11982652832484
267.12053032354305
267.1410402161903
267.143207812495
267.143207812495
267.1696474782535
267.19129160492224
267.19129160492224
267.191291920123
267.21495057379383
267.2298822108018
267.2348218713757
267.23744698356035
267.24641472007613
267.30401588061375
267.3056759528819
267.30849808824365
267.30849808824365
267.3085006820467
267.3169325824138
267.3178576444604
267.3305441628983
267.35104849822517
267.35082041506314
267.3508295291673
267.3508843956199
267.3772126707894
267.3917228471415
267.39598134326945
267.4225921761802
267.42255787566023
267.4490798301935
267.454840297304
267.4524055435977
267.4549358928172
267.4592994728093
267.46154314586283
267.46273516502066
267.46928039199344
267.4772375758491
267.48373311043235
267.4777817975562
267.48761633771403
267.4897826539836
267.4891361616595
267.5074663194071
267.5072155196863
267.5103272991806
267.5141048779669
267.51524005633314
267.55356084506127
267.5912791211116
267.6072862196341
267.6072862196341
267.60483186817663
267.60332384135097
267.6033247134715
267.7538673438095
267.82925950278644
267.83564811011803
267.83564811011803
267.83914833530116
267.84901481104794
267.84901481104794
267.8491318534258
267.8505919413841
267.8505919413841
267.8509724475177
267.8565592904775
267.85693692282365
267.85693692282365
267.85693692282365
267.8741838656193
267.87557980898436
267.88008353810585
267.8802491331636
267.88861177181917
267.8896595387534
267.8896595387534
267.89083302870404
267.89083302870404
267.8913406948182
267.8913649491418
267.9027381143397
267.9715351099502
