with mode=3, handoff cost coefficient = 1.0
232.4441055482701
232.48992818624095
232.48846995835055
232.65262526702804
232.65098026452313
232.6507860890568
233.31787887401924
233.78709991906743
233.96634991165843
234.49783629365027
234.49893063126558
234.53980417413715
234.66022546198366
234.6816981988253
234.68141545261506
235.03570108206782
235.03540349468477
235.03709659492938
235.2573958986249
235.25737223660434
236.18919204861072
236.2216215033239
236.22124695451708
236.23052163869653
236.23091437254828
236.2312758337045
236.23115729442992
236.23115729442992
236.23115729442992
236.26790287341305
236.63529829856424
236.6123597117588
236.63086570256974
236.93359905106445
237.87252070316532
238.16824920137162
238.64993876296205
239.61012056941587
239.78542893819116
239.7762329654093
239.81374486382148
239.84606490299717
240.09254554469123
240.1648799937278
240.21131145708944
240.22362186934788
240.6118075475109
240.61200638141835
240.6119520797058
240.61180501398658
240.61180501398658
240.61747256128095
240.61836048206519
240.61806746757136
240.6182242268915
240.6182242268915
241.0943393853813
241.09418532972265
241.13957636151426
241.14988979905277
241.149387048387
241.14905208110142
241.14909449358524
241.24043316566193
241.55296661091236
241.77642821795794
241.77253142525623
244.01016963361448
244.01008903649202
244.94591040955228
246.35405902398244
246.8738805228975
247.31506130522823
247.6834821496296
247.9416896583159
248.0987755961849
248.3191108875868
251.16803655937193
251.47861129225655
251.7849681596791
252.49945777337078
253.8153574669672
253.9175304588777
255.63293975369425
256.0051639977803
257.1337426679638
257.17644652678007
257.6702358645327
257.68056539678435
257.703863714951
257.77422399830124
257.7754042613337
257.78312924981964
257.84491851186846
257.8983950769998
258.62245771580496
260.1996177526853
261.3292469606602
261.37826859189556
261.39829829658925
261.4039412224358
261.4341728920383
261.4087479856977
262.0890203441171
262.12423853320024
262.358139984638
262.3584488282208
262.5194000222248
263.2240311445189
263.2242785270743
263.23488471909167
263.3061124546543
263.27349772913703
263.27290402469094
263.3222745175441
263.3636040977214
263.3674383718282
263.48086860014985
263.7473768060565
263.9602379957528
263.9654825087897
264.97406528577596
265.2379365078809
265.24780777027445
265.24819419393145
265.3771040165808
265.37697711776093
265.6446256565016
265.6448257133246
265.65501560028747
265.7443185217069
265.7453266939785
266.31525222046815
266.3144680557524
266.37553350229035
266.6522521442401
266.69073221538036
266.70035351261356
266.71770616851796
266.80247405912115
266.916198058071
266.934201414236
267.0776248481804
267.3437105366949
267.35279787881274
267.34624226488944
267.3599424794568
267.3629323363676
267.3910473028778
267.389790700362
267.42141634049676
267.4824974506399
267.505378510764
267.5055387933541
267.5055971306977
267.532332680123
267.53699855850635
267.5447786812921
267.5458993706838
267.6087993334844
267.6075935724496
267.80729542524983
267.83423187006633
267.8344589870052
267.8452589829765
267.84539143171645
267.87652328507323
267.8856338344065
267.88415898133104
267.8880104779884
267.8880104779884
267.8900756388262
267.91158404225416
267.9113387163586
267.9864878597211
267.99983012621465
267.9901187201394
268.02639186335085
268.0284549766557
268.05678795720024
268.1023197894686
268.13868950590364
268.13956537271645
268.1805002463667
268.1957620735731
268.22434379634154
268.2244522410783
268.2244522410783
268.2539494578489
268.2539483266047
268.2419557875198
268.23757867460426
268.2445494001807
268.25974135835236
268.2549075347397
268.2897060895522
268.3072937078157
268.31768397339914
268.32083824033833
268.3445863329932
268.3376963407764
268.33666671105664
268.33760662052913
268.36066710554434
268.36088877519205
268.3653965552805
268.38238649596303
268.3645682811793
268.3645682811793
268.37593424268704
268.37593424268704
268.37651802232614
268.38004742009804
268.38004742009804
268.38336749337094
268.4004156057751
268.40472929099934
268.40472027594
268.4047857809303
268.4152649450088
268.4212934708181
268.42106154228804
268.421124160794
268.42122221402633
268.4444420004394
268.50495939855836
268.5081938441487
268.50952368859083
268.54096223724406
268.5549845640635
268.57906039767107
268.57906450889345
268.57909361511975
268.57929668045284
268.57929668045284
268.5934138532788
268.5880379846527
268.5970368658367
268.5956315506342
268.59986793565525
268.619457944007
268.6190645401557
268.6199723505822
268.62209413318647
268.62531172633845
268.62602539467395
268.6254967326078
268.63795299431104
268.6346829085935
268.6357881973319
268.6377831505066
268.6377831505066
268.656226792539
268.6563583890464
268.6557892773639
268.6595130502515
268.659629830364
268.6597007524754
268.66055615527637
268.66055615527637
268.66055615527637
268.66055615527637
268.66055615527637
268.6656654633372
268.66576239999176
268.665946350594
268.6632655018364
268.67064388941617
268.67078454971823
268.67078454971823
268.6766472789997
268.6766472789997
268.6777712450938
268.6778226161548
268.67964346976396
268.67964346976396
268.6975400896678
268.6976482220694
268.698727388189
268.6985618727623
268.6985618727623
268.6985618727623
268.706326783573
268.7166475402183
268.7367959714048
268.7368937013879
268.74364902625337
268.74427315995183
268.74427315995183
268.75773729385224
268.75738350233814
268.7665519650211
268.7728191433674
268.7727294752458
268.77288496490576
268.7731008545965
268.7731008545965
268.7731008545965
268.7731008545965
268.7770380813128
268.77788051379747
268.77788051379747
268.77788051379747
268.78197358930504
268.785478910405
268.7920224111959
268.7922681025828
268.7924246624381
268.79241943341344
268.8053357683796
268.8051030882709
268.8140979790924
268.81284810201646
268.81234504038076
268.9315877995992
268.93158844900904
268.91825836891314
268.9181137063972
268.9283350127586
268.9283350127586
268.93811768590035
268.9507194864514
268.9505413748965
268.9934975460921
268.9932584172296
268.99216066304194
268.9966612845913
268.9967150471531
268.9965440026252
268.99598553340513
268.99598553340513
268.99598553340513
269.00736836812604
269.0190395161678
269.0198351635815
269.0227672726434
269.0228412925519
269.0263773763066
269.0263773763066
269.0269929097518
269.02675074754274
269.0305915366486
269.0458639783179
269.0460662037756
269.0460001902542
269.0484876057999
269.0484876057999
269.0484876057999
269.0506638381925
269.0506638381925
269.05147637830976
269.0592264170702
269.0592996113984
269.0597702872602
269.0597319778724
269.09331723416807
269.09334251064166
269.11096737453363
269.1129768376624
269.1079259704584
269.1069256651869
269.1192256438094
269.1211356402112
269.1208818341414
269.12023102743706
269.12023102743706
269.12023102743706
269.12023102743706
269.129330802914
269.12946133625434
269.13113728579054
269.130293320123
269.130293320123
269.130293320123
269.130293320123
269.130293320123
269.1346235089062
269.14488374656867
269.14588153242966
269.1539719956717
269.15802716708
269.15679209519226
269.15359908560885
269.16345930838827
269.16317958540577
269.1635293873227
269.1600984840233
269.1600984840233
269.1600984840233
269.1600984840233
269.1600984840233
269.1600984840233
269.1600984840233
269.1600984840233
269.1600984840233
269.1600984840233
269.1600984840233
269.1600984840233
269.1600984840233
269.18755610668416
269.1820782072453
269.1829663366286
269.1834777143547
269.1929359390094
269.20045109551234
269.2010157195939
269.20115390152614
269.20447431284765
269.20683231379576
269.2191575185882
269.2178575954339
269.2179236892741
269.2165124113614
269.2165124113614
269.2165124113614
269.2204640963567
269.22061309346293
269.22061309346293
269.22061309346293
269.23481205224635
269.2347478533156
269.236167888791
269.22845199434033
269.22845199434033
269.22845199434033
269.22845199434033
269.22845199434033
269.22845199434033
269.22845199434033
269.22845199434033
269.22845199434033
269.22845199434033
269.3097358219503
269.312669270196
269.30651692930354
269.3046837344662
269.3046837344662
269.3046837344662
269.3046837344662
269.3046837344662
269.308832878788
269.308832878788
269.38965509306934
269.3898067371111
269.38881100688087
269.38884041349866
269.38884041349866
269.38884041349866
269.38884041349866
269.38884041349866
269.38884041349866
269.41307731493185
269.41484836830864
269.4149291443094
269.4117845519254
269.4117845519254
269.416643150508
269.42508089992504
269.4222828869915
269.421776584291
269.42163383529027
269.42163383529027
269.4255068391268
269.4254832656285
269.4254832656285
269.4254832656285
269.4254832656285
269.4254832656285
269.4254832656285
269.4254832656285
269.4254832656285
269.5035995356831
269.5046811663113
269.5066872118272
269.50780960232277
269.50780960232277
269.5085881727707
269.5085881727707
269.5085881727707
269.5085881727707
269.5085881727707
269.5085881727707
269.5085881727707
269.5085881727707
269.5085881727707
269.5124902948052
269.5143713937532
269.5225530034588
269.52065049213417
269.5185356747367
269.5187637257482
269.5187637257482
269.5187637257482
269.5187637257482
269.52381086586587
269.52381086586587
269.52381086586587
269.5231025405468
269.5231025405468
269.5231025405468
269.5231025405468
269.5231025405468
269.5231025405468
269.5231025405468
269.5231025405468
269.5225530034588
