with mode=1, handoff cost coefficient = 1.0
217.94813548475702
218.02259277322787
218.1094696808206
218.22294742853356
218.3247042642249
218.56662106891235
218.71550023329104
218.92681969655496
219.1509198955564
219.32669732324013
219.4102330829307
219.56921854198353
219.769606713171
219.78280703968733
219.93046880726757
220.15092232806515
220.29645342914802
220.36935563647017
220.48358524196954
220.5746896166079
220.73073854861283
220.91985070208196
221.01537667600192
221.19212053566372
221.32302479462132
221.51498835303366
221.64184149629827
221.80157179811832
221.86913296995178
222.2423997031816
222.38382874932128
222.55751270094885
222.69379660690754
222.8608443172949
223.00266700248994
223.19997382188166
223.26632101881071
223.33928363840752
223.53784123451092
223.62106152294348
223.72231848315067
223.85628301797502
224.0476381372409
224.16216367285764
224.27517871891922
224.45535038050969
224.62113547330546
224.7318772290393
224.79289536287578
224.86704325982637
224.9458977282862
225.24868236685396
225.37911609767767
225.4794546498496
225.63794289704902
225.73188901985603
225.99740538376693
226.139754009745
226.20259593827254
226.39092767397483
226.45213640317797
226.5717968514873
226.7177126443159
226.83117473228268
226.90469413068033
227.1465167948971
227.290998720711
227.42531818921205
227.60090950800623
227.68683153407233
227.84900892382257
228.00479918254433
228.1080646935626
228.29074230300037
228.4139423620537
228.53047779009353
228.57834332445057
228.76732956143928
228.94450236851017
229.05912774413756
229.20000477000582
229.24397846125032
229.28748346643488
229.46749399364552
229.48346594119522
229.62915676172557
229.79906048931053
229.86347191379977
229.88531363177663
229.92493270936
230.0094328475304
230.08257292220466
230.2544441518345
230.46146954032693
230.52495518662917
230.72138748359237
230.7567823475096
230.82391805331537
230.98671439775188
231.11237963605558
231.13306084173394
231.26896674842368
231.4103819033987
231.42979282974272
231.60876723206803
231.79722088662268
231.84843378296736
231.96077457729243
232.13583533604432
232.27875366737575
232.29402212768272
232.43819874847216
232.61162858507436
232.68072554325155
232.75218973029885
232.83779529866365
232.9314165102823
233.018811653675
233.09164101737656
233.2632972288331
233.33209719157583
233.38274641420483
233.4778807973301
233.6045938159463
233.66878492946944
233.81739872953688
233.93874355520623
234.01516932226667
234.1864485584991
234.27424476458054
234.48447422737095
234.65052845574206
234.886690941162
234.91140300078627
235.05257283277226
235.1880199810305
235.2684512044868
235.30585885227467
235.39194886735697
235.4893006110637
235.51736308187202
235.58579926714918
235.64243727357325
235.68963576684365
235.75652204858386
235.78129710341423
235.81785344386063
235.8642280885399
235.93480599513262
236.09136914183244
236.1261544491201
236.19367889788248
236.27270677946885
236.3562230116132
236.4979496090138
236.53013962477277
236.613571056718
236.63169042280143
236.68877993659726
236.72390761351548
236.84472352815806
237.02591140529768
237.1333381866073
237.18275866257386
237.2112112452417
237.37087474016664
237.46507669623202
237.5391631037166
237.5866488211576
237.61014433025298
237.74831585580193
237.913933258383
237.9708986444865
238.12183002771226
238.27611379101296
238.30983416336937
238.4033748440148
238.51220966151135
238.60487763974794
238.6668027064797
238.68933519120384
238.7433543811967
238.82128312070986
238.8733439144749
238.93505495445376
238.97605566880617
239.07766945293977
239.0998897768953
239.19194645170387
239.3020635635923
239.36109739856693
239.47703378455333
239.5482616227652
239.60010285768436
239.65558711802086
239.66723223007492
239.7013579958519
239.71065590318986
239.87918747676608
240.01727953509638
240.04220682220242
240.13986343471387
240.1624617411777
240.22773875518658
240.3420553836899
240.48831484129067
240.51324894157207
240.5376078820024
240.58123374225323
240.60039321708922
240.6024543925075
240.62692834227687
240.72452683337082
240.79378775493643
240.82407754579128
240.89898276594047
240.91872320841256
240.94708974771416
240.95748282626428
241.01419314439585
241.1037691622907
241.10556484521237
241.1262784248977
241.18879721642543
241.21391084849662
241.24390539880238
241.29891771422007
241.37630480408464
241.5115432866272
241.57888306232712
241.65704409800333
241.7179575205138
241.7765583420991
241.84337960855186
241.92039686732136
241.9674460830678
241.97145967755188
242.01240223956862
242.02170542755707
242.09374154747596
242.16154001111238
242.19425935213883
242.27786773902832
242.3450286438124
242.4274351245735
242.44231875669016
242.5070139074829
242.53387147665865
242.56787869040872
242.58759946775743
242.6257254044623
242.65270759605357
242.719740305067
242.9270291794844
242.94462953168238
242.96363213295865
243.00674379754787
243.05144335068172
243.12985926081015
243.21846662438392
243.2975987629007
243.380477783514
243.40438495555156
243.5507153994884
243.6477339498933
243.7486020965719
243.7736435053656
243.79413992443722
243.84323438707793
243.90156765546865
243.9844379460871
244.01260033588557
244.02611481817735
244.03157041023667
244.0828497818482
244.11726921170626
244.14003055887235
244.13878878282515
244.23537756013502
244.2553056861845
244.2574659024084
244.3277781187173
244.37332036571613
244.42936983830083
244.48651550897657
244.53389851096406
244.57143523694958
244.5736710021048
244.64491964588026
244.69467454293616
244.7456170425043
244.74503882749065
244.7661605393955
244.7955292446482
244.81960276693508
244.9036242913593
244.94259890565772
244.97915202419546
245.00152576012383
245.0084559482768
245.0619358372728
245.15514787822715
245.17406836597104
245.29356430626822
245.3933380688376
245.40986508148575
245.42160194423002
245.44576387455487
245.46233089907588
245.4729741179628
245.47692448618753
245.49987317391293
245.5204567185032
245.57543952337113
245.5889210712198
245.66620841883704
245.7052716023907
245.74088634926966
245.74115272816942
245.81668775264393
245.91628661848085
245.98243837578713
246.0067086145424
246.08793176354916
246.11610051860765
246.1559573660656
246.2124202180512
246.22883781648582
246.2556278486276
246.2759808901954
246.2806512408334
246.28245338645934
246.291351350098
246.35798108832233
246.36720233695203
246.36768361118328
246.46279963960356
246.5486606955109
246.63176309235703
246.65379721673727
246.69874789563534
246.70195222109788
246.73485596917587
246.77947686661025
246.78164675341208
246.78516362873626
246.81081722183492
246.81557629758802
246.8255031521362
246.8762208475037
246.89347212827133
246.91883321076594
246.95955496397954
247.00143743911153
247.01122747298635
247.11208611769118
247.19546438447102
247.18912783552085
247.20646732767284
247.21503931073335
247.23457027893812
247.2456228545297
247.27678679494636
247.33943096135016
247.38873837547155
247.4284623483927
247.50143943634518
247.55042238457423
247.54909873393757
247.57211135338784
247.59401694165382
247.6086988691752
247.61637368696043
247.6594929089233
247.68165087595258
247.68520707704113
247.69009121690868
247.69155108030355
247.7406477493547
247.78662694066446
247.9094640338429
247.91121426435043
247.92762300034832
247.9719322118584
248.05361298604072
248.06405831867406
248.06632151771672
248.11981590778043
248.1610086949886
248.22561388347657
248.23103937514065
248.2607232518663
248.3032507471546
248.30615887247959
248.31585209309782
248.3520118294853
248.37758877468622
248.37699606357702
248.38542894841663
248.40289116511764
248.4461541903423
248.53092962843303
248.56780479563756
248.5679214505025
248.64786605581003
248.66846709108466
248.741941269775
248.77627786929685
248.8267162244147
248.84780788037457
248.96313818202356
248.96426783255572
249.09551999120427
249.14196618115272
249.1456104057999
249.18335203320808
249.2054654082657
249.22766124438144
249.3180859192439
249.36004720342007
249.40797720784315
249.49572866100985
249.5042729339983
249.60926567347627
249.61920074477038
249.63518503188882
249.64075568637585
249.71517892487373
249.76504061057014
249.79081526937892
249.81065898818358
249.8740220365898
249.87389910058806
249.88292012640736
249.90552362021
249.91530843679473
249.92959812694093
249.95435517968525
249.97755359939958
249.99418550596204
250.00670692593067
250.04783602513476
250.09164416847938
250.1226320928159
250.19771140548156
250.22434204089507
250.2691248442561
250.26719452687178
250.28348672749283
250.2889452026255
250.29250700262693
250.31935285102153
250.38056119190554
250.41897969634226
250.4232277256388
250.43389585390463
250.44302380488776
250.49807630317622
250.52096956407266
250.5422550531591
250.54819679878102
250.56086235460972
250.58768736831678
250.58772584826806
250.62466050954455
250.63840323798442
250.64535059877858
250.68203045455962
250.68269405409788
250.68312242772274
250.70885139260247
250.7093107724389
250.8100035837452
250.871225903394
250.87027786171737
250.91329859533815
250.9596643005158
250.96079389466377
251.01863662213643
251.02585337947266
251.05082554299486
251.1517328300085
251.15785191116584
251.17959980643403
251.22230979876747
251.28236534443428
251.2853325773378
251.27947754370112
251.30780098131964
251.3256729991464
251.3447456456966
251.37549097538607
251.40310342472551
251.4073018514409
251.46340404096986
251.47883985729783
251.4972381778502
251.49531180477035
251.51841658683927
251.5183727231964
251.5209185389498
