with mode=0, handoff cost coefficient = 1.0
217.94813548475702
217.95553330562979
218.0414351478807
218.21897308643582
218.57261547201267
218.71953402553765
218.751979415233
219.2349287666465
219.22769886024705
219.48891450517084
220.05205710690709
220.33376157024796
220.41732740568736
220.40020838530873
220.98643428084836
221.02802800033066
221.31262628009097
221.31921013677504
221.44778582314922
221.62970048133099
221.75762652788805
221.75082871311358
222.3707611808367
222.3861743614553
222.57281794962026
222.54331180254758
222.54320384106984
222.75902467720724
222.8801227025502
223.4188838239894
223.52642599811963
223.6012883839706
223.79082318904483
223.9513910973729
223.9674387881176
223.98466094904865
224.1369143654103
224.41583779431562
224.43217106594625
224.47890012110724
224.47191064394633
224.5547166137493
224.70027996794616
224.7253444072527
224.7333200560026
224.7338645381204
224.9935028583171
225.29167463497262
225.28711840644326
225.29794507339471
225.32899433038634
225.71260600389982
225.71444415806303
226.43139199064058
226.49719135238354
226.49699374666022
227.14798892454078
227.15190817092153
227.15192791944602
227.26328886282715
227.274327971945
227.24447231536112
227.2154505417907
227.22867703174865
227.22421651124932
227.274327971945
227.27622455242584
227.39777266059136
227.45403110185498
227.45404722465105
227.51749886342867
227.5695518555612
227.6893554526373
227.7395976570753
227.8238528310248
227.82396021978468
227.89025626244606
227.88950194715792
227.88950194715792
228.0306309263327
228.26546147220233
228.26445816884313
228.36926170270584
228.36480109523984
228.4983081987313
228.66160964062055
228.6752213061244
228.67650594342797
228.67999353132427
228.6936746715636
228.7013534318792
228.8196917775766
228.81632077987487
228.81641964431526
228.98287199810136
228.9836714721799
229.02369075604855
229.1637186568747
229.1900095730586
229.19002725883868
229.2905704429461
229.29052495783964
229.3241282034672
229.32055899182978
229.32305711438897
229.42016898430762
229.41836372520882
229.42793095548865
229.46271363308333
229.46451889218213
229.46945868270888
229.7752813804941
229.78343442388018
229.78326566941888
229.80564110288964
229.8013910403528
229.80524374333174
229.84154899714176
229.90949747632098
229.96378068259023
229.9652102134551
229.96420045967196
230.02833857659354
230.07243778132568
230.28951892293216
230.3332347929285
230.5123805388674
230.52653126050097
230.52431457716358
230.60849770778472
230.60849770778472
230.61589179428924
230.62957595216045
230.6389251795238
230.68320424651134
230.75267473315807
230.83318643587992
230.84345279657452
230.85639339431057
230.98231714251173
230.98465564202147
230.98713451720323
231.0274703810035
231.0279870293883
231.1598433925728
231.16045732292102
231.18191310537657
231.20355263631015
231.20352386759313
231.213326279332
231.262911918483
231.26293049197685
231.26307030904854
231.29449302421366
231.3121517591589
231.31313093849337
231.31314665177726
231.31316779712017
231.39072338702735
231.40213340548587
231.53431061838828
231.65602016509945
231.65336785964104
231.65533957573933
231.65707261080786
231.65647207058836
231.65888848150726
231.69607125721032
231.70075328193286
231.84846896677618
231.86019996732847
231.89164289551377
231.89164289551377
231.91449050932187
232.1183839484883
232.4160755474154
232.41606259201905
232.4102189272838
232.50992132851619
232.50847795426688
232.58842084232842
232.58851999032836
232.61732665390724
232.6195319827214
232.6126510178487
232.9189412234128
233.02287907997513
233.033117134089
233.32488902433565
233.60026768535394
233.75410544719838
233.75191208701415
233.76609189693545
233.77653588129309
233.9259424025303
233.96987977110172
234.0616384279087
234.0584734103374
234.12347770515575
234.1140443716051
234.1467131141848
234.20254578206374
234.2052753869704
234.3281248049372
234.3249592828788
234.51531798125893
234.51489226112312
234.51483129687642
234.60616923917274
234.61383363488807
234.63870583195342
234.65099911328883
234.6512312203684
234.768365119645
234.76844194820364
234.76550602856253
234.77079774375534
234.77079832000112
234.9269884280258
234.9269884280258
234.93196150841516
234.95254774676178
234.95851557641222
234.95627765723623
235.03237589799303
235.04547852373386
235.05554144809238
235.06766203777732
235.1565935740586
235.17078064744692
235.17077017406285
235.17223109419422
235.178339391895
235.21408173671028
235.3035785688284
235.35750770710655
235.42968814676107
235.495853211248
235.495853211248
235.5153095559036
235.53642304712528
235.53644275257494
235.74751602017378
235.76497849695923
235.76497849695923
235.76835926355363
235.80815380610082
235.8208405448302
235.8323985709111
235.8600192518576
235.8600192518576
235.89149038075863
235.89750427162025
235.90212851332382
235.90212851332382
235.90754139041735
235.90754139041735
235.90780766018148
235.94763641576697
236.25663908416988
236.25663908416988
236.2564408756747
236.26003131927348
236.27588242146362
236.34166814261917
236.34995417472518
236.35724067708537
236.53722725043403
236.5371431356066
236.5309673727866
236.53092410896969
236.6717304791384
236.6717304791384
236.67881273477383
236.81128935321857
236.81140614434509
236.81144597466346
236.81456412256188
236.82267441071963
236.8184901598986
236.81408134868633
236.84320152261438
236.84262363698286
236.87131322044567
236.87356165442753
236.8726835632485
236.95663031671265
237.021955684159
237.02568095274773
237.02865761242268
237.0308574962802
237.08774254767516
237.11854094394633
237.11319035703576
237.2470923003506
237.24440278227144
237.2532112673203
237.30685666849888
237.577833801471
237.61085159649545
237.61733323255
237.7846562164369
237.78545137271215
237.8092313996844
237.8107626185673
237.81424552180005
238.01960254697764
238.02418005409822
238.02097122697234
238.0221215655787
238.01225840365788
238.0169921209387
238.0241939042184
238.0241939042184
238.01739515241553
238.07385446477298
238.07169365732454
238.07872738918388
238.0924620365113
238.10818019104804
238.13453774755692
238.1319148139229
238.13303496830753
238.1754076292454
238.1765281345801
238.17530082348932
238.2600926310652
238.34308448467416
238.34308448467416
238.47683727167484
238.49190668502106
238.64574585897063
238.65254030558864
238.78596015565776
238.79204874953362
238.83313754096653
238.82423565108164
239.07605141689388
239.0748688174123
239.13520886804142
239.16907131301826
239.313132211055
239.3554174920351
239.3523104172371
239.35289072893454
239.4102628529844
239.4102628529844
239.43921759804297
239.43644011825
239.44578473134075
239.54335790222967
239.7923528212069
239.78870777492708
239.79534375150544
239.79322735849834
239.81718155347954
239.8316397865782
239.82898196543925
239.82898196543925
239.88280017838088
240.04142163049647
240.04145348267755
240.04359937687656
240.0418747990302
240.03295741953724
240.02628298841557
240.03536865460347
240.25787033094193
240.27253980189326
240.27254222175318
240.27534155851723
240.28031415679928
240.29398805296321
240.29902870209432
240.31018059708535
240.33997638273198
240.36965250568113
240.38081333062453
240.38103548947134
240.38103548947134
240.37617555708584
240.5127293066803
240.51193953890123
240.51230269944068
240.51579228491465
240.52135866497375
240.5161060699503
240.51035341182583
240.51979194885314
240.5269037412028
240.528072716096
240.53077877898124
240.53077877898124
240.67303390190054
240.67303390190054
240.67303390190054
240.6675958481504
240.6675958481504
240.73169285809774
240.86627503906016
240.87707443118018
240.88251002914012
240.8774387116735
240.87757637279333
240.87757637279333
240.87851308271098
240.89515779122075
241.10629396970882
241.10858657947387
241.10858657947387
241.11015750518385
241.16761157325675
241.2544991996775
241.2544991996775
241.27227144970757
241.2722825369395
241.2723230317604
241.28415770397183
241.30284237072087
241.3599281666343
241.35425411275355
241.3533361842134
241.58363398376173
241.58413330283923
241.5940357265559
241.59832278092415
241.59682155471398
241.6144284776546
241.69110511052588
241.69021578753632
241.69022622614062
241.68665324094462
241.68959424719566
241.75967447254777
241.85291657284125
241.86483253097214
241.86483253097214
241.86346252043512
241.86342154376013
241.9205609491405
241.91320820512897
241.98208676888274
242.04517668632488
242.0362162826337
242.02817231876287
242.02847662487892
242.07128607186596
242.15487062436273
242.15058462233503
242.22044195854818
242.22265015863414
242.22189523099527
242.2218778912857
242.22144991276153
242.22852658461878
242.2294156781123
242.22747174363298
242.22747174363298
242.2274691735551
242.22701876403215
242.23680701280148
242.24844920403436
242.55360043344606
242.5575921051968
242.5519279209689
242.58077202775578
242.58077202775578
242.70120768072127
242.7034012821935
242.70562561361237
242.7347152499318
242.72852169083063
242.72611688580957
242.7261102683239
242.7261102683239
242.7347152499318
242.81082184898074
242.8115856947808
242.81034904076094
242.81167478323107
242.81518627150922
242.8164258038318
242.8164258038318
242.82054402759832
242.86905360963974
242.87183443863555
242.86932270164098
242.87057931585892
242.87557733319062
242.87655306620013
242.87656753368012
242.87862046111948
242.87923498243043
242.88210971491122
242.8865957213143
242.88835363665854
242.88835363665854
242.88835363665854
242.88835491708002
242.88835491708002
242.95213949814564
