with mode=3, handoff cost coefficient = 1.0
217.94813548475702
219.0147996539048
220.0053942741847
220.53567990003023
221.2028612494553
221.41790042764
222.34089677668248
222.44878994553352
223.08351281718774
223.0832943333932
223.26027791786967
223.2937932555886
223.29103165153464
223.710152677303
223.75027472170552
223.7565307560516
224.5916254139232
224.59168168879066
225.3389784058438
225.3394724814144
225.33959994516331
225.33890289079253
225.33890289079253
225.71205901055149
225.71178057582776
225.71169047870407
226.10544069053822
226.1035001865411
226.39688685654946
226.4221701189168
226.42186761805306
226.41773922999798
226.41973323812323
226.45764707543418
227.9235429937626
228.27546654786056
228.2755557341593
229.26919372749987
229.26782070001977
229.9199128798854
231.594789321657
231.58781258244878
231.6064194769049
231.5645219998058
232.3057340707737
233.44143467619782
233.4548716948046
233.47904729191086
234.79017917122013
235.15432620279506
236.00186084499606
236.75994925196605
236.75991195495433
237.4766526917153
237.77088785896595
237.81993408063153
237.93369920014763
238.2799876851717
238.28164596638524
238.2929718046541
238.37610474634815
238.37970142697796
238.96390081183173
238.99928346598986
239.05671418281963
239.42456256753363
239.57576662007088
239.6158963722548
239.667794549472
240.1787102703208
240.2092587389868
240.63773638107534
240.86489574174735
240.9011049451056
241.18055259759706
241.5806512105043
241.92024442173863
241.92530443717484
242.19220794359717
242.1981888299021
242.22436650742384
242.55248653329815
242.54591773881867
242.54057417141627
242.75907357336266
242.74491251611173
243.07370468008827
243.1014196637534
243.3190480085077
243.77921612475666
243.8179694294647
243.90713944182977
243.87973710013918
243.895800542945
244.35670468043608
244.43037704999375
244.44299949543506
244.4884327284498
244.64447827906062
244.65246809556498
244.64631743698178
244.6633605769565
244.72241919836176
244.7230256343674
244.72585034082113
244.80497399104246
244.80511577874512
244.81627634188828
244.89470555247902
244.89547581867524
244.89113725965777
244.90020286405212
244.90474757975977
244.92834929234095
244.92014021470058
244.9191911641456
244.91843403878687
244.92322366656745
245.14044041937385
245.17218636801357
245.28520456309406
245.28543431441614
245.3767927641443
246.55652046512375
246.57052171099627
246.58598474802906
246.5862823879951
246.60760069601486
246.5980440500926
246.6037246812295
246.6529158210434
246.68573543038002
246.75825942753676
246.75866131876143
246.91820369401813
247.31649684720645
247.3080479652426
247.29771518163605
247.30467292116757
247.30467292116757
247.31506725224696
247.30352564548002
247.31279958393714
247.3338446964069
247.70723326052922
247.70878490399605
247.71619528553967
247.86051694656308
247.89559840077956
247.9055038908038
247.9060157965028
247.92835067383868
247.99669648205568
248.00502366134086
248.00546392068267
248.10081128647042
248.09372832570654
248.10792526529175
248.10752917587658
248.11533065368127
248.15901142967343
248.15941303224267
248.18128649441385
248.18201443519155
248.3179938935611
248.32004601833228
248.31471881331137
248.30227645691792
248.3063127876786
248.3063127876786
248.3063127876786
248.30688713587364
248.30688713587364
248.3143462604208
248.33499168368317
248.32480456009864
248.34438408970075
248.34429071287124
248.34126906089952
248.33567115357664
248.33848994401362
248.33848994401362
248.33848994401362
248.34058704891837
248.35335582477072
248.35240762677972
248.35208805925328
248.35014227777245
248.35014227777245
248.35014227777245
248.35014227777245
248.35014227777245
248.35014227777245
248.4549414284523
248.46311556369588
248.47578272496125
248.483278465088
248.47233805541262
248.47233805541262
248.49772810257744
248.60696848449712
248.61828647215086
248.60667250456154
248.61375165750647
248.61420259973855
248.61420259973855
248.61432954724003
248.6390782577321
248.6445689609214
248.64457232330574
248.6520266181732
248.65238295605496
248.65311948295903
248.650451992071
248.650451992071
248.650451992071
248.650451992071
248.65342750993622
248.65524417702352
248.65521711813903
248.65521711813903
248.65521711813903
248.65521711813903
248.65521711813903
248.6559068142152
248.65699613868668
248.65699613868668
248.65699613868668
248.66211678696317
248.75776651975661
248.76434009396928
248.76920437975696
248.76801979342505
248.76592502556073
248.77149646535722
248.77302608034393
248.7727142466363
248.7741880001068
248.77553525480926
248.77553525480926
248.77599221044287
248.78068802256817
248.78089854230765
248.87301389550223
248.87294149369396
248.8757141153541
248.85926833500312
248.85926833500312
248.85926833500312
248.85926833500312
248.86489348761788
248.86489348761788
248.86489348761788
248.95911315561582
248.96323761561862
248.9633281844047
248.98023180464648
248.97929932777154
248.99036964890482
249.17401161715284
249.1726402865867
249.17444610103232
249.18399201365145
249.18374504396576
249.18933231915912
249.18902299605057
249.18892611235262
249.19240206247622
249.20735996396445
249.21010103874997
249.22446441613153
249.2369368732468
249.25684742614843
249.25669356739374
249.2566276785602
249.25839655931523
249.25839655931523
249.26425293820853
249.26420906486118
249.26420906486118
249.27130431973796
249.2713109682989
249.2744932632982
249.27626878779733
249.28515882411466
249.2859306989733
249.28586179049802
249.3079554977744
249.56232902146792
249.55265869301928
249.55247336722607
249.54611397116884
249.54611397116884
249.55252621328432
249.55963285637162
249.56280214868107
249.57601998566275
249.57567068822084
249.57582658654516
249.5814214388881
249.58176964809346
249.58189485960057
249.59742816565932
249.59761035363493
249.59775763597733
249.59878683030755
249.59878683030755
249.59878683030755
249.59878683030755
249.60216592859106
249.60216592859106
249.6021150668302
249.60197961014626
249.60197961014626
249.60197961014626
249.60197961014626
249.60197961014626
249.60197961014626
249.60197961014626
249.60197961014626
249.60197961014626
249.60197961014626
249.60197961014626
249.60197961014626
249.60197961014626
249.60197961014626
249.60197961014626
249.60197961014626
249.60197961014626
249.60561560601366
249.6049282161993
249.6047503907505
249.609474101459
249.6096956215567
249.61383803297713
249.61149739722063
249.61149739722063
249.61607920984787
249.62666165907788
249.62448365590657
249.62787743438665
249.63103989493595
249.63295219627318
249.63364448635627
249.6357517808571
249.6357517808571
249.63563887555597
249.63563887555597
249.63563887555597
249.63994813153212
249.63994813153212
249.63978458106442
249.6403357580188
249.6403357580188
249.6403357580188
249.6403357580188
249.6403357580188
249.6403357580188
249.6403357580188
249.64385216753578
249.64385216753578
249.71970551552735
249.72397385792684
249.72562064788957
249.72616922026214
249.72679302191713
249.72679302191713
249.72679302191713
249.72679302191713
249.72679302191713
249.72679302191713
249.72679302191713
249.73286841986965
249.73608081919437
249.73608081919437
249.7358333638117
249.74295095239674
249.74295095239674
249.7428602155721
249.74269010570362
249.74269010570362
249.7467234761432
249.7492722324633
249.74708317765877
249.74686612649137
249.75318727117084
249.75347620850468
249.7507769461643
249.7504509316343
249.7504509316343
249.7504509316343
249.7504509316343
249.7504509316343
249.7504509316343
249.76373173160601
249.75719408330446
249.75907592544212
249.75922443199534
249.76254718718113
249.76264873188197
249.7621238915551
249.7658287845023
249.77566231865754
249.77680057708207
249.76758085500174
249.76758085500174
249.7734400082289
249.7734400082289
249.77843897117404
249.78215723720197
249.78493623186282
249.78553875961987
249.78195638376954
249.78195638376954
249.7928021074242
249.80061177277574
249.80071819382314
249.8065253462665
249.80833278337602
249.8069758518819
249.81026320018938
249.81050424460093
249.81050424460093
249.81048095933843
249.81048095933843
249.81354749552017
249.81568938566696
249.8164803039985
249.81709000036003
249.81774827153205
249.81774827153205
249.81774827153205
249.81774827153205
249.81774827153205
249.82408142447989
249.82408147438505
249.82475101895398
249.82453856461348
249.82453856461348
249.82453856461348
249.82453856461348
249.82453856461348
249.82453856461348
249.82453856461348
249.82941263038555
249.8293446058277
249.83092938974482
249.83268420971382
249.8390244357987
249.83937502811847
249.83392544302308
249.83392544302308
249.83392544302308
249.83684820374094
249.83952935342904
249.83952852259065
249.84220798768888
249.84421413430593
249.84421413430593
249.8460937749149
249.84602693891466
249.84602693891466
249.84602693891466
249.84602693891466
249.84602693891466
249.84602693891466
249.84602693891466
249.84602693891466
249.85295679380138
249.84675196655488
249.84675196655488
249.85551607885319
249.85642600564339
249.85662033300545
249.85676483321885
249.85676483321885
249.85676483321885
249.85676483321885
249.85676483321885
249.85676483321885
249.85676483321885
249.85676483321885
249.8614179090389
249.86209589423498
249.86191830436454
249.862031084903
249.862031084903
249.862031084903
249.862031084903
249.862031084903
249.862031084903
249.862031084903
249.862031084903
249.86536190870245
249.9232506589117
249.9250657148274
249.92285617584238
249.9180077399777
249.9180077399777
249.9180077399777
249.9180077399777
249.9180077399777
249.9180077399777
249.9180077399777
249.9180077399777
249.9232506589117
