with mode=0, handoff cost coefficient = 1.0
206.6096537217651
207.3616638406958
207.50552212976382
207.5434887831551
207.58499335385417
207.5813600494225
207.61879838274396
207.77157581929904
207.8025045160407
207.80243019761903
208.0304624579758
208.10057860411288
208.300252915842
208.42136797227587
208.41164658603918
208.40815484223194
208.69301841554247
208.66056006814574
208.74114208831546
208.83174011142913
208.88806325628798
208.89542889284263
208.93220247380492
208.90912613707627
208.94158947609995
208.94303037247798
208.98859366142773
208.99797023441613
209.0590135344306
209.05909609190533
209.1018486602939
209.12683046348727
209.5997592192515
209.86430624451984
209.891367900931
210.00863613134138
210.12055998332346
210.21274616780042
210.2124368309102
210.2121625196365
211.0261939041994
211.0295292358173
211.18869447341748
211.20562810550436
211.3256393474318
211.3224186445223
211.3224186445223
211.39519816537006
211.3825674869228
211.6479023672207
211.83849051976972
211.83849051976972
211.83862503262165
211.98401210219262
211.96024815365334
211.9603213815021
211.9903420285654
212.1693901356349
212.1692604195171
212.16926600070008
212.20387940660544
212.16925131867683
212.17235850707644
212.23035780980146
212.25244561623518
213.02550954452138
213.2610515206776
213.2565970448044
213.32193379131252
213.32188173323246
213.37920979366666
213.52233761762156
214.08850795662357
214.101822463916
214.1718188786799
214.2226898143698
214.2319058234133
214.23184649617966
214.3789740475118
215.09368679440658
215.09380664723622
215.09453955093946
215.13572203749982
215.1415547467028
215.473908162331
215.47446247020167
215.46871869524338
215.49995927146526
215.5078655879306
215.5078655879306
215.50794625562537
215.57413695767286
215.5735541170319
215.61289058800227
215.6057634789638
215.60624125138838
215.60624125138838
215.68658088581577
215.68892423963618
215.68892423963618
215.70033237342903
215.70026266812886
215.6846420378659
215.6902848439838
215.73043083326888
215.79514077415448
216.3943612936364
216.3943612936364
216.44625486910314
216.44625486910314
216.43205871720366
216.66341337699515
216.71181011977188
216.72568882463625
216.7784439176977
217.14812570784682
217.96887751976266
217.9750762823909
217.9488234376572
218.20578733095078
218.25745439505286
218.27272272969037
218.7196320113388
218.71687649642902
218.74972321233648
219.25665568893928
219.3300152623884
219.4819559382879
219.46224842196477
219.7532421502479
219.7910506708962
219.78555172800475
219.79254014393968
219.8084462643247
220.65607279269835
220.84022827280356
221.0466669733797
221.10043965567428
221.27486533062017
221.34952926975942
221.3581451149162
221.74223056254155
221.7341688279682
222.12756086409328
222.16905195244996
222.21409091535253
222.21428492416976
222.36448317322555
222.37550348250008
222.42873261857014
222.49566766582168
222.52678300543676
222.56179852631132
222.5356230051942
222.53686798227446
222.5370078604986
223.1937851632705
223.19205694581913
223.18711103885337
223.39009194253376
223.39686630301176
223.35015129559858
223.35015129559858
223.86160716099403
224.00627757031964
224.01649330173814
224.01649330173814
224.2088688572508
224.34051670869152
224.57500542924632
224.5710081679405
224.55573106083455
224.61699987296203
224.61699987296203
224.61105727237015
224.79743853702433
224.83063230490555
224.83461411088845
224.79539239975085
224.87861723647828
225.1052933722053
225.1159617721282
225.1159617721282
225.1159617721282
225.1159617721282
225.1480756737035
225.1487449992134
225.1793980429453
225.1588067440118
225.15502271100743
225.15492772517527
225.40054596075058
225.45297470499565
225.46480969548836
225.4945264988436
225.6365156000604
225.63652769073582
225.64449366550105
226.15712090999347
226.23714286780304
226.34658597566767
226.91727642484088
226.90145576709682
226.89235539035167
226.89235539035167
226.87339147556995
226.91727642484088
226.91724922119334
226.91730786747067
226.97677988585514
227.03865148373598
227.0399708569534
227.04739877726172
227.03240436458498
227.04200739115674
227.03782378318843
227.03786978057914
227.04739877726172
227.04855203831016
227.04605673212413
227.0421280360629
227.04212880509343
227.04329160593673
227.0516485438251
227.05423918793755
227.0572251875573
227.06603760989853
227.06603835818007
227.06895279474745
227.0720624882617
227.07204582044687
227.07528524615026
227.07528524615026
227.07533786957944
227.09476627292844
227.25931200969373
227.3835680274398
227.3835680274398
227.39401391056987
227.3935630512227
227.39658529082885
227.5513676728309
227.5819966472327
227.58323673165768
227.58745135679158
227.72670875225674
227.73170575330573
227.7365995262112
227.7739947575156
227.78914072771514
227.8069769859596
227.94760078395433
227.94822809911872
227.97953205325146
228.0139355028113
228.01191252948598
228.01217969570328
228.02596270311687
228.03009483895121
228.03013231165738
228.0377353935534
228.03679714080846
228.0384019706715
228.0397631649109
228.04407059858798
228.04409318207524
228.04482942002994
228.1312603013933
228.13127126463218
228.15473255246482
228.17148905413234
228.17942184784957
228.18474980900615
228.18435929107008
228.18905323845146
228.19071368450207
228.19454312396152
228.21235674837027
228.26512859186178
228.28218488449107
228.30036274478144
228.3003812846286
228.34526560545322
228.36680598035372
228.40515591270096
228.43224304065808
228.44353828066403
228.4555471144841
228.45804618902818
228.45943227871038
228.4694386243861
228.48273804613393
228.49310047616717
228.51868563737784
228.5264308126578
228.5979396881335
228.70920242001844
228.71009682640536
228.71413571626084
228.71434763445228
228.71443958002294
228.71671089929413
228.71400805811277
228.7141500766797
228.73503954208647
228.74452466981703
228.75432936391354
228.76140770984472
228.7595845467191
228.78920969026927
228.79267122817964
228.79385859538866
228.7937488722011
228.8011275558029
228.8339946376631
228.85318544524236
228.85690739053635
228.8794240772079
228.900166824152
228.8989799913498
228.9003283386562
228.9003781344417
228.9004110681188
228.89968918243378
228.8997311624469
228.91678806340752
228.91678806340752
228.96366650116585
228.96538398917144
228.97124636392385
228.97558229248523
228.97560655421324
228.97655914596817
228.98214466507784
228.9844169547164
228.9872841563106
228.99843749091653
229.00264736168666
229.00265735469716
229.04080481190513
229.0408247855432
229.04082799413484
229.04500284096568
229.04684178396226
229.04684178396226
229.1586275852216
229.16767110146168
229.17025597024065
229.18577871478976
229.1891442776469
229.1891442776469
229.23562471579157
229.2814774714975
229.28149388871827
229.28160869400398
229.28424391676901
229.29037624171414
229.35010618648414
229.39318135191456
229.39318135191456
229.40267089257253
229.42981304311354
229.46694643143934
229.4669764575009
229.46843158816938
229.46879712488834
229.48118407469826
229.48118407469826
229.48121127391653
229.48121127391653
229.48121127391653
229.48300233014203
229.48342687074904
229.5301013113919
229.53285659743636
229.53285659743636
229.62259877256855
229.6338175986255
229.63483203142758
229.63483203142758
229.6411018734844
229.6505618638708
229.6495143885595
229.677473323087
229.67912002003357
229.68054258788578
229.69696330427354
229.69695684901842
229.69802095358398
229.69802095358398
229.70419200278354
229.70494918542653
229.7230522696296
229.72860601718526
229.7289300531558
229.74999628332654
229.75819973793546
229.77092755150048
229.77240932326032
229.77432442291484
229.77432848743734
229.79214977872158
229.79183224318018
229.79183224318018
229.79477025219313
229.8647017197128
229.88338152335132
229.88338152335132
229.88338152335132
229.882784179745
229.88282368282563
229.88338152335132
229.88600802257292
229.88927600404202
229.88924435919324
229.88924435919324
229.89209823472152
229.89253661388443
229.90580638471084
229.90580638471084
229.90599087933953
229.90682140419432
229.90758901946742
229.91737516553536
229.93833397061638
229.95589369124286
229.95639040735114
229.96517831277237
229.97549535895013
229.97549535895013
229.9767200425544
229.99592996889817
230.0138634874835
230.01441020141237
230.01441020141237
230.01465472562955
230.01644233232224
230.0218452725424
230.0252088502914
230.02714004002686
230.0299558833756
230.03990047911103
230.03990047911103
230.04062245196153
230.04112175626605
230.05963443998604
230.05964902254595
230.05982606300782
230.06235520603
230.06444578044258
230.0658640574117
230.0669508310826
230.0671292872339
230.06847913852044
230.06871908043308
230.07339428102517
230.08271412278543
230.11006897781934
230.1102390790163
230.11023919215734
230.1162611350414
230.116316481262
230.11864679564528
230.11906328053087
230.11916087835883
230.15774561036378
230.20170043925012
230.20192226125462
230.2190237319648
230.23152007926214
230.24923350614787
230.31845836674069
230.35617825046245
230.36413675025904
230.3651761583526
230.36643539540455
230.3664410320879
230.37426605702086
230.38702717939026
230.38904856428354
230.38904856428354
230.41932276227573
230.41938486946333
230.41942498952926
230.447383024835
230.44966891195526
230.44966891195526
230.455669783825
230.455669783825
230.45603320563504
230.456038001798
230.45720167570857
230.47216657431426
230.47210446712666
230.47550030528805
230.47596706211283
230.50066762466167
230.50647910008723
230.5225040736255
230.5232748354227
230.533026680843
