with mode=1, handoff cost coefficient = 1.0
206.6096537217651
206.66183321862582
206.84814557676805
207.00263631994184
207.08828454214074
207.17952901685672
207.24046435581377
207.4331350184292
207.5418009645748
207.74531385536008
207.87938839344363
207.98618180917754
208.1579695040291
208.30209815521056
208.3680957532333
208.46770565633344
208.61645402805576
208.7073366181923
208.82146317148118
208.87179073252187
208.959595364204
209.0180277682356
209.07276218706463
209.1674662356087
209.26018088100045
209.32104355891352
209.47964152239857
209.55340792548506
209.62376430262916
209.687821495377
209.80785384279343
209.9449130562539
210.0779484880925
210.17543001802352
210.23510179334224
210.33423103429118
210.38453390125375
210.50343636073313
210.57012997038655
210.68239662816003
210.8053187255565
210.8488705462762
210.920718284919
210.965389309419
211.1065635129696
211.2418094200883
211.34995407751288
211.52556056486614
211.58805688032731
211.67488391656798
211.73565971698832
211.8506979069633
211.94726443862302
212.085942076852
212.20508120747766
212.22870667021527
212.36700419249158
212.38086262530214
212.4477163699995
212.54720984294997
212.6948039774324
212.89466195950237
212.98892466136135
213.0666997112152
213.21517145889774
213.369713342872
213.4056491016398
213.504870161634
213.63034744692666
213.7629126962931
213.85273839752355
214.01225015580127
214.05165912481672
214.0774591837924
214.2855145825912
214.38410594452557
214.39941329433532
214.49400535848105
214.6555445201676
214.79190624523943
214.87371801116473
214.94735954779128
215.01353082488902
215.23940667114198
215.2994640582401
215.34371028603243
215.43242593212523
215.54077559259386
215.57079400191955
215.84353534313541
215.98820520654277
216.13359898196921
216.19805292027257
216.3382093145978
216.46522891944994
216.49418372890696
216.5411885163015
216.60435171206436
216.7256045353455
216.79793133468627
216.83589683450973
216.8604539355574
216.95039529357229
217.07088539915668
217.19542616749806
217.2617964017126
217.3152747736649
217.3269329661081
217.38698092949278
217.46259596743462
217.631158460723
217.67568154418433
217.71366941346528
217.8003669916499
217.82426460206054
217.91540423185964
218.03428650446673
218.06528719472254
218.22902554800896
218.3300974208589
218.3605321520668
218.48483883340518
218.66708099175025
218.744420587661
218.778354915942
218.8345003653724
218.89655248360916
218.93635999482186
219.04179592868212
219.05175018277458
219.09541856215213
219.20734269801844
219.29122152473394
219.33323483302863
219.40212269134568
219.4561768785659
219.61519265224234
219.65566864914246
219.71464899267647
219.73485917709058
219.9320435855161
219.93963509770472
220.14098445237394
220.23991731877658
220.2713816850733
220.30603218793388
220.37074331849075
220.51609146408404
220.5917196251122
220.67411945085453
220.72354322114845
220.92053910927407
220.97952566624582
221.01108353921256
221.07824427191227
221.16797158665167
221.20025600142117
221.20933760312823
221.236504858637
221.28821948150753
221.46029340943542
221.58365399386273
221.64154971656893
221.73827633979855
221.7808952090003
221.9024203454885
221.9170062557497
222.05277497133082
222.1400173578833
222.18921125698782
222.32555267396435
222.4218569303036
222.58038098115546
222.64229893533894
222.64360736228164
222.71122987988974
222.77894610954175
222.8870992821353
223.1321407110643
223.28989204995528
223.3339731633701
223.4010741205397
223.47531433072683
223.49892669231687
223.50591310300842
223.57777548989705
223.61576887519306
223.6359262143027
223.71166035740475
223.71285709787705
223.8136264681879
223.85797043829874
223.91054647865883
223.96731771934515
224.09314934120601
224.15094252275392
224.21894736659954
224.2408130310319
224.26269150661892
224.33189651998367
224.42052328079058
224.49520559434444
224.49446321278276
224.6192317643167
224.65058698382498
224.6856442079254
224.72426454377197
224.7482817232038
224.90571410269615
224.99614794616846
225.10744815020885
225.21613091762933
225.23072419956299
225.24684813268559
225.30290694770179
225.3470533058169
225.36343252251035
225.454760403669
225.53612652066658
225.6222216951051
225.639808662659
225.65916297554543
225.6967478523585
225.71739592731547
225.7810958137912
225.82894368769297
225.9006870494237
225.9399308782929
226.01296767362578
226.04504425441934
226.15322762639155
226.16635347541137
226.18584046572295
226.19617234586607
226.24195054615063
226.2556560565617
226.2723172925866
226.3510056750137
226.53400524223858
226.60248818967344
226.62363866560494
226.6423809978273
226.76656613256458
226.77044556939174
226.78204067380824
226.8290064963048
226.83110673040466
226.83565961529774
226.99112838292461
227.0428436724071
227.0642466648508
227.1434836171619
227.16743748071374
227.25034271298603
227.38654666183737
227.39209951686004
227.43215117539577
227.47658209391
227.49043309485535
227.5100527065969
227.55791501864562
227.581395731503
227.61297115466525
227.61566356519512
227.65470645179764
227.7284783169346
227.76230381383905
227.81930295230416
227.88102533451638
227.91710207148398
227.92422028146805
227.97800842559855
228.04907219755316
228.06449273716274
228.09578620558605
228.11059479578614
228.15884789178574
228.19129207363392
228.27417742632474
228.27545119094998
228.49228462463762
228.52703208735886
228.5647154580028
228.70156514425344
228.71382931186395
228.7178224772773
228.76755027060943
228.80875888314858
228.81755406230073
228.8362678154731
228.8434721535954
228.8759212645203
228.97113610041524
228.99093692950035
228.99619734675224
228.99833146482962
229.04067379408988
229.11545598009386
229.19098978819565
229.3310022202987
229.35309385340418
229.37871574084926
229.41197099598648
229.41919185292164
229.47812428313415
229.4988696393582
229.57892460191044
229.58490683305584
229.65045659553996
229.67067667959094
229.71108375227277
229.7595975087144
229.76077380719974
229.85175104633416
229.96979562508994
230.0259980539996
230.069897895078
230.06578847858447
230.13667057817295
230.19324936569072
230.19871644344823
230.202571796706
230.24466634286657
230.2771709129801
230.2806397213934
230.27846603068264
230.28608014137765
230.30799310298892
230.3867588010523
230.4476040672835
230.54479609002203
230.59578677238278
230.63305817457518
230.7145603800666
230.7830906334191
230.8781227459863
230.91788754853965
230.97676180737255
230.99401029697833
231.05425763740158
231.13814691660417
231.15958444858774
231.16281218550526
231.21044091820693
231.2986474408741
231.35577133958077
231.50350617821283
231.5062395398
231.56352621415414
231.66232787636577
231.6832383012233
231.69858192576623
231.79917648430788
231.8097215701872
231.81178084928794
231.81870873968123
231.8289703831834
231.8886767747849
231.934418429819
231.9495347001003
231.95229607042677
231.96358979592978
231.98435963298226
232.09207536067504
232.13564770671823
232.16996882565803
232.203896415391
232.23143047288946
232.2822335537554
232.28845125954757
232.32746494931388
232.3285847271421
232.40261502246588
232.41030936057146
232.45340908810903
232.46038524053378
232.52618618284203
232.54915353291454
232.5595822452687
232.60624437275933
232.64031666369902
232.69909025069427
232.71202063869487
232.73716617150134
232.80946608662165
232.893159079451
232.9323590599994
232.941119403162
232.94698238055017
232.9626650537074
232.96689046443993
233.0665972092201
233.16879092850968
233.16792390941004
233.29635712295277
233.30418253449952
233.34191589923188
233.41959393943415
233.45806295332582
233.50808721538235
233.55723384692902
233.5702682785737
233.5672897805388
233.5891377711574
233.63415217905128
233.65738655799618
233.6689276628516
233.69410236218297
233.7648895001267
233.86387445105518
233.9163842465006
233.94098849665028
233.9968008714962
234.02733656677276
234.04538153099764
234.07660665879644
234.10676781363392
234.10847379514155
234.12150555396292
234.12413502059337
234.12880689721823
234.16987722157967
234.22425377619163
234.27428461788486
234.29735228799112
234.29262518070288
234.356846016868
234.38195631242155
234.38489989257565
234.4092961454771
234.40883282127325
234.40956119436552
234.4161196784464
234.4795457889737
234.4852370170403
234.5874959416701
234.63036786306833
234.78904123675565
234.78554124076885
234.8112050773284
234.81785245436953
234.85609736956127
234.89679392585646
234.95896367208704
235.12555803669727
235.14973849360058
235.14181396721312
235.18324259355708
235.21734569334646
235.23297799376593
235.26486648945078
235.32213817922366
235.37916471784533
235.38148565757666
235.3901117727465
235.38895836024022
235.4710471757184
235.524644934238
235.5554483724363
235.5682748083351
235.57476817601682
235.57870254179423
235.58134831752344
235.58606046018602
235.66459858657325
235.70691612389132
235.73822642090266
235.7519653658981
235.81616787099887
235.85999129584332
235.85170670970928
235.88649462690495
235.89661023763094
236.05150605695738
236.0725825014945
236.13023001710417
236.1684373630138
236.23042549499135
236.2811044972464
236.28275509626584
236.3147605284066
236.36483208948962
236.46688226552328
236.48646735159377
236.50502927173358
236.54046529347085
236.56321988744264
236.7065221173218
236.783528629076
236.80326820302824
236.87059278628564
236.91626901110013
236.914647405403
236.94549899252684
236.976798786726
237.02461221055188
237.07023223866406
237.1444416429294
237.1445448089153
237.21256059649767
237.30310843290195
