with mode=3, handoff cost coefficient = 1.0
206.6096537217651
207.1988240829294
207.2026932911499
207.72231341994356
208.1854624973739
208.18510597633872
208.29363851950754
208.5409774439469
209.96163201338965
210.20400307831045
210.28133405232944
210.43092424345258
211.0181528245414
211.18766932024596
211.26669847793562
211.5011537479046
211.9676588829663
211.96745932683717
212.90636836048498
212.90605461648636
212.90557090688338
213.3198616142691
213.31943524392864
213.31905908909476
213.4566382505452
213.4564069614094
213.45694250784106
213.49376454454665
213.85267319210882
213.91527618290925
213.91497042710887
213.94395288825487
214.18434144293968
214.18230690667014
214.30696631631002
214.32309261842477
214.43382899910222
214.86531786859595
215.31305250708073
215.3134023012472
215.31367315766587
215.51320385945493
215.5288020577484
215.66375333014378
215.66424280567946
215.6642839169935
215.73390129475388
215.73393517606956
215.6862211431596
215.68642222581494
215.70230487585764
215.72368327340936
215.72384996799298
215.72257549253192
215.72257549253192
216.20964761963359
216.26679229924108
216.27232869804223
216.31366353679974
216.31286251429228
216.31165367443433
216.31288310509663
216.3409034877944
216.34144862585347
217.30815007023526
217.394181554002
217.39359336990856
219.39469820408038
219.4512435711466
219.69394821038057
219.95261517864353
221.68192598715348
222.4328719575474
222.432498788445
222.58064392820197
222.76107451870368
222.7496603475497
223.00638178931857
224.0255766179993
224.07077611531736
224.28834310453843
224.35041318822974
225.43446529962344
225.56459643966295
225.90223656719556
225.90279221771158
225.94862399541165
225.98787523121453
225.96810666124125
226.1812085661882
226.3726539236971
226.8041004167823
226.86751742526317
226.86817457805708
227.19970946508133
227.3881296624455
227.4466283369237
227.47235056970513
227.49521952614475
227.5418793166043
227.7648671607245
227.7650526782957
227.75221482171455
227.92736752054088
228.53470628636916
228.89259713967238
229.03637869436105
229.03539646096985
229.3624013498389
230.00441162277033
230.0815124672251
230.11891980018007
230.11827716906092
230.40398946883246
230.8791167864527
230.89325417492785
231.08924613395675
231.16873209797254
231.43637019938373
231.61990337468862
231.67655055934208
231.71197795514072
231.72462222788275
231.7248026510979
231.8469065028455
231.87078868746306
231.85227490466318
231.9164550015049
231.92183822860113
232.5814499978892
232.62295884400217
232.63288385542054
232.6458743118336
232.70448536961936
232.74123723839864
232.74503946214136
232.74393084766476
232.78695022361674
232.78805294537645
233.13754103595755
233.3064192951357
233.36221898041765
233.40259669667668
233.40210859897158
233.42474450654353
233.5590529281375
233.64499724721398
233.65171867834553
233.65137442508828
233.69652248226782
233.80468514331025
234.3619566506188
234.36804017462882
234.36862188159176
234.38796782038628
234.41168343599026
234.41252552137453
234.4229342738781
234.42299355950323
234.48868160423154
234.49248264638663
234.51425530508385
234.57155372980753
234.57213911732708
234.57237123429456
234.5835639839425
234.5830269300327
234.5816797371864
234.58206910231928
234.5908747871363
234.5974869402103
234.60660616266742
234.7008411588491
234.7067031714154
234.70670106537054
234.7065845780791
234.72231804907025
234.72255951534405
234.7265875941824
234.737119890265
234.7375308280377
234.7570546047621
234.757365939808
234.7576349887241
234.75844617079335
234.75844617079335
234.75844617079335
234.8024342055763
234.80213734503778
234.81384399517358
234.81280876347475
234.8179240011178
234.81775018115954
234.8463886651064
234.89327998365886
234.95933520713905
234.96088679264292
234.95348867066124
234.95382955767056
234.95382955767056
234.9614104349586
234.96103289643744
234.96862132259142
234.96659830444182
234.9671680477179
234.9668146442124
234.97648331766558
234.98160466087583
234.98647504334284
234.99710872793602
234.99710872793602
234.9885533598163
234.9885533598163
234.9915129021053
234.99642398948032
235.01105303839427
235.0219235059236
235.04572723027437
235.04569372703924
235.04885224754653
235.0426160819626
235.0426160819626
235.0426160819626
235.04765882601762
235.04765882601762
235.04765882601762
235.04765882601762
235.0505543562367
235.05091311080724
235.0513987636127
235.0513987636127
235.0518181754241
235.0518181754241
235.05668266355235
235.06168204438666
235.06388540457348
235.0636829079043
235.0640738159086
235.0640738159086
235.23810040927071
235.23823716088611
235.24542729135143
235.24727969271476
235.2471085581617
235.2471776324012
235.2471776324012
235.2471776324012
235.2471776324012
235.2471776324012
235.2471776324012
235.2471776324012
235.2471776324012
235.2471776324012
235.2471776324012
235.2471776324012
235.2471776324012
235.2471776324012
235.24889811847925
235.2499939101039
235.25003157789385
235.3704883828344
235.37055281392398
235.37120512847463
235.37167754093414
235.37167754093414
235.3756302875125
235.37635068563466
235.3803393463978
235.3866604809216
235.39328915338882
235.39237964497698
235.39239828048306
235.39414532132312
235.4153473993638
235.41968107244313
235.42288740491796
235.42010207383584
235.41974563639099
235.56439893270831
235.57210307315341
235.57189399032129
235.5930063213911
235.59322162352296
235.59642501790918
235.5988217559927
235.60531759916043
235.59990596388684
235.60037320636567
235.60158625490587
235.60158625490587
235.60158625490587
235.6038932210885
235.6038932210885
235.6038932210885
235.60473814754047
235.60473814754047
235.60623157086113
235.61023158483385
235.61013654340712
235.61009740397049
235.61478876922007
235.62076135929613
235.62931307521336
235.63046437389949
235.64910716314063
235.64908279689587
235.64457793523337
235.6445526078661
235.6445526078661
235.6445526078661
235.77747067482935
235.77875797504188
235.7825015403266
235.7823533334315
235.78229115049294
235.78233587667214
235.78233587667214
235.80427157938828
235.80505594701305
235.80829881427837
235.8088151847682
235.8172539828082
235.822513879506
235.8222048737548
235.82372712104228
235.82363840891668
235.82363840891668
235.82363840891668
235.82363840891668
235.82848444174869
235.82867998255762
235.83982975900733
235.83923251072878
235.8392912411253
235.83911764625884
235.83911764625884
235.83911764625884
235.84379601866044
235.84382294417583
235.8437999191798
235.84360880870003
235.84360880870003
235.85003849975203
235.85022904019394
235.85262136498153
235.85312586744135
235.85364357661166
235.97525428859768
235.9753295800844
235.97508072253703
235.98233693241428
235.98604028916031
235.98926800566312
235.9891198386303
235.98906029371443
235.98911987219657
235.98911987219657
235.98911987219657
235.98911987219657
235.98911987219657
235.98911987219657
235.99488421726727
235.996054871889
235.99683435760028
235.99690373889285
235.99690373889285
235.99861632473636
236.00502235168432
236.0016029610254
236.0049003131066
236.00749972143024
236.00901558884692
236.00871738981579
236.01297958246178
236.01347132919588
236.01345904439498
236.0143317003182
236.25496782768246
236.26342899216274
236.26273585292836
236.26544041838508
236.26424705772564
236.26424705772564
236.26424705772564
236.26424705772564
236.26424705772564
236.2674030129932
236.26770959403882
236.26784519103592
236.2677179175156
236.2677179175156
236.2677179175156
236.2677179175156
236.2677179175156
236.2677179175156
236.2677179175156
236.2677179175156
236.2677179175156
236.2677179175156
236.27042732227852
236.27042732227852
236.27401312532092
236.2748498482578
236.2745676797912
236.29403902585565
236.29482442779377
236.2949706385156
236.29497082218452
236.29497082218452
236.29497082218452
236.29497082218452
236.29497082218452
236.29497082218452
236.29497082218452
236.29497082218452
236.29497082218452
236.29497082218452
236.29497082218452
236.29497082218452
236.29497082218452
236.29687698468533
236.29687698468533
236.29687698468533
236.29687698468533
236.29687698468533
236.29687698468533
236.30098964499385
236.2991514191589
236.312565865653
236.3127854886462
236.3092596464588
236.30952325458807
236.30952325458807
236.30952325458807
236.30952325458807
236.31297162617474
236.31542167752448
236.31531294072656
236.31541732090298
236.31561660481552
236.31561660481552
236.31561660481552
236.31561660481552
236.31561660481552
236.31561660481552
236.31561660481552
236.31914539085668
236.3210487033505
236.32227574521772
236.32235282767255
236.32220034564244
236.32220034564244
236.32220034564244
236.32220034564244
236.32220034564244
236.32220034564244
236.3258614458333
236.33002793000014
236.330383783305
236.33003009462
236.3300088619959
236.3300088619959
236.33426694403562
236.33426694403562
236.33453285652632
236.33439081314532
236.33439081314532
236.33727611021038
236.33757103093768
236.33745284688263
236.34105135680892
236.34341766357443
236.3436925592971
236.34379361665265
236.34377800611878
236.34377800611878
236.34377800611878
236.34377800611878
236.34377800611878
236.34377800611878
236.34377800611878
236.34377800611878
236.34377800611878
236.34377800611878
236.34377800611878
236.34377800611878
236.34377800611878
236.34940094221963
236.34929466473722
236.34872232871487
236.34815086020257
236.34815086020257
236.34815086020257
236.34815086020257
236.34815086020257
236.34815086020257
236.34815086020257
236.34815086020257
236.34815086020257
236.34815086020257
236.35325856440056
236.35352339190382
236.35065125662618
236.35367260402342
236.35367260402342
236.36120228976358
236.36190284459173
236.36207796017646
236.4156718498058
236.4158062588234
236.4198515438493
236.42027761416057
236.42425809888977
236.4226700135202
236.4285978157409
236.42869253252468
236.4305053191514
236.43620963741574
236.45177973740135
236.45179830017412
236.4491841041286
236.44883096282692
236.44883096282692
236.44883096282692
236.45147210082118
236.45192619049575
236.45816287891697
236.45836098336778
236.45830318878765
236.46132289871215
236.46145695012896
236.46336309932664
236.47718546735902
236.48002916680733
236.4798716030351
236.4796566960479
236.4796566960479
236.4796566960479
236.4796566960479
236.4796566960479
236.4796566960479
236.4796566960479
236.4796566960479
236.4796566960479
236.48002916680733
