with mode=3, handoff cost coefficient = 1.0
217.52893796957306
218.73545087596133
219.0156077155502
220.51658286153767
220.82531297424856
221.29615907215796
221.29953462054792
221.45558456660095
221.56230691959848
221.67454599403482
221.67446085870424
221.92929315413795
221.9290200708779
222.42384341628602
222.90784844572727
223.30269774315158
223.5742137460162
223.57405617869003
223.573855995538
223.77579966697758
223.79850215948915
224.2801812043482
224.33099997153707
224.38945183865616
224.38967617112607
224.5442694474618
224.9226335677124
224.99344007365593
225.11691216255124
225.11995692770088
225.1278723818012
225.1279791873583
225.2447060715746
225.24508691844073
225.28301283252645
225.26414515305586
225.26410804233925
225.36526602252994
225.3648948209641
226.44872130157697
226.44879373807083
226.44870872257707
227.1057070221401
227.12699148081742
227.1294999252172
227.90472219722716
228.20325181752528
228.20310601848084
228.32648522011044
228.37764487040027
228.37787233969723
228.38609384422122
228.4059069836156
228.4053057528268
228.4102922400346
228.68608072633816
228.70376757454017
228.69966864461242
228.69591990241855
228.71146236820263
228.99143354972475
229.17497292069217
229.21311167762752
229.28128810882058
229.64367647221272
229.71853446026483
230.060235522277
230.0645090871384
230.9035553489627
231.0335492783665
231.3517695455074
231.89781057852372
232.8458578442161
232.96872383524502
232.97060988864862
233.14318603367033
233.5057737295653
233.5276630944239
233.93139378308277
233.94454090154593
233.94453552699426
235.13177941446162
235.3222292931461
235.9411841820653
236.44214853562266
237.09530507073
237.10290064065666
237.38607770741388
237.4394839564828
237.53722713952348
237.53761779825385
237.62359400508907
238.15599645342516
238.1560200683625
238.2606303113158
238.34395302910085
238.96164394699403
239.17043249750725
239.23429192299915
239.391404792097
239.406666014939
239.47004140217928
239.47013319656864
239.63636136214126
239.64471925372243
240.38964916393985
240.38945139706013
240.3892143816903
240.4275377995206
240.46417452571134
240.47911560337639
240.47851491410657
240.549152646448
240.59779774914526
240.60308325227197
240.6233067115546
240.8392710813571
240.84086407284858
240.95573127403523
242.06531865662566
242.08345850770897
242.1047987536178
242.09749597536276
242.15581622702777
242.3374162980406
242.61107790714513
242.8557476563382
242.86674962848357
242.94856354441805
242.9687336108119
242.99158911412
243.02045455741555
243.14287059457268
243.130343366194
243.13534737734898
243.28226633934483
243.34382753677966
243.3429908249476
243.77696401362783
244.16961838085513
244.21379936852645
244.22224895998696
244.22237641367522
244.2289769282463
244.25413628331683
244.25435911253936
244.2616680173161
244.27320994959476
244.4638351761505
244.46921336565305
244.47349956983214
244.50556188076237
244.63308895640372
244.6924241437318
244.74488502117705
244.74307861696232
244.7434280121518
244.77291740357998
244.79789695772786
244.86680277034438
244.86845539526985
244.89706212343424
244.9019664691744
244.92022670243176
244.9098102794804
244.90992345660607
244.91111194488934
244.9229940102658
244.92849385196516
245.16528554255288
245.1653722495127
245.24858132228658
245.2482066462878
245.25082182180736
245.25045462827376
245.25045462827376
245.2519289363396
245.2519289363396
245.27096009365977
245.28556732860838
245.2924423675581
245.3487616994396
245.34860254494794
245.3512933255273
245.49865175465317
245.51046760804968
245.5144959524486
245.5544231879701
245.5581578049471
245.55946779973613
245.56752717869983
245.56765209688643
245.57334522190763
245.5733321009762
245.57498894029283
245.5751966477887
245.5751966477887
245.66637645294958
245.66227357547416
245.66235677050787
245.68029925958768
245.68079438283246
245.67801454635088
245.6831242866158
245.6831242866158
245.68410114808154
245.68416767158544
245.6916296006596
245.69587761267346
245.6995349178541
245.71824702608995
245.71782343074503
245.72357898417255
245.72914548402466
245.72911498732992
245.72971540638386
245.7294561800166
245.7294561800166
245.7294561800166
245.7294561800166
245.75067104665192
245.7501939881734
245.74780472293037
245.7502014774165
245.7502014774165
245.7502014774165
245.75062368168147
245.75062368168147
245.75062368168147
245.7621872909515
245.78575007444104
245.79098585367043
245.79731518163507
245.79727244008595
245.85926793401566
245.85938426448234
245.8602412806465
245.86343180324104
245.86451493839178
245.9297262480137
245.92895555663998
245.93252237151
245.931803714952
245.93488509786056
245.93998869005532
245.93998869005532
245.94001364480073
245.94001364480073
245.94417895392974
245.95891697840474
245.9589087857761
245.95988469613053
245.96220288076177
245.96216019665474
245.96966182358332
245.9694617245782
245.97055887958442
245.9829059999432
245.9829105815448
245.9858460590415
245.98575727573188
245.98574602841546
245.98595250626482
245.98595250626482
245.98595250626482
245.99542049998576
245.9953266468294
245.9965697479588
246.0000526717496
246.00011883956353
246.00578696453482
246.00791999138184
246.00791999138184
246.00797536427072
246.01210511163245
246.01224880613688
246.0301181146121
246.03256174007308
246.03243320883652
246.0289889325039
246.03383181020567
246.03383181020567
246.03383181020567
246.03230776645697
246.0545589940459
246.05937759440414
246.0626466620469
246.0627998963015
246.06485285224264
246.06489160425147
246.06489160425147
246.06489160425147
246.06489160425147
246.06489160425147
246.07122732290856
246.09482404473454
246.16878138004915
246.1688409340365
246.17061135192537
246.1728371875157
246.17298524826697
246.17296681313934
246.17296681313934
246.17296681313934
246.17296681313934
246.17296681313934
246.17716939241106
246.17701079897128
246.17563475397546
246.17789703530124
246.17789703530124
246.1872669086816
246.18765189712352
246.18660537539793
246.18659659682731
246.18659659682731
246.18659659682731
246.18659659682731
246.18659659682731
246.18659659682731
246.18659659682731
246.18659659682731
246.18659659682731
246.1954366535999
246.19485868009713
246.1998066900191
246.20084770263213
246.20437940066296
246.21186736586435
246.21066489939795
246.2070704317852
246.22704003399565
246.23559689062165
246.23661660148707
246.23921959433056
246.23781481946133
246.23781481946133
246.23953599408918
246.23953599408918
246.2436059616477
246.24360686183195
246.2431665245552
246.24306265588643
246.24306265588643
246.24306265588643
246.245841280577
246.24694297762144
246.24694297762144
246.24708592518317
246.2536099501572
246.25361085499492
246.25265184980145
246.25254953886096
246.25254953886096
246.25254953886096
246.25935378077483
246.25924955888797
246.26218002316585
246.26231589303802
246.26261770902457
246.2631150756227
246.2631150756227
246.2631150756227
246.2631150756227
246.2631150756227
246.2631150756227
246.2631150756227
246.2631150756227
246.2631150756227
246.2631150756227
246.2631150756227
246.2631150756227
246.2681102799765
246.26740499340997
246.26755449309144
246.27250314439144
246.27248094608296
246.33563980800545
246.342118643744
246.34210307669153
246.34579600083478
246.3541147282399
246.35394748265276
246.35407608436236
246.362839878586
246.3631378562128
246.3636442874095
246.3640509034201
246.3640509034201
246.37152589871675
246.37246742737216
246.38618449463132
246.4003230809386
246.40048831635417
246.40056348692238
246.40059424219348
246.40059424219348
246.46091233741234
246.46190654643308
246.46190767902638
246.46306272351725
246.47806155745934
246.47831885492084
246.4809677138224
246.48911538233975
246.48906323970678
246.48920990879
246.4892504053654
246.4892504053654
246.4934561184886
246.495706781483
246.49779784201297
246.49803049749204
246.50943889835835
246.51026724523362
246.51499627711115
246.51499434778256
246.51723005702982
246.5174780510669
246.51749871035594
246.51749871035594
246.51749871035594
246.51749871035594
246.51749871035594
246.51749871035594
246.51749871035594
246.51749871035594
246.51749871035594
246.51749871035594
246.52129912766895
246.5295302929221
246.52947124349768
246.53008039036908
246.5300791658799
246.53243568049353
246.53260453731738
246.53257997916617
246.53257997916617
246.53257997916617
246.53257997916617
246.53257997916617
246.53257997916617
246.53257997916617
246.53257997916617
246.53257997916617
246.53257997916617
246.53257997916617
246.53257997916617
246.53257997916617
246.53257997916617
246.53257997916617
246.53257997916617
246.53257997916617
246.53257997916617
246.53257997916617
246.53257997916617
246.53257997916617
246.53257997916617
246.53257997916617
246.53257997916617
246.53257997916617
246.53257997916617
246.53257997916617
246.53257997916617
246.53722694424152
246.5371928507231
246.53778646870052
246.5377379470254
246.5377379470254
246.5377379470254
246.5377379470254
246.5377379470254
246.5377379470254
246.5377379470254
246.5377379470254
246.5377379470254
246.5377379470254
246.5397938868643
246.54191388476903
246.54104432711713
246.54154810959832
246.54154810959832
246.54154810959832
246.54364430702432
246.54364430702432
246.54363615799403
246.54363615799403
246.54363615799403
246.54363615799403
246.54363615799403
246.54363615799403
246.54363615799403
246.54363615799403
246.54363615799403
246.54363615799403
246.54363615799403
246.54363615799403
246.54363615799403
246.54363615799403
246.54363615799403
246.54363615799403
246.54364430702432
