with mode=1, handoff cost coefficient = 1.0
217.52893796957306
217.70499568869536
217.93111494902752
218.02742280853022
218.2470745268184
218.4511618854913
218.51153574537202
218.6557040002703
218.79926896056506
218.8978205812066
218.99343414251922
219.04131344560852
219.22786397485743
219.35579614481256
219.45015157010099
219.69260129932994
219.81465146987142
219.8709038617523
220.03700748048868
220.2080383728088
220.27309027369807
220.41052733335385
220.61835433646758
220.68305041312172
220.75709341102672
220.8847534565806
221.0733747274567
221.23134748875742
221.34954504179618
221.42300019809377
221.54513081809216
221.58999944168198
221.67532792283254
221.70096373189605
221.7894796570125
221.97855129117445
222.12366591209985
222.30593990224588
222.36461067359875
222.4194505773766
222.45880347864448
222.53900807328293
222.6633166287383
222.77750345751116
222.8649719430155
222.9024238024938
223.01101255498907
223.09558052827717
223.14279599839952
223.27938340624993
223.39306075498286
223.46190296279087
223.62854645769306
223.7728331963241
223.86419692316494
223.97480556130338
224.07362656163477
224.23939902381508
224.28001229389668
224.31668635638803
224.43904627695113
224.67154020361863
224.7707998360796
224.8729456555659
224.95282733318203
225.17951688189518
225.31506813413554
225.49525795958087
225.59957689456684
225.76026405677374
225.90519246948108
226.05682447875998
226.15260227056456
226.2718225396084
226.4204079155858
226.63377238038987
226.68793384214615
226.77906287070851
226.95597045758873
227.03186591863133
227.10232865238444
227.2608550948639
227.32624024963778
227.35281774308086
227.38083576450555
227.5012906567208
227.61469657422074
227.74884318507014
227.7674981572099
227.88018706375107
228.0637780222544
228.09520323573875
228.29865431495824
228.44992054795858
228.47971328422187
228.6616064403802
228.76162342119198
228.82610692036152
228.87868169806683
228.98294743109815
229.04987679476284
229.13779094547968
229.2356710989168
229.30037319466018
229.48780022659184
229.54599790218646
229.67727582311142
229.76790394569997
229.7883866161958
229.90870381203
230.08189645584125
230.17379804819709
230.29628026793876
230.41831760185843
230.50323451940085
230.61323679789575
230.71019259365147
230.81418111488196
230.877746618402
230.87958938237736
230.9792308522664
231.06836254402188
231.14360573769474
231.27677850201795
231.32591150319666
231.3876103155797
231.3933778912576
231.46474448831742
231.56301327740067
231.68395650090156
231.8028050927361
231.84706012131537
231.9955991204826
232.04734186938248
232.09910946995126
232.1632822047805
232.18119420301736
232.23982545011683
232.27879557984772
232.35648190715014
232.500240480079
232.55981756706825
232.6190467598004
232.85083843477236
232.96107836856473
232.98602111310672
232.9958090282763
233.08128913459646
233.13445633555702
233.2150432005327
233.24553740617975
233.30040564838265
233.35355378397938
233.43924408480896
233.54010725963977
233.63095763004003
233.70665974472192
233.77740700080324
233.86201765044973
233.90439366238897
234.05618630898203
234.11140847371374
234.26530435699462
234.32285483951298
234.36785340274997
234.474424549495
234.56691333689142
234.62619665426305
234.68232809121577
234.69226040916132
234.69574502348942
234.84890405912037
234.9083050902221
234.99786855262468
235.00966901346504
235.03337548626598
235.07998666089384
235.11939532913874
235.17751497335814
235.25085194873407
235.28566840631672
235.38750918980875
235.40457406686423
235.49516152201937
235.62382672303644
235.63091833632654
235.6556570271986
235.72160169131442
235.75426832938592
235.82164279957703
235.92370328468652
235.93972558292305
236.0431939337518
236.11347691860567
236.19168524076807
236.31858857287256
236.45841510472727
236.51981680636825
236.54421239856126
236.5628349193592
236.61433766806158
236.62730239078277
236.73879894264354
236.80095110827907
236.856669378756
236.91384093781994
236.98395386260293
237.0718883084245
237.15476886310705
237.177790032142
237.1808896692513
237.32442463443465
237.3588772846684
237.36453644153656
237.41737175124038
237.50416030896633
237.53314657272523
237.60245777603654
237.67770371483132
237.70865436071034
237.7854614404429
237.81338605364408
237.8444384269003
237.9466784183309
238.1152754263956
238.15124853370367
238.16870843875512
238.283855149943
238.30761036715666
238.39515576423554
238.4973847414927
238.51148185337902
238.62189214275506
238.65724989481285
238.7326659679635
238.73714724147266
238.7433054594339
238.76361912325535
238.81765187561464
238.86893001983472
238.92190541093518
238.95313228966208
239.01935330483295
239.06240599282046
239.0707322440192
239.12516380974446
239.1922452412043
239.2278899764314
239.26479824937462
239.26424733448832
239.27364806892416
239.29638220130647
239.37927666909914
239.45016761623955
239.47185210418903
239.58920786944873
239.6627892278735
239.71379175214176
239.71760939116243
239.75478218250313
239.77462737500582
239.79834548776336
239.82884566385138
239.92054021551724
239.97566397308657
240.0659464302055
240.10994663014648
240.14751990833855
240.15721991340445
240.18236507962834
240.25248817783944
240.2821468787129
240.33056478059564
240.36280498590526
240.41477884555425
240.44476523296555
240.51215047169015
240.60070103643272
240.60132072308926
240.68569771841013
240.6863310601195
240.7246867919004
240.82574651082368
240.83066155163363
240.90358216054153
240.90485738103453
240.92532572589764
240.95599108517078
241.01482812579812
241.0395767298035
241.05262383788826
241.08781155704534
241.22294580200222
241.26974046767123
241.30024900872553
241.36473088684477
241.4580678235136
241.47082833127823
241.49823797730363
241.50065361740388
241.5418779294565
241.56983800488416
241.58943201449907
241.61726516183623
241.62947816195677
241.67764367366894
241.77599429898552
241.787912549532
241.79004501639866
241.8502833978315
241.85350738880012
241.8637748569845
241.88623661505792
241.89033975530972
241.9092308051903
241.92859435325312
241.9697107549579
241.98243714215735
242.01549211485687
242.10716059346205
242.17269440824055
242.2552351482887
242.27898702715905
242.37538317098222
242.43797083581623
242.4978715474502
242.53541306299294
242.615833058317
242.62747337238514
242.67799776945944
242.6980422256778
242.74876264214072
242.80459107482318
242.83629383654028
242.83842514937467
242.89265077092753
242.89536948756592
243.01400081535562
243.05668337389778
243.07533629683212
243.1006643643213
243.1257559702441
243.22111593350027
243.23121104978077
243.32855120346235
243.34215543081717
243.40107243263785
243.43188243711094
243.43549619474715
243.43629672802422
243.50356498150225
243.50867834835546
243.52088295622244
243.57503174650356
243.62665504148674
243.71382181263598
243.71900776737348
243.7913970042168
243.86118326742383
243.90151035909946
243.98682708650648
244.01758880566993
244.05118639117114
244.11903328234067
244.15720081123362
244.1657394709652
244.1766800578862
244.31043613706552
244.31584733517374
244.30820908929743
244.35214278637196
244.40811454513522
244.49897542286817
244.49831685104704
244.51808132198005
244.5918131270308
244.64001931636918
244.69523674596823
244.72438532569345
244.73024211803258
244.75629382041802
244.782435267047
244.79292152961935
244.84200542102968
244.87327315531388
244.87539048326383
244.90451971926103
244.9048868258286
245.0493336149884
245.0645323346223
245.0920301728326
245.11975264760497
245.15212214515293
245.20043207349974
245.22363272890456
245.29088696871585
245.30323823268674
245.33256361926965
245.38791669350223
245.38770595198957
245.41308665142355
245.49251893966095
245.49111468415077
245.51816951674124
245.5461575918663
245.54480076283954
245.5570602927549
245.5742355671768
245.62221956198658
245.68932042471857
245.6952206051667
245.69029879434785
245.70373783280044
245.7006985318388
245.79703964829093
245.85717929716827
245.8793350818691
245.8858319650712
245.88844298700658
245.8830008488044
245.92265879745327
245.93785652932993
245.98886923977292
246.0175233317135
246.0793173324881
246.10876903613797
246.18314545457457
246.24947241312302
246.25302142131326
246.3105658294326
246.30846589354158
246.33674667749406
246.38598809549396
246.38031621261828
246.41966674994782
246.45169393261315
246.48257034793338
246.4842718065226
246.54234891007326
246.54027773531908
246.6698057801044
246.70811884840197
246.7391032804876
246.75734898813784
246.80892135196012
246.8154298891895
246.8406357380578
246.8957902990936
246.9928392280417
247.01505772088686
247.1040553803103
247.1130556842671
247.16100484890703
247.15059857785857
247.25515342211943
247.33731556009008
247.36693756886427
247.3664299807416
247.37502419745942
247.46240244221414
247.45952365966886
247.45939423960573
247.4827352186015
247.50048542981915
247.5137265921328
247.51889665098713
247.55791116117166
247.6189243538459
247.63754389214887
247.6745085040614
247.69129737298374
247.70535024229275
247.73748505542832
247.74431329107438
247.83216389747196
247.89398555534018
247.9248756745966
247.9278281182471
247.96912876455607
247.9702266864542
248.09353819931272
248.10402150339942
248.12673299114147
248.22226814487982
248.24758909425054
248.28422816743893
248.29774257007782
248.35744218317905
248.3593932858778
248.4477137557337
248.5003941188866
248.52870317503334
248.5335726558578
248.53476823457743
248.57188973423345
248.57651039608675
248.59677417819836
248.67157868555967
248.7359533760794
248.74557670981295
248.7594000122165
