with mode=0, handoff cost coefficient = 1.0
217.52893796957306
218.22325425501526
218.28931181083226
218.31654949951513
218.43976566627668
218.4619246882618
218.46139140106598
218.45925763266885
218.5243678669023
218.71658512306996
218.80179171545305
218.80829867539262
219.48554422033874
219.55579628565815
219.53633396526106
219.62203309957053
219.61589768135372
219.61931473315028
219.61121269582145
219.61931473315028
220.22714866667843
220.22672865275334
220.68984317772862
220.72354802227179
220.95297707171648
220.97442296131987
220.97410138677003
221.35697520682297
221.42262455596395
221.53547302027533
221.5483628933299
221.78265726558743
222.3367723312119
222.33216466112899
222.40734734631903
222.40457290933463
222.51650394836005
222.49464774823358
222.51808040896157
222.60974676269413
222.6306160174614
222.9486343109276
222.9244196551901
222.9778918634472
222.99108919657417
223.04670990898896
223.015971864227
223.01496528970992
223.02068501252296
223.03840037228773
223.04670990898896
223.24923448418573
223.24960263112175
223.41038366826683
223.4142701712248
223.44612424639726
223.67995853262755
223.72370191798984
223.75474778277368
223.9363599143533
223.93962229565054
224.04993033477564
224.28117625944546
224.3771160815069
224.52808632878313
224.6910514323846
224.69064167029182
224.6911568110761
224.7590499463259
224.7590690506085
224.75911867995728
224.7596499817679
224.791247436891
224.8437429719503
224.8447482886694
224.84589787243368
224.97491066668897
225.00385310669347
225.00386132570117
225.00390238701166
224.9956937907762
225.05216763559744
225.0573961429528
225.0573448979832
225.05552291068116
225.34062621780305
225.3406340352762
225.34190270828805
225.343621319263
225.45383586129415
225.45413728726172
225.4667338955343
225.51288383999335
225.6334144981265
225.72436640119426
225.73866644927196
225.75182949260173
225.75255860569237
225.76615721968093
225.78811115384528
225.7913610633223
225.88836261808902
226.0396184351491
226.34839570365568
226.39325888225986
226.5694212316806
226.5694331345385
226.56967872550857
226.5834120479333
226.8710306382359
227.0876295123837
227.0983393982207
227.10677782822162
227.1145407072689
227.1425596482894
227.15123463510966
227.15310976176787
227.14396918240587
227.13352614604423
227.2943516329066
227.3220316442125
227.36285490565837
227.36285546656993
227.64472587020052
227.75192319118025
227.7519257251627
227.8000411483052
227.8264432789607
227.8517847209614
227.9562585164844
227.95761977531788
228.16957216552856
228.38903158400723
228.42210865963133
228.42208776014704
228.42300239117708
228.63057816334182
228.63407413981062
228.6458951664295
228.69984653732027
228.92950862912957
228.95506576799963
228.9601302644326
228.96307244414268
228.96308226876528
228.98781068583014
229.04639319016775
229.32318804042518
229.40305655512014
229.40908888525917
229.41515901867277
229.48278043621025
229.49469829678938
229.52101609624475
229.5424835245844
229.55567534478007
229.62530389589836
229.67175724335533
229.83988593535344
229.8935992539724
229.9702382251353
230.0836077350786
230.0836077350786
230.11191437272586
230.11432078816952
230.16750732418595
230.2118441653155
230.2119040205698
230.2118596596849
230.21343902059428
230.21341781537197
230.2589364315981
230.3268788813965
230.37590129112235
230.42654392407323
230.4511233896339
230.4830127366535
230.48301553037265
230.52848038906166
230.55087729825038
230.56522865707274
230.5698588367854
230.5697532881826
230.55937217342557
230.63228116583093
230.73047946298817
230.7425579050959
230.75919425611733
230.99268214565393
230.9936599177007
230.9936599177007
230.99379309183064
231.00534890790578
231.0705879249648
231.07125819967092
231.07418036645268
231.09382620612288
231.11558349986998
231.1643094363538
231.20437577505754
231.20512860378398
231.2065435753494
231.2075277975791
231.2089908207294
231.2733909550823
231.40079046873515
231.41981148439865
231.44619560947623
231.45811926544852
231.47443221579633
231.70302479885024
231.71846138772082
231.74096246461554
231.84111309768875
231.84115967420223
231.8658557563433
231.8667134616696
231.8667134616696
231.87190478612683
232.0471428462678
232.05632431290064
232.21423308887884
232.25227446202157
232.31581637548965
232.35061260893676
232.35421383849237
232.3572184420353
232.3576315212533
232.377809066908
232.41318628786462
232.41435946150756
232.49445649998722
232.56624626067477
232.54039184457633
232.5868325352088
232.58683314502545
232.60515644979046
232.65750345843026
232.6722760552995
232.83500572157476
232.86344538306554
232.8807921959022
232.87451421804542
232.91382030277506
233.15971261297548
233.15959810420756
233.15898974651677
233.3676788638939
233.3676788638939
233.42201578465438
233.42205525744606
233.42778786499807
233.42852606612124
233.42800443332976
233.6204179658712
233.6437371901347
233.64557174645185
233.64557174645185
233.66237258083174
233.71029347067912
233.73415121226208
233.75824231572437
233.86815032021357
233.8681565955082
233.96494640042707
234.1054404378198
234.1054404378198
234.11010346662096
234.1025616001933
234.1636626239016
234.18715491328726
234.18737774207585
234.1868404340145
234.19569372787802
234.222127436737
234.23741921996785
234.2801073522513
234.29588553552492
234.350228566047
234.4255264988181
234.5473437484627
234.5473437484627
234.5473437484627
234.5466872922596
234.56486958859733
234.73517256380293
234.76020069166506
234.77607011934515
234.7748439262637
234.77583525349667
234.75789449126103
234.96111727049143
235.069254375973
235.07686069560586
235.07683222506265
235.07695270020687
235.07695270020687
235.11568987960194
235.11617265939938
235.11606623926767
235.14636178652395
235.1727616929716
235.19645168879615
235.21623173661249
235.38522624674175
235.3845908838274
235.42063454436692
235.42063454436692
235.62861251019197
235.78792485408914
235.7879139615288
235.81758198020702
235.82334684788128
235.8291165034883
235.82925440675473
236.01101491547007
236.02806352673468
236.02969247073702
236.089812187503
236.08932921320357
236.15738323092856
236.18962797730518
236.18722793633404
236.216837418796
236.22656428887126
236.2257110160723
236.24171845482599
236.24931312764537
236.27674503025943
236.27607045475955
236.3032482586761
236.3032493032769
236.30328411782367
236.40846551974929
236.40846551974929
236.40834096770206
236.40834096770206
236.4162908291736
236.4169092908156
236.41266157233187
236.41266157233187
236.48905172044934
236.49458064336466
236.65939916189652
236.70830749952842
236.70830749952842
236.70481626655678
236.93086074211206
236.93105400499664
237.01778217526248
237.19825888922762
237.20181082663402
237.29024320601312
237.29141429983022
237.27760829131648
237.27845124011344
237.27324238966744
237.29723335089847
237.37111998212004
237.3927851379256
237.53593687569236
237.5803283558647
237.5817929939184
237.5823258591262
237.58311560609476
237.58805848678662
237.8407086794793
237.84149115511576
237.85668143040775
237.87268528464216
237.88179436652536
237.88179436652536
237.9096097726321
237.91465840613182
237.91465840613182
237.91633789733567
237.92029701381017
237.92029701381017
237.920497199542
238.08606620041036
238.12230486171114
238.20278892044254
238.20257449052224
238.20257449052224
238.21789566790127
238.21789566790127
238.21799746368822
238.2368990105624
238.30103662201182
238.3039285635839
238.31012317152155
238.36329713117405
238.36001643897387
238.38112993426432
238.3844106264645
238.38370173621138
238.38344577982085
238.5104943500031
238.57329793977766
238.58462644599152
238.58129835801267
238.58470646114336
238.58470646114336
238.6019831517204
238.6032005224945
238.60320278803385
238.6006900877383
238.6028459817463
238.61326263718684
238.71378791713093
238.7282161265062
238.86666658468528
238.88694379127867
238.89579156486434
238.90123396200693
238.90191409263525
238.96336270644952
239.01017455975244
239.01027728150063
239.02261176236334
239.02119143400188
239.10950859201483
239.14108851950527
239.14108851950527
239.13978572413083
239.25849360969985
239.25727073468934
239.2548518244179
239.2548518244179
239.24605855750806
239.25849360969985
239.25947892658027
239.2616372375903
239.26163650855264
239.2641823942131
239.31912615237837
239.34102599663805
239.34134138250243
239.34172403122284
239.4411833126706
239.4443906158411
239.44281799619984
239.44298034755298
239.47338627531116
239.47368851362612
239.48000348786752
239.58002121600606
239.59624916218075
239.59624916218075
239.59647976643362
239.59804451788284
239.59810176739398
239.61406511959467
239.63225565656543
239.67961506988146
239.67993422197716
239.68030216807324
239.7162230635944
239.73711223941635
239.73750408039024
239.7376659793448
239.76227664391217
239.76227664391217
239.76291513062318
239.83224479474993
239.83381577114255
239.83422010969628
239.8891453293507
239.8891453293507
239.89607043955561
239.89625063079347
239.90034431071186
239.94912212092353
239.97132453331164
239.98249228251595
240.03101147414236
240.03198295571883
240.03191756139785
240.06314065715299
240.06315225100803
240.06315320125788
240.06315320125788
240.0637407557179
240.06408312924918
240.06408312924918
240.0644373825873
240.0644373825873
240.0644373825873
240.06524087927045
240.10234512802396
240.1195944827848
240.1196603030246
240.1661938543432
240.16677936065537
240.17892242727925
240.17892242727925
240.17892126727924
240.18216878921794
240.23323192596916
240.2337694733456
240.23487504012928
