with mode=3, handoff cost coefficient = 1.0
175.06487558035948
175.43609920904962
175.90871510259674
176.56017668398712
176.95967115822074
177.79587928785864
178.51870688421164
178.80616530969996
178.96121460922484
179.12889139928066
179.24283024598026
179.24283024598026
179.2983300802162
179.2983300802162
179.7235345572925
179.78608302312557
180.24378295077747
180.50910722593744
180.5081955485385
180.80514527757376
180.80524800191816
180.94459416320055
181.094095176137
181.0941288709381
181.11787179045209
181.1180683654611
181.1244993004402
181.35269857213603
181.3555057222839
181.35544874761328
181.35530950723856
181.35537223602608
181.35537223602608
181.35537223602608
181.6334194516014
181.89030775432224
182.0110856671006
182.61048579981727
183.43556823435628
183.50524519312373
183.53976928099664
183.6987602661039
183.6987939626739
183.702646513419
183.70659116550618
183.70659116550618
183.70911121057156
183.70911121057156
183.70916307037228
183.725305920751
183.84829044147295
183.84831141891934
184.62572167920817
185.16957150135633
185.2288424274022
185.22839281780435
185.2635144318652
185.26533097154828
185.3393034331744
185.339100657049
185.44429911515428
185.44429911515428
185.50136495020155
185.4874613852222
186.45174512764717
186.7127596951618
187.23083326400487
187.28642921154773
187.767019978748
188.2331750766666
188.61642820006577
189.21779512995167
189.50995738172466
189.56614126694615
189.73038987408555
189.73423568154033
189.7864624320952
190.5521090498471
190.55218124728432
190.9560393735662
191.13967653227797
191.20686471745688
191.32844229109452
191.39222058798774
191.4673807429185
191.71483929801553
191.8756547402856
191.92234720959723
192.58727899473524
192.596055051645
192.7360052434603
192.81629897858045
192.81596538464385
192.88467684186713
192.96204830108965
193.44785095054223
193.80425142790602
193.84738957954008
194.32362124392293
194.38884027204315
194.42800706141273
194.486874277194
194.58145962995877
194.6922690430266
194.74154310530324
194.95450288568196
194.9546278292625
194.95557002295894
194.95970943836696
194.98724765243253
195.3461519646416
195.36651454833233
195.40855361407577
195.40835624328238
195.4100508816978
195.41125663844713
195.41129486171016
195.41164095564147
195.41164095564147
195.45990322125417
195.46955047226018
195.4701383275619
195.51023543208046
195.51596835059024
195.5422769262967
195.54191702126863
195.54183358149638
195.54126259218634
195.54126259218634
195.76773378961352
195.80045391272108
195.8604916120629
195.8607091755846
196.20508694610572
196.22223065927852
196.2991087575792
196.36166414366235
196.36173104050604
196.36731267857388
196.36746612568825
196.37102072932112
196.39304498127368
196.48450655977757
196.54760527891213
196.54772347001725
196.5524484457808
196.64084022199512
196.640756826014
196.63251537569852
196.632529680206
196.88553716481118
196.89214522655925
196.99576484819733
196.99624307444702
197.00243820326307
197.00856138471136
197.06853688030793
197.06853688030793
197.07636592423637
197.08117544525155
197.08071421970396
197.08071421970396
197.08063044490973
197.08422767428567
197.12074327236002
197.12480088666672
197.4226838762569
197.4265933923096
197.42688259615437
197.43306627964043
197.44619859565674
197.45804273412375
197.458300495393
197.47457650152717
197.47396219451153
197.4740537676718
197.47469000384325
197.47883316770543
197.48780672827198
197.48920178491366
197.48783679314334
197.48798062851907
197.53307372675206
197.5330300881791
197.53185522173723
197.5557580516563
197.69222881223828
197.6926319685554
197.69510835060265
197.74251994364897
197.74269315287367
197.74229825858836
197.7424203038628
197.7424203038628
197.7424203038628
197.82848554048758
197.8746551647072
197.90590029230054
197.95178864692912
197.95191766083985
197.95193476597814
197.9502814013679
197.95342031536606
197.95714509754666
197.95714509754666
197.9573847960451
197.96866710583953
197.9687685180989
197.9807155846538
197.9807155846538
197.9832596591074
198.02240466436172
198.01118637619027
198.00744905079944
198.01066095439134
198.0188407133502
198.02208333050697
198.0153178025012
198.01692296951666
198.01692296951666
198.01949658918488
198.0193925175399
198.05213307893592
198.05581512934634
198.05577931597
198.05577931597
198.05868094920294
198.06632308484788
198.06628962204115
198.1712895946696
198.17928709082605
198.17936476251697
198.2098681778171
198.21142956420542
198.21286708853617
198.21260791754898
198.2139959492187
198.21672896113506
198.22940090684978
198.22510238542105
198.22507983820415
198.22460442022188
198.23356241984087
198.23352000832145
198.23352000832145
198.2491562712
198.24916778934
198.24104346365164
198.24097979058624
198.24314014659132
198.24314014659132
198.32063594250207
198.3221069014405
198.32357917502623
198.3520051640757
198.35308447832355
198.4368923979165
198.45338422547496
198.4561467797579
198.4690886113408
198.47001911172399
198.47206397286652
198.4659697056376
198.54283624426913
198.54183131304137
198.56583408695533
198.57503521103516
198.57491080255784
198.5818185231718
198.58187839356043
198.58186232527768
198.58186232527768
198.58186232527768
198.59711704687257
198.59470165625518
198.59132404925413
198.5951767039512
198.5951767039512
198.60179438744296
198.60333874844898
198.60342231130025
198.60339031848716
198.6048872055082
198.6048872055082
198.6048872055082
198.6048872055082
198.60895095014894
198.6089910189794
198.60955108599248
198.60904192721893
198.60904192721893
198.60904192721893
198.60904192721893
198.60904192721893
198.6118997609229
198.611898287871
198.611898287871
198.6124731673625
198.61800400476966
198.62473856149876
198.6247761680877
198.61990862151694
198.62510887580632
198.62510887580632
198.62510887580632
198.62509289980136
198.6272178350619
198.6272178350619
198.64452075873405
198.6445515655573
198.6457058945849
198.6505277397985
198.65062920855914
198.65061698140758
198.65631693439232
198.67797954246845
198.67845515553165
198.6784036674831
198.67299250369678
198.67299250369678
198.67299250369678
198.68714410711362
198.67637537850715
198.67839426836315
198.67839426836315
198.67839426836315
198.6789832435315
198.68271908990857
198.68937298807634
198.691110805765
198.69105900439627
198.69118058357577
198.69400362403326
198.69401403681672
198.69407094226437
198.69563805042253
198.69563805042253
198.69563805042253
198.69563805042253
198.69563805042253
198.69563805042253
198.69563805042253
198.69563805042253
198.7024460674134
198.70396055321993
198.70477263662377
198.70255769431458
198.70255769431458
198.70255769431458
198.70255769431458
198.70255769431458
198.70950874530655
198.7110766824943
198.71330817066752
198.71637555941237
198.71433635429514
198.71580351676943
198.72428994453776
198.7213791470387
198.72131070695383
198.72353398677245
198.72353398677245
198.72944035857597
198.72944035857597
198.730281781214
198.73164959639024
198.7329380764828
198.7362847588842
198.7361144085549
198.7360094266905
198.7360094266905
198.7360094266905
198.7360094266905
198.7592560958563
198.76089294651825
198.76083876312651
198.75736774242182
198.75736774242182
198.75736774242182
198.75736774242182
198.75736774242182
198.76063414190605
198.76063414190605
198.76063414190605
198.76065057013244
198.76065057013244
198.76065057013244
198.76065057013244
198.76065057013244
198.76412133511343
198.76389615446772
198.76472829472652
198.76521984670654
198.76521984670654
198.76521984670654
198.76521984670654
198.77324681970603
198.77324618755136
198.7733466678061
198.77366095417955
198.77366095417955
198.77366095417955
198.77366095417955
198.77366095417955
198.77366095417955
198.77366095417955
198.77640041718303
198.77694253928414
198.77848324198064
198.78095266195479
198.7872070050844
198.78718850221875
198.78460710869317
198.78382017301342
198.78382017301342
198.79301153109785
198.79141075418542
198.79277552404662
198.795529499195
198.79610536564266
198.7952007806306
198.80377334503456
198.80552194518972
198.8036670604703
198.80448464472371
198.80703897963951
198.80703897963951
198.80708256481051
198.80708256481051
198.80708256481051
198.8084310074
198.8097441897965
198.80916900694652
198.80915702692957
198.80915702692957
198.8114520049199
198.81169941408922
198.81180426404833
198.81183749715288
198.81308280804348
198.81308280804348
198.81308280804348
198.81506681040025
198.81778379533702
198.822473807125
198.82258097456767
198.81942524565446
198.82356033138802
198.82356033138802
198.82976773984873
198.82979616017738
198.82993384379571
198.8315488683576
198.83698578894231
198.83542995253148
198.83592809988548
198.83591590279755
198.83591590279755
198.83591590279755
198.83591590279755
198.83591590279755
198.83591590279755
198.83591590279755
198.83591590279755
198.83591590279755
198.83591590279755
198.83591590279755
198.83591590279755
198.83591590279755
198.83591590279755
198.844306691279
198.84614898832447
198.8463737371058
198.84640901417902
198.84879580064506
198.8488674515946
198.85021733831522
198.8502538206799
198.86019734012257
198.86020248862076
198.86021070072786
198.86139157259632
198.86139157259632
198.86139157259632
198.86139157259632
198.86139157259632
198.86300793100986
198.86298686557592
198.86316355941798
198.86316355941798
198.86316355941798
198.8664622182185
198.8664656996457
198.8660839693642
198.8660839693642
198.8660839693642
198.8757459678718
198.8755657318212
198.87564352898283
198.87712342490613
198.87811773902658
198.87811773902658
198.87811773902658
198.87811773902658
198.87811773902658
198.87811773902658
198.87811773902658
198.87811773902658
