with mode=0, handoff cost coefficient = 1.0
175.06487558035948
175.35239183969995
175.71020162746186
175.7805113142555
175.84518671086016
175.96833130341759
176.3473931224128
176.54418117862105
176.68953112944848
176.71074425699135
176.73233450236523
176.732245285594
177.01455059063028
177.32716569742948
177.38421854478995
177.3828083489391
177.45321454532012
177.45383454513996
177.4548096522799
177.46881590939515
177.46881590939515
177.46881590939515
177.59930998310026
177.58566734443338
177.58567004652258
177.57648026566594
177.59469543884052
177.8097409429899
177.91558091854364
177.9237706389283
178.01369263460617
178.04382627683808
178.18053067057795
178.18025068674507
178.21281096779765
178.21302834603168
178.2638975223721
178.26351182549672
178.26347467356905
178.26610846728465
178.26610846728465
178.5816445186528
178.71057475742353
178.71405148669754
178.79705352075172
178.8102365677997
179.0912316683144
179.18687285962346
179.2541175432816
179.50931082441713
179.50866060033354
179.51027692059256
179.64749073209106
179.74341878452736
179.97896053086862
179.97896053086862
180.00006777847136
180.04778678131737
180.04778678131737
180.09851043703722
180.09707192063684
180.2569553141319
180.2158587181486
180.22250061705964
180.36211814954422
180.4658330659164
180.4658330659164
180.47039540574005
180.4943982107783
180.67884712938252
180.85909153658287
180.85909153658287
180.85909153658287
180.93381440073426
181.05931332998404
181.16215900361348
181.52680934238256
181.52491044849634
181.5277335909584
181.68648480645507
181.69568327052016
181.70858066098927
181.92953635407108
181.93398902351228
182.219110492381
182.2545033132003
182.339924328074
182.39577119732098
182.41056284483477
182.6155721728195
182.61557437123165
182.64194977065154
182.64297405542447
182.64464042881838
182.64464214158244
182.64397408910446
182.62890987642345
182.63059928411877
182.67840949662894
182.87995996611335
182.8800066073866
182.88020062484813
182.86501639298137
182.98929876536388
182.99101617099544
182.99109991874403
183.00943936235615
183.02138790519035
183.00780730644252
183.00780730644252
183.03326470096255
183.0333004276335
183.11294140923346
183.20102475995733
183.52491140286168
183.6965550809521
183.84100854668836
183.8410188790559
183.87546800560446
184.0573877495612
184.12981596461498
184.24650788629066
184.24649652693756
184.2476598240922
184.2476598240922
184.26677408865845
184.2641757850105
184.2649657598037
184.30309619225295
184.30248946356906
184.29921023366325
184.29921023366325
184.29966692146348
184.30309619225295
184.3245534396583
184.34277044680994
184.3478229141352
184.34771197386252
184.41812894535838
184.42745881198735
184.59329975975209
184.59279076754032
184.64737542907443
184.6494965088672
184.65749342635954
184.6651001278633
184.66872730017
184.67098864598532
184.67309190693513
184.67309190693513
184.79135599434917
184.79135083504931
184.7913710757483
184.7913900603131
184.79138368317507
184.7914525320454
184.79436038130262
184.96238026593733
184.9694883651634
184.969254609718
184.98177428135708
185.08909333436927
185.092672049649
185.1986833994474
185.3773300862066
185.37126380269459
185.56731065317666
185.58986952017597
185.59686693081295
185.5971046404938
185.61433040630817
185.6276978365035
185.66383213653023
185.66383213653023
185.67098523878445
185.6752109900674
185.68953906126234
185.6901509049041
185.76628176210443
185.82053171925867
185.88377506846933
185.94368411403025
186.0449121173463
186.03973532989596
186.06497083698403
186.07296336868828
186.141072102668
186.25306133338668
186.32666267299
186.31930111600727
186.3192147147171
186.32416041610475
186.32406991842495
186.32666267299
186.32666937103866
186.36896036221376
186.3816792293287
186.38483907446619
186.38597106849153
186.40012032152953
186.40029772467
186.40038361632702
186.4003854428962
186.40027796941212
186.4015188548679
186.43771734874224
186.44062806605734
186.44074592022474
186.43988103105715
186.51329279314785
186.59542513915022
186.59567694496894
186.67615852754426
186.69072107543928
186.7320169765764
186.73208901494854
186.73313223048467
186.73293913190395
186.73336628636844
186.73363282410105
186.7336350406418
186.73856224191303
186.74603125790344
186.75106314900728
186.8232393228614
186.83383213160505
186.83381431060718
186.8464021315404
186.8469425977015
186.84783758451636
186.90606919114697
186.90902971629862
186.91115356546163
186.91081771202295
186.91055319747954
186.91497893235683
186.96169325864724
186.9831204643482
186.98861765481706
187.03656589089186
187.03656589089186
187.03656801746092
187.03662579437264
187.10936358069125
187.11191116156874
187.11537506897858
187.13323739032816
187.13668035335166
187.1637233638292
187.20835205551543
187.2107086361572
187.21431105782722
187.21545217536143
187.22078937685225
187.2549446553931
187.26036626918824
187.27428974721187
187.27496935446095
187.27496935446095
187.2756493943172
187.2756493943172
187.2757343654739
187.2759883310581
187.36016617063444
187.43479532842863
187.43480856835592
187.4348111176175
187.46643520992623
187.46626078627438
187.46818158497717
187.53810369550138
187.53894071899379
187.53649197555728
187.53618954256467
187.53618954256467
187.53719456718702
187.58174595766948
187.5818815257623
187.58323140212127
187.58803424482892
187.59159429271645
187.59416917385266
187.59416917385266
187.6325291778314
187.71700153413806
187.78728686608224
187.80574477846048
187.80780453767392
187.8101304533762
187.89745919018708
187.89745919018708
187.9391984384507
187.9411950630008
187.97431911691677
187.99227099252454
187.99101487157577
188.00316829922406
188.0048601089829
188.0064805738118
188.00730032755752
188.02979826532453
188.08626639281445
188.11991563501513
188.11991774650443
188.12861212810594
188.1286137879094
188.16164039395233
188.16174846826365
188.2001533277956
188.20021629379568
188.19811577625126
188.20289086038028
188.20699065239003
188.20699065239003
188.20824374828396
188.20844130883
188.2786947726493
188.27849919182836
188.28334756512498
188.28124660126792
188.29909145664493
188.29936713210145
188.29911380800274
188.30093147006255
188.30858861729553
188.3092701045196
188.30954987274993
188.30955485193567
188.3095564435311
188.3095564435311
188.3113307910143
188.32114722144877
188.33982667435856
188.33982667435856
188.3553413868401
188.3916540486943
188.41049119896496
188.45113694128128
188.45204149886206
188.45205012769532
188.45585513794794
188.45657691583557
188.45658163349287
188.47229296563142
188.4992410131115
188.49955894168784
188.50041165493917
188.51263100604893
188.5128158667539
188.5128243885802
188.5849797590299
188.5849797590299
188.58517160746993
188.59276224843512
188.5935678102769
188.59352058685096
188.68029382777397
188.69570760992724
188.7628079246433
188.8328694602068
188.84480855455257
188.84481310019078
188.85704948660975
188.86265501913564
188.8630860476939
188.86480769158175
188.86734974954706
188.8688067978236
188.90061162836147
188.90251527599642
188.90995783006696
188.9129717319271
188.91417098632056
188.94330674054424
188.94324231611202
188.9489747672043
188.94888959636845
188.95761229586816
188.96915154777676
189.02454429582681
189.0854997424043
189.09648999796693
189.09657687299142
189.09961236461788
189.1817868676348
189.18200462207508
189.18161540917163
189.21249146215214
189.22890134512494
189.23229546815955
189.23229639591034
189.2362047694927
189.26844894031115
189.27531054631208
189.2766502805211
189.27945751646473
189.29832580433452
189.29919244940288
189.299898671201
189.3010808465193
189.3291552661991
189.33360751404868
189.34513756990725
189.34690476981456
189.3647124578332
189.3647124578332
189.3647124578332
189.37883068619124
189.44302129960963
189.48706516870473
189.4897702672384
189.5106839056429
189.51068931436424
189.50887963367055
189.5123958500285
189.513328456778
189.5457219425312
189.55177986975715
189.55318366603214
189.55321412279116
189.55321412279116
189.55390094500197
189.5545472455539
189.55919166891124
189.64064662576888
189.65356835528289
189.65474626855192
189.67418460165268
189.6843447967851
189.68434105612445
189.68510777286335
189.68615542061653
189.69788214384468
189.69962331660483
189.69985731890912
189.7272042029061
189.7272106617435
189.74348738286133
189.74836405036112
189.74852325491972
189.75066475331974
189.754798781842
189.75545177516915
189.75819635867293
189.7754613528394
189.7754613528394
189.77548669687042
189.77548834619319
189.77904956839868
189.7776646305944
189.7775855838572
189.77740892492034
189.78320514950138
189.78320542851316
189.78320985923455
189.78321605579896
189.78395735503312
189.78401902017788
189.84393148800407
189.90704358574737
189.92177390861949
189.93172817252258
189.97327632473812
189.97327666399988
190.00640457104075
190.0064663295575
190.00854002631783
190.00932019649963
190.01001356499805
190.00793986823774
190.01850087599658
190.0186453889825
190.02911664203637
190.02911664203637
190.06207646125057
190.0796783574047
190.07993992526892
190.08204597489097
190.14973463362327
190.17851847454784
190.22220655515503
190.22166013350994
190.22167009500782
190.22178283419294
190.26058723706322
190.26073269181734
190.26113909621864
190.27405048589614
190.3550455844754
190.3551840648862
190.35605207767512
190.3560739447718
190.3560739447718
190.3563019139024
190.3567053511253
190.36444655107587
190.36604419314415
190.39646589054584
190.3985536408183
190.39853259706797
190.3985536408183
