with mode=1, handoff cost coefficient = 1.0
175.06487558035948
175.26820023127473
175.37739584886694
175.4997093842878
175.58121606420926
175.68436507334562
175.76617472655832
175.9501498440101
176.09468712530455
176.19459165652654
176.30925561347436
176.37052075804095
176.4685422760394
176.55972691671988
176.7068017682814
176.7884058334452
176.8858212546109
176.97206458114894
177.0653212220285
177.13436510176163
177.18556272769246
177.32658038992233
177.42367799990868
177.52470766261771
177.6443564306097
177.7238359261806
177.79464139845905
177.9705979852678
178.01311513884
178.10541577979527
178.19962278716886
178.26401507784044
178.34939564260648
178.4354260959643
178.46876188426816
178.52992641228172
178.6430197551978
178.71100381123256
178.78201466971055
178.90255403931687
179.06461724908522
179.1965445540299
179.26595894283767
179.3800657723297
179.48898365707524
179.51524823459496
179.59845833516422
179.69369743922437
179.77986875428715
179.85754002385943
179.97445255538227
180.00199641188146
180.12563184132463
180.261355542751
180.42609958573303
180.50625989950234
180.65537909675177
180.77939709885058
180.83684060814477
180.91908401422077
181.12133462486446
181.17090767696996
181.24175006778358
181.36757740164384
181.41621937345923
181.55455717671785
181.61527669188732
181.6595660374908
181.73640615857332
181.8091780650059
181.846190103592
181.89893232484528
181.96201261769914
181.96757008362695
182.00929185743956
182.03914987695288
182.17547544251624
182.28306365264174
182.327485282548
182.38725068425845
182.46374130650236
182.55533266687613
182.6343045990164
182.7200952593798
182.79800480236932
182.8850890305443
182.99247437175174
183.0747519374627
183.18681408103572
183.305600608858
183.3464638569696
183.42605595871785
183.44304675528448
183.5156280516599
183.57267079087785
183.62693124484292
183.67137548249426
183.75863507418006
183.8512299292361
183.90344637583547
183.9648804766665
183.990245061639
184.00325892865493
184.08533259430016
184.192469665995
184.27182274146625
184.335710151548
184.34803828754158
184.43190639604393
184.5436953888241
184.5999227740743
184.67257439680372
184.68212614862404
184.7327648514587
184.76351159499265
184.80370155368936
184.8761829445273
184.9014182758508
184.9479194754912
184.99465509705536
185.0550454321237
185.1236095456617
185.23451442979925
185.33687463155675
185.36512446379237
185.4594276558569
185.53973648134735
185.56351699478807
185.59160095989006
185.64837263925253
185.71717945095787
185.75134025948577
185.80101340508966
185.85659805170954
185.97952427833383
186.1473625324457
186.19156372712868
186.19395776648037
186.21720566427996
186.30187744653253
186.32231442102022
186.3967641802939
186.44107862164452
186.51604748113672
186.64862119758422
186.71484307421042
186.75645906941213
186.792754012727
186.83417622273552
186.85372027603586
186.878901996381
186.9426224409967
186.98918228747777
187.07551220690993
187.1949300837048
187.24773111446757
187.254000776621
187.29144719961573
187.36625019289838
187.40414905495552
187.48920124626247
187.56155438229032
187.70101059506405
187.7284519068898
187.78848106225357
187.83702949209794
187.9177068254652
187.97480207551354
188.02110243411707
188.11063256114352
188.12558908690258
188.14887959587344
188.2225555704282
188.26220134140036
188.28905222265433
188.34895500095814
188.3678689878463
188.3777365937032
188.48852246679638
188.5056892993708
188.51957864377374
188.5423003381599
188.57694820670645
188.6305666709268
188.6843345378865
188.74078665687918
188.7872636805331
188.83149347755378
188.91507822572743
188.9569141160004
189.00245988333234
189.03178312175152
189.07231864485757
189.08368541804487
189.22206692916095
189.2957171107144
189.34473908335485
189.40823476927815
189.466476246627
189.50744036322857
189.59934479204995
189.66007737197614
189.7651230733385
189.80914868300985
189.83635969607568
189.84991384691435
189.89403955194888
189.9341290301735
190.01361219280992
190.03976799380385
190.09035491527925
190.11086627430797
190.1304804363301
190.1680564796951
190.20573695628912
190.22776170596507
190.26003014360836
190.27793586282556
190.32237689586228
190.37469010076464
190.39523407658024
190.40904477230356
190.41062306330173
190.4308093347752
190.43621501597428
190.44613481456003
190.4549580084071
190.4962245440094
190.54593643435638
190.58885494228264
190.5893342069004
190.6220641408079
190.67732407021452
190.67685777463504
190.678276207887
190.71672751337766
190.76070857547293
190.82290619896608
190.84219646569034
190.9483253138654
190.98047055569245
190.98105080522592
191.00434928817432
191.03218349540603
191.06083400055482
191.09596532550825
191.11303966746232
191.18432311879252
191.23913208404588
191.27386247659848
191.27628576707718
191.29249868683127
191.29290652932966
191.29304327044238
191.3125255389927
191.3447963293394
191.37549490286543
191.43174802891687
191.45420835019766
191.48925160151728
191.5748938574595
191.63428351624347
191.6732714890904
191.67850443436242
191.69550298840468
191.72256141516655
191.75032607418458
191.75719359623204
191.7793189142289
191.8163079170958
191.83915580390024
191.85661540547753
191.86339962242394
191.884913322659
191.89316946672082
191.93122065893493
191.9753543501737
192.05818290788184
192.1090666321113
192.1417156147623
192.16956732728414
192.17768879451748
192.20472509113526
192.22981926699404
192.29702089304925
192.32969148936454
192.38953630848542
192.41662542369673
192.48318367817419
192.56078492428256
192.56417483059738
192.60175938855997
192.65539741215548
192.67509951480537
192.69154274652558
192.73797059744203
192.73972472256045
192.76654894548037
192.77490704305004
192.8082136860714
192.84044018178608
192.86013345333856
192.89903591049716
192.95030732218805
192.94896809760002
192.9931916287368
193.0365440746264
193.0388292181805
193.07724672343122
193.08148545425303
193.0854339043544
193.16754035258367
193.20055633276877
193.25000182823413
193.2972315654734
193.34552101937962
193.42680139024972
193.46602466163876
193.5002142257203
193.54700405385137
193.57208792777365
193.58367419677126
193.62834040945532
193.63856006872678
193.67717826304255
193.69244597572563
193.71639461681775
193.7737993856706
193.85829734041712
193.87635707813473
193.89242300525353
193.9009959475084
193.97862224207245
194.05690343954976
194.06818436733354
194.09544885616762
194.1333343232874
194.1536244891552
194.19599271361622
194.22861531168613
194.26681096246605
194.3279751270905
194.38640749709398
194.41505710046428
194.43122237632844
194.45841978026007
194.53587673615527
194.5545920044138
194.56060353944488
194.59240660914887
194.60482274547434
194.61235953610895
194.62823004362457
194.62805539327093
194.67953745671772
194.7398220050617
194.7676255049507
194.7783253089822
194.79254153573905
194.81446881976936
194.8901630766031
194.89229039154046
194.968738369468
195.0215588758621
195.09312295256387
195.09314420552556
195.16199057106428
195.21067851589183
195.2375351835116
195.25909690591843
195.2712664508096
195.27644502269504
195.3264951534899
195.41788236578307
195.46451791034048
195.4804782433622
195.52084120448438
195.52594329857618
195.54835230271084
195.59262300829602
195.6262656423208
195.64839014621123
195.66849617517266
195.690459445408
195.68820619298629
195.7394283321011
195.76608888644233
195.81975081982495
195.8243270285635
195.87383701226722
195.88208914172552
195.92187790809336
195.95199906692042
195.96062763618608
196.03018513444422
196.05273755868006
196.0800821580987
196.11318455019074
196.13575057259132
196.16572702179235
196.17682841057
196.20978255443677
196.23220337052123
196.2604366314603
196.26790503996668
196.33313778821918
196.35570036962795
196.3563673082992
196.3572055226602
196.35847003383296
196.36580257882466
196.40021193801988
196.43200563602505
196.43506886568017
196.50400427644473
196.5431682384999
196.60576690392696
196.6227949244962
196.65690133491827
196.71959419464653
196.7653692705033
196.79091586809187
196.83053905119758
196.86537228085422
196.88062541493062
196.91670077576856
196.96193902026508
197.06043069112118
197.07120522318408
197.0959161235056
197.10089334580883
197.16613743521202
197.2103185932726
197.24530546062508
197.29945957351748
197.36923397854594
197.3668358861276
197.36412006281864
197.3626924975994
197.37236416767118
197.40041911698552
197.40839632341326
197.44747151881225
197.4597328128202
197.51510777147718
197.53225874696577
197.64606349819147
197.6714294886547
197.7273820888679
197.7257999810744
197.77284581324113
197.78073955383297
197.82341343341398
197.82261440371886
197.85604902085612
197.89811810287065
197.90300920339263
197.91571609138668
197.91782460105478
197.96541044568573
197.98534770885863
197.985485906394
198.02013783060553
198.03161379375925
198.07904410305048
198.137392029566
198.15646155802997
198.1834526566275
198.21478490696225
198.21369862842602
198.24508370188377
198.3093488449499
198.32002838923898
198.35094345187338
198.39515971632002
198.40626288944844
198.4433004329307
198.49648849048572
198.52847735674595
198.53011227229544
198.53621145096866
198.5831403807778
198.58853147118492
198.5899464101268
198.63764966270676
198.69539020538818
198.70223178584158
198.717378416231
198.78083405683455
198.8022119792946
198.83169887743526
198.83481092080586
198.86590377607683
198.88211990364468
198.90552038876046
198.92497301538089
198.95166668192968
198.96635861395947
198.99873834472822
199.01538463611882
199.04554167998182
