with mode=3, handoff cost coefficient = 1.0
183.69798406671194
183.84679167891431
183.90649119125095
184.14548931220526
184.51392324108826
184.59128910352467
184.7042811620371
184.78779818167172
184.7756813872436
184.77417640650174
186.27184781758228
186.27636260176075
186.28186397839895
186.61922268030088
186.9982176033871
187.00980635956645
187.2324840722035
187.27955961166106
187.2820308330486
187.2823409761873
187.35026622141058
187.97308920676466
188.03673673875434
188.43046157654553
188.47361354636516
188.49766168205883
189.0812345216388
189.07794102372108
189.07825150206583
189.36049490901277
189.46018636949447
189.66989557180565
190.03046174472735
190.0320875757531
190.07396548641842
190.33869718431473
190.9825628480541
190.94470925455835
190.9453541149557
190.9465801400715
191.46178843812797
191.70892250160884
191.7066674166912
191.72352581294123
191.81063643050354
191.90439979693508
191.93780785603133
192.33885643763304
192.5132242073339
193.22157704161376
193.37033594789958
193.72608892997133
193.91729672153863
193.91767857616918
194.2224812535491
194.2651205761675
194.37006871996155
194.37004080550275
194.39796389465175
194.39758150681254
194.4379407684149
194.59579567484298
194.7156907545426
194.94269831547413
194.9534334813874
195.7271536624894
195.78657326666246
197.0494218677424
197.18920843294023
197.190858696352
197.19469662019395
197.22773344930022
197.278220740164
197.3043977554019
197.72597622315945
198.2212355717779
198.26405071524093
198.2784408908431
198.31222779975425
198.7819950391598
199.37998027602782
199.38039187384075
199.65252274888624
200.04103254220382
200.09108577595873
200.34980961498638
200.34245450440778
200.6303869432916
200.88671396765685
201.63958810330914
202.237980235994
202.31363948606327
202.31387936317935
202.37116499314436
202.5594245508588
202.66766390210682
202.6707285038126
202.7518507930399
202.78190139533018
203.63869242994204
203.62311042333278
203.63125209122958
203.63087627582897
203.63087627582897
203.7024916758343
203.69725107832284
203.8236284237524
203.82208233464746
203.8287548993939
204.09881927598838
204.13488874572946
204.73897126431817
204.8192628235096
205.89939522411078
206.33268678698042
206.33991193066754
206.36769439922483
206.50928403658375
206.6058383304431
206.64146195583794
206.66975624560143
206.89732182205307
206.9017368654504
207.09870220967014
207.20782237061923
207.20640656727738
207.20048352259997
207.2009990543267
207.35901750669905
207.3474471186517
207.40031964681566
207.43015765806575
207.42758100728838
207.42959639758715
207.67725785025448
207.6976893344554
207.76497375563065
207.76226443849674
208.10743262438646
208.09841033849497
208.5337818995169
208.77653015500022
208.92080381036013
208.9289634393321
208.93692905850392
208.97067147017376
208.94552464694655
208.9646484945196
208.98487257436219
208.99615122023752
209.0142293626949
209.01302449538142
209.0104464219162
209.01105568756643
209.01105568756643
209.01105568756643
209.03596942441058
209.0362245845926
209.03992959830057
209.03995922165288
209.04023778699073
209.04010324051396
209.04010324051396
209.83222582019394
209.84035192487673
209.91989760917008
209.92187885827732
209.93797365773887
209.93943374530224
209.93109577190765
209.93300035626376
209.94228033370248
209.94228033370248
210.13431666822956
210.1343692519154
210.14626666693314
210.14930175779588
210.21289839151692
210.22185802151253
210.31103069946468
210.30892759465522
210.31188645552467
210.32210755201933
210.32242334452386
210.3244712544276
210.3273088371093
210.33797243442643
210.34654699102214
210.34323819167403
210.3482757418284
210.34821866420347
210.34821866420347
210.34821866420347
210.36229867692012
210.36825755469246
210.36459097506935
210.35488124060745
210.3616272535447
210.3616272535447
210.3616272535447
210.372979738151
210.39419815526276
210.39934636403856
210.39934636403856
210.39892174844593
210.39892174844593
210.39892174844593
210.39892174844593
210.45216572685305
210.44540002467954
210.44867969533274
210.44927530969423
210.44927530969423
210.44927530969423
210.44927530969423
210.44927530969423
210.44927530969423
210.45529415221043
210.47046837219946
210.47274016901238
210.47215396822799
210.47215396822799
210.47215396822799
210.47532218972415
210.47532218972415
210.48087395552403
210.479310667379
210.4792372697554
210.47910650526669
210.47910650526669
210.47910650526669
210.4853305253544
210.48821306683203
210.48821306683203
210.48783939775905
210.48753324126352
210.48753324126352
210.49014473496533
210.49006516978227
210.49058698459595
210.62093726300463
210.6217835225733
210.62546294866695
210.63834574251956
210.6378177077486
210.64365928103237
210.6337076114404
210.6337076114404
210.6337076114404
210.6337076114404
210.64082009865507
210.64070295207236
210.6402326350938
210.6402326350938
210.6402326350938
210.64608561609336
210.64772168921166
210.64837792604106
210.6490749389835
210.64921990801489
210.64921990801489
210.64921990801489
210.65318321285443
210.67290616992872
210.67866725391676
210.6862018906347
210.68969191305456
210.6974526654779
210.69968401560067
210.7004351296702
210.69803130038832
210.69803130038832
210.69803130038832
210.69803130038832
210.69803130038832
210.69803130038832
210.69803130038832
210.69803130038832
210.71016814054747
210.71123835804565
210.71256519051434
210.71572950807456
210.7158611044269
210.71785641103455
210.7178206956705
210.7178206956705
210.71824738516148
210.72392666602394
210.72129058366795
210.7222651004928
210.72661894466816
210.72618022048303
210.81649020293113
210.8229058179278
210.82571909246107
210.82531784264717
210.8265696143352
210.8252339584578
210.82858101599388
210.83016506141394
210.83015186929396
210.8297416456431
210.8316924748268
210.89087937709883
210.89770984881318
210.8979826834207
210.89708603166494
211.00618306603536
211.03861732802724
211.0399169585319
211.03897110059754
211.03897110059754
211.0418307205962
211.12284727962773
211.1197511465003
211.1216098497657
211.1208962220738
211.1208962220738
211.12202530265463
211.12202530265463
211.12202530265463
211.12202530265463
211.12202530265463
211.12202530265463
211.12202530265463
211.12202530265463
211.12202530265463
211.12202530265463
211.12202530265463
211.12202530265463
211.1312007698963
211.13241461748507
211.13237023968523
211.13256039208906
211.13256039208906
211.13560427491487
211.13560427491487
211.13560427491487
211.13533876263145
211.13533876263145
211.14023564311483
211.14023564311483
211.14023564311483
211.13891692758662
211.14432699191948
211.14508512548034
211.15435632071316
211.14924414952728
211.16519655230192
211.16519655230192
211.16680361867074
211.16697799829095
211.16697799829095
211.16697799829095
211.16697799829095
211.16697799829095
211.16697799829095
211.16697799829095
211.1716862019294
211.17291141686354
211.17291141686354
211.17160076768675
211.20934813860515
211.20924562304913
211.2104243190239
211.2104243190239
211.2104243190239
211.2104243190239
211.2104243190239
211.281144051591
211.28456273193865
211.28514276002343
211.28270493774434
211.28580675095643
211.28580675095643
211.28580675095643
211.28584660580307
211.29103911160033
211.29186554160876
211.29214645283938
211.29544037886558
211.2935025488288
211.29756414886285
211.2973476343826
211.2973476343826
211.2989497284892
211.2989497284892
211.2989497284892
211.2980152767918
211.2980152767918
211.2980152767918
211.2980152767918
211.2980152767918
211.2980152767918
211.29978563855138
211.29970834387257
211.3004696963332
211.30321397049704
211.30223999980285
211.3020880499155
211.3020880499155
211.33586020272938
211.32925892674464
211.33040425755868
211.32981275218023
211.32981275218023
211.32981275218023
211.32981275218023
211.33516672017268
211.33516672017268
211.33516672017268
211.33531448222058
211.33531448222058
211.33531448222058
211.33531448222058
211.33531448222058
211.33531448222058
211.3377076185549
211.3389627810316
211.33900323208755
211.33888073948813
211.33960613454323
211.33960613454323
211.33960613454323
211.34690545073508
211.3471503535629
211.35734676978404
211.3591541969022
211.36092265925768
211.36500141349867
211.3656503903868
211.3684228513248
211.3690787157932
211.36999597896875
211.37214411160159
211.37132815419085
211.37153946542014
211.37153946542014
211.37153946542014
211.37153946542014
211.37153946542014
211.3721479838519
211.3721479838519
211.3721479838519
211.3721479838519
211.3721479838519
211.3721479838519
211.3721479838519
211.3721479838519
211.3746577077552
211.3765997544687
211.37669703303663
211.37754665629808
211.37787635023773
211.37787635023773
211.37787635023773
211.3811877644278
211.38108324799182
211.38186351542376
211.38191635093088
211.38191635093088
211.38191635093088
211.38191635093088
211.38191635093088
211.38191635093088
211.38191635093088
211.38191635093088
211.38191635093088
211.38191635093088
211.38191635093088
211.38191635093088
211.38191635093088
211.38191635093088
211.38191635093088
211.38191635093088
211.38191635093088
211.3962865672285
211.39658539050222
211.39658539050222
211.40322451008367
211.40294939169897
211.4038987818879
211.4039510726734
211.4039510726734
211.4039510726734
211.4039510726734
211.4039510726734
211.4039510726734
211.4039510726734
211.4121151210389
211.41237517116767
211.41209633310396
211.41209633310396
211.41209633310396
211.41209633310396
211.41459591147938
211.41457988533202
211.41457988533202
211.41479963805082
211.41479963805082
211.41479963805082
211.41479963805082
211.41479963805082
211.41479963805082
211.41479963805082
211.41479963805082
211.41459591147938
