with mode=0, handoff cost coefficient = 1.0
183.69798406671194
183.70346425009285
183.69262227225028
183.69160504700687
183.73347246650036
184.37637537871382
184.3899680727581
184.4618186102768
184.6652266073828
184.66340262860143
185.05033833221478
185.23506513353107
185.23389655839077
185.42118729757703
185.8363297832869
185.91433141876954
185.95093113918423
186.09005697311747
186.1506203594193
186.2230050110842
186.5512319635039
186.79774989320694
186.81517305715468
187.09143966011186
187.34418325332345
187.35591283961097
187.40832170952277
187.43718685365437
187.6241227580047
188.23331175938256
188.23355452726335
188.63525724865244
188.65086444907283
188.68398206086508
188.72053222965954
188.71754486043113
188.84591834526103
189.0190845153384
189.15598621819305
189.24388996270656
189.2579602768024
189.70916481172895
189.84404646985843
190.06482871298653
190.1422692100538
190.16135562541737
190.3476854778215
190.3476854778215
190.4104644603219
190.40972647048247
190.4939716033069
190.72792648733716
190.7302623398346
190.76850889444393
190.73647644894865
190.72993713981955
190.73009195093644
190.73007420155486
190.80002603787338
190.83086573654893
190.83093141641803
190.84945743634316
190.86823401029991
191.01321633412243
191.01389897255342
190.9902207346788
190.9903574055105
190.98308553896268
191.11487197746203
191.1567099987421
191.148490670698
191.21645595880207
191.22855155598216
191.22855155598216
191.54130571465
191.54613371286112
191.71964752656206
191.87314339291373
191.8739374234628
192.06627220057752
192.4080475457881
192.4092613955557
192.5381330105046
192.53981303892797
192.54337038455827
192.59008627939969
192.62360153497772
192.6479340130026
192.64794176322593
192.8014605916376
192.82839659056546
192.82865021276584
192.81936043350746
192.86475527193605
193.08162062080615
193.08162062080615
193.2185208036101
193.2185208036101
193.22868733726443
193.30780625609376
193.50028690041637
193.5057039957878
193.52318278554057
193.71417661680766
193.72131721514234
193.82122681056703
193.82127118366748
193.82660771806087
193.89082388999142
194.0808695240071
194.124777622687
194.1542553611702
194.19108211643695
194.1929740555061
194.22168973518987
194.1833023424147
194.29104388936594
194.28839880388028
194.291440103468
194.5072493417204
194.51366543333728
194.6394080237213
194.67368116964408
194.76970140413565
194.7641603605488
194.80979620072816
195.02894426978253
195.28541441815585
195.57599815181277
195.57472749860761
195.8297361250506
196.00992916386286
196.1795140535633
196.1945650805664
196.57349970571752
196.56555509001677
196.56555509001677
196.67596404913468
196.67596404913468
196.81688957505833
196.85514404380362
197.02927238951153
197.19755551579368
197.22052524504943
197.29859027042914
197.53110527872724
197.53110527872724
197.52861255258728
197.64649846476354
197.65003136637998
197.64921311067408
197.6592486974587
197.65935505660897
197.6950681511132
197.6950681511132
197.6950681511132
197.98282539656603
198.13072576626706
198.1158009961126
198.10473623199303
198.1702999427479
198.17283465115625
198.1730448083887
198.24175563503363
198.6272913222696
198.84081689219627
198.8452268096341
198.8452268096341
198.87627647170797
198.88191050397126
198.87669736641175
198.88363187664686
198.90500800311045
198.90500800311045
198.89534505530614
198.89609168586398
199.36979891407452
199.41219636223607
199.43154706697445
199.4928553154607
199.59532252656427
199.59532252656427
199.6207648171371
199.63876736490266
199.63930895135832
199.8158229452389
200.002824527649
200.003123991392
200.0044464803944
200.00711320723872
200.10982928053318
200.17904837820385
200.17707773371126
200.17697669383358
200.2822660630689
200.2920869796382
200.44407347235062
200.44289775658797
200.44117209512626
200.43990200139928
200.49652195581518
200.86207545293195
200.86129863539102
200.92971488081045
200.92932918601812
200.93912943001104
200.93912943001104
201.01464768706646
201.00880462486205
201.00880462486205
200.99893741950285
200.99898142033538
201.01464768706646
201.02214731841747
201.01834500315937
201.12641937414028
201.1212566385813
201.12123855522447
201.21744364078845
201.34217200243748
201.44292446200075
201.46915699960755
201.46915699960755
201.46922402628826
201.51467344532523
201.55003753025082
201.54945887369993
201.54865173716067
201.54801361354183
201.54220293205051
201.55003753025082
201.5746625060313
201.57579818573817
201.5987338211854
201.59799135408824
201.63620522591367
201.63873356485828
201.6550680022643
201.65661401516184
201.65661401516184
201.6573080366303
201.65732314476065
201.79127753965167
201.79220412881637
201.8703639662143
201.89125689798573
201.89125689798573
201.9041336208273
201.90683820816548
201.9232392982347
201.92399657290105
201.92793246001892
201.92867289990738
201.947572972198
201.95133341012843
202.04250525893082
202.04599138094355
202.04599138094355
202.04777458657722
202.0486223983797
202.05559239490609
202.06992669594513
202.07085875198925
202.11865550995878
202.11865550995878
202.11919736481872
202.13842682756206
202.15698783171607
202.15708402452037
202.2125146813282
202.26946021656954
202.26777921578602
202.28813455456535
202.29027437006275
202.2912110389666
202.2912110389666
202.36588132197107
202.39122755612934
202.40905772258034
202.4102066583694
202.43047548756795
202.4344375174904
202.4436503556573
202.44300736382374
202.44300736382374
202.46708423951938
202.47054009597397
202.47778876419892
202.47778876419892
202.48420050940976
202.4846964406159
202.4846964406159
202.6258410052883
202.62991190809507
202.62948173559897
202.64670099973068
202.76438705394764
202.77411982672805
202.77611044949262
202.7871682542531
202.78830661841917
202.78830661841917
202.80863716073893
202.82690121121254
202.8270579617273
202.8270579617273
202.82715446897
202.87934642661133
202.8884970773622
202.88885579889543
202.90534768133372
203.04608080068277
203.04608080068277
203.04616393191716
203.1881119167494
203.1881119167494
203.1918380434283
203.19183856520505
203.19183856520505
203.1919242687736
203.19649386274438
203.19649386274438
203.19654913316032
203.19654913316032
203.1978702901724
203.20630201074678
203.2670577033141
203.26973813675102
203.27012217332867
203.27013123751783
203.27395553902159
203.38985931145268
203.48068493638252
203.48076632097852
203.48367950616924
203.48439271443982
203.48528300646257
203.5285759620238
203.53066074397555
203.53066074397555
203.53086681807923
203.5473723159055
203.54865944669598
203.66296974131933
203.67686725415646
203.67745426172357
203.6856245809422
203.70743686222568
203.72216738324033
203.72237194370388
203.72308624555245
203.72901876888153
203.7298437016178
203.7725373902
203.7725373902
203.77323980902696
203.77323980902696
203.7805240398872
203.7805240398872
203.7805240398872
203.7871513166838
203.7871513166838
203.78652265551105
203.79615959473563
203.80324565536827
203.86632435601115
203.88295430192295
203.89386001934275
203.89510765872174
203.89510765872174
203.9004485123072
203.90175529565965
203.90360494283684
203.90571272686483
203.9065932701861
203.9107785749423
204.02741712092973
204.0318748416806
204.03332928610382
204.0458853874132
204.0458853874132
204.0595292885821
204.0590699870362
204.0782365387268
204.0994492768193
204.0994645246136
204.09855106043705
204.18744830087644
204.19105365839226
204.19105365839226
204.1926473487183
204.1983040768161
204.30833680830943
204.30718681092088
204.31134143642458
204.328357234448
204.34482923515344
204.34992223901781
204.4466142456829
204.44724077882057
204.44670105110384
204.45976459914488
204.4600659690497
204.4604742526726
204.46104831759544
204.47686152051205
204.47686152051205
204.47777101354654
204.54900919238196
204.597039230694
204.5972485720784
204.6088466087923
204.6350711809813
204.63507319267717
204.69040867152097
204.6904908474707
204.74568802894072
204.74501506574012
204.74558171320558
204.74549768816092
204.75004893718744
204.83449830870921
204.83793240909426
204.8474580351482
204.87448666911865
204.87448666911865
204.87448666911865
204.87457465617013
204.87448921449845
204.87448921449845
204.87448921449845
204.88324953339645
204.8837686822015
204.99881093880788
205.01990998174557
205.0257195344687
205.05369231434872
205.05674573527062
205.0555867348521
205.05737429079102
205.10511060085503
205.15016182294983
205.15181736728357
205.15149566076767
205.1522962276774
205.15246622999084
205.15247271019888
205.15630424376496
205.17038361147522
205.17052158960846
205.17145503503778
205.17145503503778
205.17902771803801
205.18447165869037
205.19135453045482
205.19139365476786
205.1919769995598
205.23435759831148
205.2356424567606
205.2400282381647
205.2400282381647
205.24073221968746
205.24155569999988
205.243531505315
205.29927470109823
205.29923236003214
205.29960901360977
205.29964782751262
205.30050561227557
205.30424514371353
205.30419126601288
205.30610692945191
205.30640483945442
205.30640483945442
205.30820865079258
205.33759999404242
205.3902878258031
205.4408414307773
205.46154213726538
205.46514231915526
205.49619069730048
205.49619069730048
205.49992212274626
205.50481370206958
205.5068728200015
205.55343791562277
205.55343797191773
205.55343797191773
205.63917690086973
205.64750161054948
205.65064649590465
205.65320165218478
205.69536451935096
205.71631351976276
205.71684429268277
205.71684429268277
205.71684429268277
205.7187008657243
205.74673174408272
205.74708991449694
205.7576934234972
