with mode=1, handoff cost coefficient = 1.0
183.69798406671194
183.78027890957023
183.86759898607437
183.96102366071204
184.01086017165395
184.107680541561
184.18361156422972
184.36100980959955
184.4618537365535
184.60761329901112
184.68812559470015
184.89263144100002
185.06120543459792
185.16114431315404
185.19878114259342
185.27584494894313
185.35618612256656
185.4755477953625
185.54475008967043
185.69095115195023
185.78552273532955
185.92772628100033
186.08523072786357
186.21365320896194
186.31969564418364
186.46406808656084
186.53900084735287
186.61311464438072
186.66587520114373
186.82341906403653
186.9249925213534
187.0053067792086
187.18611324095775
187.24421344874673
187.2713989354097
187.3119506717611
187.3364241107986
187.46947217966078
187.55661211004974
187.65141239429678
187.70091932586726
187.75111357990093
187.79045821656538
187.85383377668026
188.01306453906307
188.04470256192496
188.2798389302889
188.39492877860874
188.45598229264297
188.47392625048622
188.60091846639773
188.65081612303044
188.7417139242977
188.787266192277
189.00885134043506
189.02435027495983
189.1101425851566
189.25587659585003
189.37041747262987
189.3960301646192
189.57918639603264
189.6267919390231
189.70953295669727
189.7710393263877
189.91397623664815
190.06202536321337
190.08922799497032
190.18835630839024
190.21021463201245
190.3747270240402
190.4458614156563
190.52444273151866
190.55240712538887
190.62200270976237
190.72688635182382
190.86765621360084
190.97090009177103
191.04669914964947
191.12293902104764
191.1792919003428
191.28815437538637
191.31555448170297
191.35096690749455
191.41473649903193
191.50811492707552
191.5386778633424
191.6496393353984
191.79116926319605
191.8769835875509
191.994374368326
192.04645906913393
192.06274771039207
192.15427832090148
192.30576494217468
192.41973647427258
192.46635245085855
192.52747098621705
192.55547692345442
192.6220819895933
192.6466590389505
192.73057109781678
192.7335207195203
192.8135624346831
192.88450985256486
192.93286748689263
193.22103574074845
193.24971774409929
193.31577505550604
193.39678391114987
193.42836799971553
193.54247292220353
193.65044150413587
193.73480003347896
193.8408672247435
193.86111800602723
193.86253082506047
193.95156000676926
194.13404364268473
194.2112983019786
194.33414641297367
194.3908960206353
194.46919861034428
194.5137288043635
194.60113187909798
194.6053676644267
194.77376069963321
194.8984504345486
194.92126569610377
194.99301122285118
195.14482080877158
195.2589351311756
195.3167716510197
195.4009294871302
195.44210611931987
195.4656899780535
195.47326272918644
195.52155319435994
195.5896913265421
195.61316270451502
195.71954315996373
195.74197748274977
195.91714179637097
195.94914549441953
196.0480938159048
196.11627988722972
196.2940346770292
196.44183149887283
196.45994779603672
196.49869963727843
196.62605053323102
196.67267225211356
196.73348749978885
196.77600132562992
196.82349742116702
196.8967803100697
197.06219981402074
197.08689772417003
197.1762398116461
197.1938443803977
197.31068513230122
197.32686659208017
197.46410503726622
197.50406539712128
197.54357456435486
197.73658195957637
197.81382770352755
197.8367426909657
197.89037575059356
198.0070896054942
198.0906266876008
198.13625728083315
198.159420576137
198.21439718565153
198.2597856008059
198.27685597056478
198.3037186944976
198.3663870110285
198.49048234054058
198.6900787743623
198.76439503103254
198.8895501040534
198.93836644403007
198.96354103003802
199.11048997629146
199.13836322481572
199.2959471795134
199.31856766987514
199.4026164176827
199.41522746500132
199.450930341898
199.56500982462245
199.65058642962913
199.6598273565301
199.90325905681092
199.95644055740027
199.99031640620953
200.02865928251504
200.13322414061858
200.24582089681837
200.39895754380245
200.41042023543125
200.47818220666363
200.54659615451158
200.58259277182424
200.59896990140243
200.6291187906421
200.7301375881463
200.74395694388926
200.77247878357613
200.80169881599824
200.8130117671503
200.8878263869187
200.9515960858587
200.9544509865804
201.10517289639648
201.12033427902827
201.1647290914305
201.1764481249238
201.22672874577955
201.28367000050156
201.30254816785742
201.341782156211
201.3744642046559
201.4048143775972
201.44721887711853
201.47945080957155
201.49932439301682
201.50846449226538
201.54236431817722
201.6017935299849
201.66986468524985
201.67248275608364
201.85084517530578
201.90751951931676
201.96013316350502
202.03660689810303
202.03781235143592
202.0709488025405
202.10738559753713
202.14574600717876
202.1978578909512
202.261197994316
202.3397692524776
202.3607405583651
202.4097433578133
202.4081637392508
202.41519846664212
202.43390187583609
202.47518115171997
202.5155392726763
202.5292648491432
202.56576619343795
202.6366606059656
202.64479058640316
202.68177194368508
202.80540217238615
202.8085554500541
202.87928038257158
202.9783417952031
203.0446010153682
203.10098013550834
203.09957344739828
203.15145031574508
203.165572472256
203.23382658453033
203.3439741310558
203.37532006697168
203.3810729451495
203.40543598520168
203.41308952447315
203.42505818819222
203.53961629975925
203.54610881297108
203.62964667942245
203.67624976748323
203.69448609009132
203.74482293671304
203.76111559638494
203.81960662770646
203.83863374998367
203.91767316793337
203.92156446256305
203.93554958340485
203.98707385651477
203.99195570382275
204.02367811125796
204.0333956246363
204.05437630412547
204.09269469507365
204.14781431616183
204.2520902574445
204.25608677902713
204.33873437349158
204.42381089867098
204.4963867377194
204.65118493519
204.69126542680903
204.72830831045886
204.86871662276806
204.9005138746834
204.90878684483624
204.99584678377644
205.02652611287462
205.06705873625185
205.11664554398016
205.1470879472771
205.18282097919484
205.22926026972564
205.2807148334368
205.327574284768
205.3817535147381
205.39398682252119
205.44866304524814
205.51397376331755
205.52493335797504
205.6263330564977
205.65636583564662
205.74188360207967
205.7625588005673
205.82710075132204
205.83453686228884
205.84395669039756
205.90578639130126
205.94279640847412
205.98438057839275
205.98542687231827
205.99323350309461
206.0482231006194
206.0545724909265
206.07057549624145
206.09820341420934
206.09910515627135
206.17708928593765
206.2132332203241
206.28482139465723
206.28578831030535
206.3405010250532
206.36227650494237
206.3788519764057
206.38621334516282
206.41781554403033
206.44732422194832
206.44527720056905
206.46553916073788
206.4652529832303
206.48813057881642
206.51810066155835
206.54030848664956
206.5399058176468
206.58603744713648
206.61146472338297
206.61310465879552
206.61415198257316
206.6688927001271
206.7107494369843
206.7104909322491
206.7390111358941
206.76223123332522
206.79944097303132
206.81075078445338
206.88190515533407
206.911132813727
206.9160175839884
206.93664216107405
206.97156523183483
206.97294049918085
207.02603097158612
207.11470979572846
207.15862808889702
207.17188250187095
207.17613102090786
207.28027167051115
207.2831654360763
207.31913345406457
207.32326978572786
207.33227028692195
207.38639091515347
207.43786035999676
207.46119085462377
207.49353956573609
207.54736795089946
207.57281491103814
207.5902779972461
207.63477506234545
207.63470412131483
207.6742386751091
207.72117236817934
207.7527554177782
207.78667691333027
207.91020880149975
207.95397276433462
207.99803215990914
208.07061779205915
208.1190190327204
208.1285621686565
208.18082322279395
208.22556917390614
208.2241944723607
208.22565894779615
208.37676524189064
208.42568378389785
208.4436522180735
208.5545631905036
208.56835902204256
208.59796013088808
208.62575976957834
208.7597990242544
208.85845941667228
208.90882105194498
208.91466686398135
208.94152129630214
208.94048570070336
208.94723945641752
208.9514756975552
209.00337903573
209.01964504603384
209.03599891026943
209.0919424696046
209.11209771025744
209.23461477763084
209.23419257923706
209.23938815722096
209.33263439189204
209.40470045814618
209.4561172697578
209.48339934595097
209.56027951723652
209.5837247041099
209.67583119489672
209.6723776819876
209.71562010818906
209.77483567969404
209.79492637180056
209.8259852042545
209.87032989445873
209.87901046993227
209.9378297374194
210.0056895088088
210.00721584602277
210.01961886991558
210.035250557895
210.10963344003372
210.19481606614553
210.2330975428834
210.2656359685611
210.3395781128499
210.40130376756247
210.46165538293832
210.45881565201006
210.58786698326796
210.6108689429064
210.7131678251253
210.72800268401855
210.78520448904231
210.7873886655889
210.8199448191755
210.85097943102215
210.86908193562306
210.93692563032772
210.97999531017624
210.9812064316091
211.01275564886703
211.02056426983745
211.05908540788207
211.0971226497294
211.17831479331505
211.22810649502745
211.2546476568772
211.2762815648762
211.34753158360832
211.4124574765589
211.40854165281854
211.4113961288373
211.40768676476583
211.4712177877265
211.57345515061812
211.61766774727934
211.63381801246297
211.65431845262864
211.6840465328514
211.69291455548677
211.71615564588808
211.76039358383284
211.76915646920506
211.80098789011288
211.86489303395848
211.9244910226225
211.92609677717206
211.94194588646042
212.040039121109
212.15929934107814
212.22152214232634
212.23885211927384
212.2512699144459
212.28665697198417
212.3068718630795
212.35205558910965
212.3517508241488
212.38031290590223
212.41761975224915
212.52338094169505
