with mode=0, handoff cost coefficient = 1.0
133.96495937618172
133.92867960219255
133.91961393996732
133.94369231346724
133.972363459607
134.2654008046101
134.13927946465995
134.13927946465995
134.19886007773235
134.26517021963323
134.28635335925975
134.2429362760792
134.28003810728578
134.199265526217
134.19926380116664
134.3604928921718
134.44126547324058
134.4679217726577
134.4679217726577
134.57047771638275
134.61653413095317
134.61956097504097
134.64956846120242
134.62639525945133
134.62749223526993
134.62749223526993
134.65440544088094
134.66055970058787
134.67570333548568
134.67651295958365
134.69699308430398
134.66450957728202
134.67282413951844
134.672772130787
134.6759907870685
134.6994582820545
134.69916016689925
134.71824203238077
134.717733300398
134.74431510025352
134.73750860415407
134.771085755385
134.82459724820325
134.81016622300012
134.96928440636617
134.96928105618758
135.09654888921145
135.18381661648925
135.1870129076002
135.1870129076002
135.18700580236313
135.18730843825483
135.3035585471045
135.29918229306116
135.45780720193082
135.45779612890715
135.45886204551226
135.46147330731415
135.45113833924322
135.42455705872084
135.33860106074178
135.35449254455878
135.35450361758245
135.35449532359976
135.33155143032758
135.3315470274881
135.3466491107671
135.46147330731415
135.51722661032554
135.5252638804874
135.5255762666564
135.52487504544987
135.53442326970992
135.53442131917402
135.53429054122003
135.55570009091872
135.55820700812814
135.55796469786773
135.55890764090728
135.55915395527938
135.56498447006842
135.5741185194241
135.5741185194241
135.57412191860564
135.58859807818686
135.6000480533005
135.60003794875593
135.6050690003542
135.6124894737928
135.61213984745666
135.61221270322642
135.61759561735866
135.619667255758
135.59552944467112
135.5950785163387
135.84491705210817
135.85054592750276
135.8506683075702
135.85067567294197
135.86814163621116
135.8905224012312
135.89025041331993
135.87758704133134
135.8775881905618
135.87856681583693
135.88126420368894
135.87703602802958
135.87703600957192
135.89272685721895
135.9499007179076
135.95448430513943
135.96176155067104
136.21080836951532
136.2073466401613
136.19811163296964
136.21536295017688
136.21536612558882
136.21510597478692
136.22503252138162
136.22414226721972
136.23984027093348
136.22875948755595
136.22051987403032
136.22880065531498
136.2304189357885
136.23055434921446
136.2188817774196
136.21916118017924
136.22125770917265
136.22121035858441
136.2495609814028
136.25265073574664
136.25520979565582
136.2758323896387
136.29519564687473
136.29612710628902
136.30517599150886
136.30204116921726
136.2910255371391
136.29111109372596
136.2987096317159
136.28820432734068
136.30355169379717
136.30355203895942
136.30430507326534
136.30264846485593
136.4195709368374
136.4195701738111
136.41346957457935
136.42421497847488
136.5018670434764
136.50406104629306
136.49331564239753
136.49580905679687
136.49462821165966
136.4975108193612
136.49419453760538
136.49419822107535
136.50370517355617
136.50370517355617
136.50370517355617
136.50406104629306
136.50826305726923
136.51238868488025
136.54102963747573
136.5402403272356
136.67996387577665
136.67996435805296
136.67717254184777
136.6761533554084
136.67702792887252
136.6777680887639
136.6777680887639
136.6882633408186
136.6882633408186
136.69028734614554
136.6913065325849
136.7012832532363
136.70125642738157
136.70594458333366
136.70962615815338
136.71025625726034
136.70997287912584
136.83401800740384
136.83401801172684
136.8340201250895
136.83591455724752
136.8362800950029
136.83504248057432
136.8387833156299
136.83884059406688
136.83884518583005
136.843498416892
136.843498416892
136.85253128671312
136.85283978806845
136.85037853202425
136.8504052890165
136.8504056629468
136.85040657580376
136.8491733914507
136.8491733914507
136.84998525718538
136.84882045883543
136.84928535482953
136.85283978806845
136.85300044406773
136.86734209383945
136.86769985428555
136.8676999321676
136.86824862544177
136.86876461961378
136.86924464329888
136.86924464329888
136.86944658070493
136.86944697648505
136.86944697648505
136.93276698859503
136.93329489216805
136.93303316700394
136.93479436275308
136.9349142424576
136.93831230635055
136.93988118085528
137.00942410153323
137.00947863005717
137.01180100766373
137.01180099192675
137.0118990052333
137.0121611421789
137.01314578303212
137.0752306321341
137.07515667589746
137.07541428424256
137.0755791357023
137.0760013783009
137.07824814026355
137.07824814026355
137.08044385953028
137.11063864492215
137.17931046058487
137.17931148144572
137.17959080470158
137.17948939617952
137.1788646212501
137.24904367336592
137.24968040661412
137.2496913612632
137.2636972256551
137.266008648234
137.32882883808247
137.3475303080264
137.34770273813461
137.34770271783205
137.34732175245153
137.3473310090793
137.3476087101186
137.34716270336025
137.3470744613698
137.34754898481475
137.34739038397132
137.3477659900395
137.3477659900395
137.41748385051275
137.41724281040234
137.41724288529747
137.48615819641037
137.48615877546695
137.4863604083496
137.4858870936346
137.4859918360753
137.4860815356805
137.48689640207533
137.48689783255224
137.48747498511938
137.48851162112138
137.48885658335104
137.48886416599558
137.49061694971465
137.49106958730277
137.4905412421268
137.49054139470638
137.49028332796732
137.49076416813506
137.49076440145404
137.49076440145404
137.49092519063845
137.49408319620082
137.55660521975227
137.5566055678867
137.57530726835122
137.57525011080077
137.5754903490535
137.5755690578135
137.57754092612683
137.57723899043026
137.57770051539788
137.57769954509698
137.57769954509698
137.5778176136416
137.57812840936109
137.57815310620435
137.57903316392765
137.58022475760708
137.58022475760708
137.5812031754098
137.58102499906948
137.58070383415304
137.58024569295156
137.58027611577975
137.58027648459625
137.5943224691861
137.5943224691861
137.60823255577634
137.60753293299376
137.60753482594157
137.60805425610494
137.60768387978362
137.60775559983466
137.60828128589176
137.60815309707422
137.60836840817635
137.61295866456865
137.61415913000195
137.61420931395415
137.61452336663413
137.61415748769846
137.61447644993413
137.6331779241456
137.63373511298357
137.63404443888624
137.6345784509187
137.63426714891463
137.63416201306026
137.63465368752944
137.6360697458006
137.6360697458006
137.63596911443767
137.6359693432903
137.6362415469526
137.63646640299118
137.63646640299118
137.6367894646944
137.6362186422717
137.6362186422717
137.637245616091
137.64047551974016
137.64047565456565
137.64140742700647
137.64161642431662
137.64161642431662
137.640194855674
137.70158736241623
137.70158736241623
137.76423705321173
137.7645367940089
137.82563865862375
137.8270920049039
137.89646776505523
137.89647800687837
137.89633465127378
137.8970251674302
137.89774223735276
137.89720360439497
137.89720360439497
137.89823093670694
137.89895582504704
137.89869471999265
137.8992584390786
137.8992700752081
137.8983740352549
137.89861262331976
137.89845463608867
137.89861262331976
137.8988217607917
137.8994093832452
137.89961300885363
137.9279941692684
137.94669573761448
137.94678600302186
137.9465530492515
137.9465530324517
137.94679628150814
137.94696303187186
137.9484936140075
137.94860953307324
137.94820653449202
137.94848992412847
137.94822876777428
137.94834870540944
137.94834870540944
137.94845770383498
137.94896964700033
137.95148685283078
137.9515103183051
137.9495540429617
137.94962573507033
137.94963028813862
138.0129568184736
138.0129568184736
138.01494786018742
138.08202053791928
138.08202053791928
138.08202053791928
138.0821686253148
138.08221177922715
138.08285333504944
138.08357506065838
138.08178246411052
138.08212908438733
138.14505308726882
138.1455607777034
138.14517695139534
138.14487177329426
138.1450448613669
138.14316750450683
138.1433340761341
138.1429313529097
138.1429670456502
138.1430453656826
138.14304544037753
138.1455607777034
138.14570628978083
138.14546099288745
138.145365144499
138.14551346690237
138.15251971544612
138.15251971544612
138.152516160307
138.15371778124813
138.15371778124813
138.15388208358743
138.15389969217887
138.1539606023458
138.16096521017602
138.16109242797367
138.16120432507572
138.16120462067437
138.1749441775717
138.20953727519657
138.20925932326537
138.21622455910403
138.21632169047297
138.21637490008928
138.2162898877414
138.2165622623338
138.2171136388258
138.2170057349954
138.2171093006514
138.217129092715
138.21712960707077
138.23146219573098
138.2317254420896
138.23188721998935
138.23194354384367
138.23194462030386
138.23200729326626
138.2321365006689
138.24148714151616
138.24150415439718
138.2415115159648
138.24162860300692
138.24154441218155
138.241562603989
138.2417271989024
138.24172742725952
138.24172742725952
138.2732994980266
138.27424680832073
138.27424680832073
138.27424410630164
138.27424435956036
138.2740533855613
138.27405822752303
138.27548631253504
138.27641860299184
138.27690287209845
138.2770202973637
138.2772410718191
138.2865917021437
138.2866415282948
138.2866415282948
138.28667836010388
138.2869142024898
138.28715276164294
138.28715276164294
138.287048956729
138.28716260000292
138.28740678965843
138.28740678965843
138.28740678965843
138.28795166162328
138.28795639510128
138.2881856222317
138.28822423348987
138.28822423997946
138.28836461093294
138.3020409585971
138.3020411780716
138.3018951138271
138.3020409585971
