with mode=1, handoff cost coefficient = 1.0
133.96495937618172
133.96321090866545
134.05594376034406
134.199830593912
134.23427799876305
134.26640320844322
134.3085688011099
134.33762771489967
134.3438394234207
134.3470958137514
134.35052875162177
134.4018161570612
134.4242093563722
134.46014675058672
134.4732772618037
134.53398137972695
134.55306145866913
134.6429012133098
134.720043786889
134.74648074868406
134.88323751623037
134.92112541049133
134.9468865002433
135.0006888940313
135.05478706226538
135.0915380785354
135.1305754680857
135.17641274205366
135.23873710412076
135.25241673898535
135.26640224673795
135.3416686065786
135.34754471499144
135.3500407633869
135.35192335963896
135.41347750924365
135.4316469922447
135.43460020948802
135.443446705774
135.46075561704185
135.46762853508946
135.52195111748435
135.5890623294178
135.60598620517285
135.68709988869597
135.70726587557462
135.70411634056947
135.84027111606167
135.84377137805512
135.87640018693793
135.89979569881388
135.9721055948849
135.974437081239
135.9787969066488
135.97946664912442
136.00961347824816
136.0935114687602
136.17122192750946
136.25527991277733
136.25887011208346
136.25150454715612
136.26801311461364
136.3374460300351
136.38039015466836
136.38337852119489
136.42512227251552
136.48401092416736
136.50293821381263
136.50644216461916
136.52716433955564
136.53351233936132
136.55055357337977
136.58996104903363
136.73975973452008
136.74850563568162
136.91182447591592
136.9143603565815
136.92043814475218
136.9218652203952
137.00425094928084
137.0054400132975
137.01079174615262
137.01792688185196
137.03270794782367
137.12395394006165
137.17754618397396
137.26601217823256
137.3352630604676
137.33856964504827
137.43153811547194
137.4474638595851
137.44756521836734
137.46909101905453
137.48900863133122
137.48366226196177
137.49339385876647
137.49519722080024
137.49836026256523
137.59580530272575
137.6760519989782
137.69222695391574
137.70456160920787
137.71598884028126
137.77474284611418
137.77947130748515
137.77578097759266
137.77529161174863
137.78948768466313
137.9436680346843
137.95565065389295
138.05059306507184
138.06177280746883
138.14867334696217
138.16065216933134
138.18042434420892
138.25571638876153
138.24674911865603
138.26723463829018
138.2838009863933
138.30959644022434
138.3251501777017
138.34116231069788
138.35153235153425
138.36260646314517
138.36372891372685
138.37555295056063
138.3734437386846
138.40987001929594
138.48750766063895
138.5026964788185
138.50717727084375
138.49980033532682
138.5618075207079
138.5591386676708
138.74588565962688
138.74692649546768
138.7493774246996
138.85842999498902
138.84842447501853
138.848456738452
138.87307700903156
138.87104484015316
138.97007623536078
138.97551581580015
139.0133584461783
139.08766080076975
139.08415104483305
139.10816482365902
139.1398954439652
139.14318136846347
139.17050531078297
139.18295227907987
139.18445249212593
139.18676450316832
139.19092869325914
139.20126283697203
139.26710685627157
139.263555042273
139.31871852024665
139.3345556948542
139.3964210345294
139.39261950542468
139.42983396606894
139.43099757691144
139.42812098798024
139.43841784753758
139.44070832250276
139.44027441992256
139.43921478029307
139.5010200128849
139.49576215855902
139.55588010565498
139.59289937074251
139.59776028269843
139.62870309920132
139.62990867483953
139.65120941963022
139.6496810840809
139.68293452393752
139.7007481280282
139.69547395479407
139.70654724122608
139.71064973481953
139.72936221641538
139.73041534863353
139.7300532324598
139.73404047670073
139.81875037809863
139.8270450274311
139.84140054637777
139.8468307863164
139.8469691650705
139.84865335643832
139.91048131648844
139.91473559618206
139.946454737608
139.94494810873582
139.93618764908825
139.9592327012978
139.97888379411006
140.00119676985622
140.01183102956898
140.0788445300358
140.08299468019047
140.12473909599802
140.12067614633577
140.1235046782013
140.12068090420192
140.12772033281445
140.1489747190407
140.1651497465745
140.18871504623743
140.2095840918686
140.23293102366117
140.23549277558558
140.2278163649504
140.23372884441045
140.24241582556195
140.2628359554605
140.26538487784268
140.33293445363512
140.32290328817476
140.32353482228964
140.3136659188479
140.30049920226566
140.30706331513503
140.31174017011352
140.31738454603925
140.34417923515417
140.34558044733518
140.4021463614044
140.49742769510144
140.50772806129086
140.51377643882685
140.59082028059044
140.63431866726177
140.67883332793858
140.68128320882806
140.68445803567474
140.68013132467132
140.68174759108066
140.67812121320793
140.68146619181746
140.69783251881373
140.69860024680125
140.70737402011702
140.70506206394293
140.6997434087857
140.69737250651295
140.69188475062865
140.69284432531353
140.69204415533113
140.6944510758238
140.69570840038176
140.7008434024054
140.76568077605788
140.7648285161337
140.76671899293666
140.7774056376007
140.80364292009682
140.80687975780398
140.8115284293603
140.82444449108178
140.85862768968886
140.8835824313216
140.90073729865117
140.8976562243083
140.89811121336157
140.90104334490903
140.90030647296965
140.90427730681625
140.90584257251103
140.90330289690894
140.9249057869774
140.92009033205647
140.91605322068426
140.91230600914014
140.91424619729253
140.91149111982608
140.91568823185688
140.9149786454807
140.91408084263665
140.9556419546829
140.95127867236982
140.956040430951
140.96774473272
140.9628622413668
141.01043104845155
141.01043009683545
141.05882917991855
141.07810073944972
141.1382572585514
141.13203674236442
141.15330783254217
141.2301472056857
141.22899471920636
141.26391067035834
141.26639334021277
141.2665458821061
141.2689498038314
141.26933962506754
141.27846673574686
141.2977243426229
141.296736643915
141.30090004987323
141.29837560189486
141.30292790547708
141.3074587498109
141.30726683486478
141.32705048838267
141.34234227688404
141.35777884001544
141.35437370237844
141.35064665252108
141.4153372128495
141.41273300908756
141.41809284502216
141.426787248697
141.42641854308698
141.4416511669134
141.43774918047097
141.4465317497153
141.44924872810458
141.4734642504826
141.4742395900309
141.51152128228821
141.5329699201654
141.55572630760923
141.56042189425347
141.58553693531852
141.62828522965097
141.6277798241515
141.62961333299552
141.6308360790024
141.65442861049155
141.66726863811218
141.66615220740408
141.68026649384845
141.68407739753837
141.70681556607224
141.7043912534357
141.78238472105465
141.81212973174942
141.81115312422781
141.81270554477297
141.8337558686854
141.8494894972919
141.8751307187363
141.93495671312306
141.92964132517324
141.9321166313094
141.93223614972322
141.9560576327656
141.96916824711073
141.96899816301425
142.0303852354138
142.0713834224774
142.1156942271873
142.11300842397122
142.11255408993992
142.13490583716134
142.158316502979
142.16067920603558
142.15816405453498
142.156039556683
142.1568690169817
142.25160083751678
142.24817889463895
142.25184679938846
142.25370229856696
142.29568366204379
142.2965853510128
142.30011190639547
142.30298877354554
142.36568269716983
142.3626428585052
142.36178195199213
142.37987726961128
142.3904592852075
142.3954466493109
142.4455098899866
142.4948127738286
142.49516744108254
142.5099642821
142.5273748342576
142.52995626734904
142.52838362079711
142.55035792701358
142.550915005598
142.578566450349
142.606799650642
142.60266090180045
142.68953437043055
142.68767284478724
142.68406089778503
142.68135107527954
142.67970335304327
142.6804988173575
142.68566978381008
142.71546629555965
142.7118900160573
142.71730846002868
142.82966598384775
142.83498874561258
142.83881773846664
142.84317486609766
142.83798778685372
142.90539246325397
142.95421692454417
142.95600608649465
142.95788251258074
142.95822570759168
142.9603162979297
142.9821437250749
143.010670253809
143.00837020056602
143.02416885394723
143.0271943403076
143.02250179339862
143.03805917477516
143.13315947918238
143.13157225000273
143.1304560509162
143.13331681425973
143.1510854718573
143.2128783837676
143.260775604449
143.29994574380356
143.3074763342886
143.3040346043899
143.30227813375564
143.30203987954533
143.31873266482106
143.34286767264084
143.34264710568652
143.34485363877644
143.34507068081166
143.34130396355653
143.34262213385568
143.3535348328763
143.3517207068688
143.41285286688384
143.41380945793824
143.4098829190663
143.41849333530791
143.4188827983736
143.42389157354728
143.4240491045114
143.4863274732374
143.4812898909053
143.47933534488166
143.54244525291995
143.54810832364183
143.55058537271242
143.55992318637666
143.5896806300136
143.5856050878803
143.60402334320423
143.60565485942956
143.60598760667787
143.60612191724582
143.60122620681162
143.63349591950308
143.63537019732362
143.63619003071332
143.63701145633365
143.63633713265108
143.64126554563836
143.6417955867317
143.64902324273314
143.64538983026347
143.64059800780765
143.64209252496465
143.64511798058794
143.64532915996764
143.67124040418713
143.6917071347015
143.69001384054752
143.74732591282486
143.75379313441422
143.77130806050025
143.81576377934655
143.8160925598377
143.81898134956566
143.80894476709557
143.82261156749067
143.83088528260978
143.82916496630867
143.85900943173925
143.8666674157119
143.87185686588666
143.8857274257446
143.8730985936839
143.94933823553052
143.96050681448264
143.9622938778803
143.9417788507153
144.01053827147976
144.07156645315504
144.07618830044538
144.07618830044538
