with mode=3, handoff cost coefficient = 1.0
158.1146569850532
158.41127396949605
158.68202228520562
158.89607192042916
159.98767790503928
160.37625870451132
160.74607273022963
160.83929560269695
160.84151266019367
160.90622713203527
160.98979436705963
161.01254223596422
162.03934604522593
162.22759021511655
162.22754742184216
162.24113958045885
162.25256237395735
162.27113311006448
162.2798328961709
162.28442182066
162.2922129439046
162.2882606366164
162.28825122970574
162.65153909939468
162.65248727167787
162.652440132515
163.0047469249861
163.05001224301068
163.0500082729158
163.0622836711651
163.0535890086352
163.09114111819977
163.08501777744198
163.0690272141612
163.10488170964217
163.12128417267502
163.27876544832708
163.27874552457604
163.2767242930396
163.27678387772536
163.27678387772536
163.28389074529957
163.28611171910032
163.42814126197297
163.45805053930704
163.7821194720022
163.78743190875176
163.78797287370895
163.78798411826486
163.790883827702
163.79293869022456
163.79403899700336
163.79401323099336
163.79389295714898
163.79389295714898
163.79389295714898
164.08506723337106
164.08509782447513
164.10725666199463
164.107341692799
164.10757787337076
164.10750495608056
164.304971928483
164.31780595390404
164.31783567010123
164.33578121813886
164.3605274792949
164.3723768815298
164.38242559386396
164.3915526664732
164.39158038425077
164.3959119151381
164.39546026123102
164.39546026123102
164.39551742866385
164.39771268522813
164.39771022071002
164.4096073391069
164.4141193080223
164.41405729825138
164.4140294079064
164.42106935361
164.4210548836027
164.42108811074422
164.42115592959541
164.42115592959541
164.42115592959541
164.42115592959541
164.42115592959541
164.42115592959541
164.42115592959541
164.42115592959541
164.42115592959541
164.44144098230407
164.44137706038754
164.44209270330862
164.44449347468307
164.44958225987048
164.4494665619526
164.4543960748764
164.6183718997611
164.6188607580369
164.62067285592926
164.62070693748333
164.62130708037725
164.75734336972894
164.75735586204533
164.75736341180752
164.76217813534961
164.90953764737586
164.91286388424882
164.91453205912282
164.9145066873277
164.91708102327325
164.93077237585885
164.9307671542556
164.93073717099702
164.94160096581305
164.9450095113064
164.94502040174336
164.94500962221016
164.94745114643402
164.94744380999376
164.9474511754002
164.95386872571967
164.9558318565971
164.95576656132576
164.95579832175076
164.95578081222502
164.95578081222502
164.95912330772137
164.9645404465755
164.96418872131642
164.96805351137414
164.9784118534162
164.97926232373817
164.9774282061043
164.97927125656184
164.97927125656184
164.97927125656184
164.97934218417467
164.97934218417467
164.97934218417467
164.97934218417467
164.97934218417467
164.97934218417467
164.97934218417467
164.97934218417467
164.97934218417467
164.97934218417467
164.98114686002802
164.98112252601044
164.98114681457628
164.9811411759489
164.9811411759489
165.0904992905707
165.09253296992398
165.09255091020313
165.09250207646917
165.0938220999493
165.0938220999493
165.0938220999493
165.0938220999493
165.0938220999493
165.0938220999493
165.0938220999493
165.0938220999493
165.0938220999493
165.0938220999493
165.0938220999493
165.0938220999493
165.0970959861788
165.09714397669606
165.09715350890437
165.09740845836498
165.09740845836498
165.09740845836498
165.09740845836498
165.09740845836498
165.09740845836498
165.09740845836498
165.09740845836498
165.09740845836498
165.09740845836498
165.09740845836498
165.09740845836498
165.09740845836498
165.09740845836498
165.09740845836498
165.09740845836498
165.09740845836498
165.09740845836498
165.09740845836498
165.09740845836498
165.09740845836498
165.09740845836498
165.09740845836498
165.09740845836498
165.09740845836498
165.09740845836498
165.09740845836498
165.09740845836498
165.09740845836498
165.09740845836498
165.09740845836498
165.09740845836498
165.09740845836498
165.09740845836498
165.09740845836498
165.09740845836498
165.09740845836498
165.09740845836498
165.09740845836498
165.09740845836498
165.09740845836498
165.09740845836498
165.09740845836498
165.09740845836498
165.09740845836498
165.09740845836498
165.09740845836498
165.09740845836498
165.09740845836498
165.09740845836498
165.1749610472165
165.1749548100937
165.1736492639691
165.1754540456289
165.1754540456289
165.1754540456289
165.17545652887677
165.17545652887677
165.17545652887677
165.17545652887677
165.17545652887677
165.17545652887677
165.17545652887677
165.3361829388938
165.3370222367704
165.33707814820116
165.33739643872377
165.33739643872377
165.33739643872377
165.33739643872377
165.33739643872377
165.33739643872377
165.33924421795925
165.33931095594522
165.33926222970942
165.33946702422196
165.3409036735426
165.3409036735426
165.34119293450445
165.34118117277654
165.34118117277654
165.34124226352012
165.34124226352012
165.34124226352012
165.34124226352012
165.34124226352012
165.34124226352012
165.34124226352012
165.34124226352012
165.34124226352012
165.34124226352012
165.34124226352012
165.34124226352012
165.34124226352012
165.34124226352012
165.34124226352012
165.34124226352012
165.34124226352012
165.34124226352012
165.34124226352012
165.34124226352012
165.34124226352012
165.34124226352012
165.34124226352012
165.34124226352012
165.34124226352012
165.34124226352012
165.34124226352012
165.34124226352012
165.34124226352012
165.34124226352012
165.40689103953412
165.40622962605903
165.40621062206
165.4061936154189
165.4061936154189
165.40911509089395
165.40915374140317
165.40915785495935
165.4091361049837
165.4091361049837
165.4091361049837
165.4091361049837
165.4118197058985
165.4118882943419
165.41183876776444
165.4118170580711
165.4118170580711
165.4118170580711
165.4118170580711
165.4118170580711
165.4118170580711
165.4118170580711
165.4118170580711
165.4118170580711
165.4118170580711
165.4118170580711
165.4118170580711
165.4118170580711
165.4118170580711
165.4118170580711
165.4118170580711
165.4118170580711
165.4118170580711
165.4118170580711
165.4118170580711
165.4118170580711
165.4118170580711
165.4118170580711
165.4118170580711
165.4118170580711
165.4118170580711
165.4118170580711
165.4118170580711
165.4118170580711
165.4118170580711
165.4118170580711
165.4118170580711
165.4118170580711
165.4118170580711
165.4118170580711
165.4118170580711
165.4118170580711
165.4118170580711
165.4118170580711
165.4118170580711
165.4118170580711
165.4118170580711
165.4118170580711
165.4118170580711
165.4118170580711
165.4118170580711
165.4118170580711
165.4118170580711
165.4118170580711
165.4118170580711
165.4118170580711
165.4118170580711
165.4118170580711
165.4118170580711
165.4118170580711
165.4118170580711
165.4118170580711
165.4118170580711
165.4118170580711
165.4118170580711
165.4118170580711
165.4118170580711
165.4118170580711
165.4118170580711
165.4118170580711
165.4118170580711
165.4118170580711
165.4118170580711
165.4118170580711
165.4118170580711
165.41361454821993
165.41362867585963
165.4136489674997
165.41400974945313
165.41400974945313
165.41400974945313
165.46046287689157
165.46256156975508
165.46259593999358
165.46298995533513
165.46296625424884
165.46296625424884
165.46296625424884
165.46296625424884
165.46296625424884
165.46296625424884
165.46296625424884
165.46296625424884
165.46296625424884
165.46296625424884
165.46296625424884
165.46296625424884
165.46296625424884
165.46296625424884
165.46429131136816
165.46429131136816
165.46429131136816
165.46429131136816
165.46429131136816
165.46429131136816
165.46429131136816
165.46429131136816
165.46429131136816
165.46429131136816
165.46429131136816
165.46429131136816
165.46429131136816
165.46429131136816
165.46429131136816
165.46429131136816
165.46429131136816
165.46429131136816
165.46612133060182
165.46611754483925
165.46608900228907
165.46612242556736
165.46612242556736
165.46612242556736
165.46612242556736
165.46612242556736
165.46612242556736
165.46612242556736
165.46612242556736
165.46612242556736
165.46612242556736
165.46612242556736
165.46612242556736
165.46612242556736
165.46612242556736
165.46612242556736
165.46612242556736
165.46612242556736
165.46612242556736
165.46612242556736
165.46612242556736
165.46612242556736
165.46612242556736
165.46612242556736
165.46612242556736
165.46612242556736
165.46612242556736
165.46612242556736
165.46612242556736
165.46612242556736
165.46612242556736
165.46612242556736
165.46612242556736
165.46612242556736
165.46612242556736
165.46612242556736
165.46612242556736
165.46612242556736
165.46612242556736
165.46612242556736
165.46612242556736
165.46612242556736
165.46612242556736
165.46612242556736
165.46612242556736
165.46612242556736
165.46612242556736
165.46612242556736
165.46612242556736
165.46612242556736
165.46612242556736
165.46612242556736
165.46612242556736
165.46612242556736
165.46612242556736
165.46612242556736
165.46612242556736
165.46612242556736
165.46612242556736
165.46612242556736
165.46612242556736
165.46612242556736
165.46612242556736
165.46612242556736
165.46612242556736
165.46612242556736
165.46612242556736
165.46612242556736
165.46612242556736
165.46612242556736
165.46612242556736
165.46612242556736
165.46612242556736
165.46612242556736
165.46612242556736
165.46612242556736
165.46612242556736
165.46612242556736
165.46612242556736
165.46612242556736
165.46612242556736
165.46612242556736
165.46612242556736
165.46612242556736
165.46612242556736
165.46612242556736
165.46612242556736
165.46612133060182
