with mode=0, handoff cost coefficient = 1.0
158.1146569850532
158.09464779185575
158.03872981795976
158.09464779185575
158.08119461072152
158.2205811567942
158.30786432902693
158.3653476449721
158.3857902432143
158.37904070850792
158.37794789891893
158.35021411964638
158.38221973907656
158.31189237068844
158.27549963613666
158.22884328371777
158.45397670987342
158.45958931704848
158.38705782717642
158.48903404855562
158.50030643730355
158.73981383279965
158.76095347337355
158.76096136161934
158.73982172104547
158.74678703950062
158.704068721399
158.74200678761244
158.9007451204874
158.9008328416094
158.90082099860638
159.57669132179313
159.58259261793995
159.45353790645737
159.47084188977092
159.46815040235333
159.50772712414744
159.53897691058302
159.54520675105587
159.63052043169705
159.67707962008305
159.91951333022539
159.91565358811766
159.90562433100246
159.89742172939083
159.9252372724164
159.90256191473347
159.9191418897778
159.9272869362315
159.92379107278313
159.87730912283632
159.82013461261238
160.48590881955764
160.59893459300662
160.59894010161494
160.555518059587
160.6165471751195
160.57499761748642
160.57497023549868
160.6223819762268
160.59682653926976
160.59770240238586
160.5728504530316
160.5747329117494
160.5747883130688
160.59964026242304
160.54794631238045
160.54794271480492
160.60678685734308
160.6223819762268
160.9577698155288
160.96761466594702
160.96447883195484
160.93807522013623
160.93638287996586
160.94247746682765
160.93638287996586
160.936434126394
160.94423453604387
160.94742163126745
161.01151770248558
161.132026027402
161.16123627419879
161.2741516883615
161.2884223749069
161.30824430172248
161.27480102149872
161.33799903137617
161.34496637383702
161.32419650865955
161.41575996728525
161.4157600900079
161.41855745041303
161.41960744270597
161.4436246731255
161.43811117428615
161.4742136905468
161.47735300448446
161.80515890151332
161.804566525451
161.7968524952538
161.79784030840452
161.7980094471269
161.7990524916054
161.80130713854143
161.8356776633108
161.81671822674835
161.81989291044334
161.7940721776126
161.80854951391095
161.82026444893725
161.82026492534246
161.82404924954454
161.82407589790014
161.82389893032888
161.8356776633108
161.83737427212063
161.83738511400315
161.83769275535468
161.83763752696325
161.83637649722084
161.836619983545
161.8362988010703
161.83693674329615
161.83332850077565
161.83334386579764
161.83364105588979
161.84623533162335
161.83949113115847
161.8437588067887
161.84403459155251
161.8437932809872
161.8443653270947
161.8694399057957
161.87099530324036
161.87142273142567
161.91916277347204
161.91940408403735
161.92146755574208
161.91923583694103
161.9327002676879
161.93307752099003
161.9333524843857
161.93246352864028
161.9785764361458
161.97900374772246
161.97833166050697
161.97854598434373
161.97828584006808
161.97881964675528
161.97852813630584
161.98060469374414
161.9819570573163
161.9819698572904
161.9819832821421
161.98342686180197
161.9834283271502
161.98275882843038
161.9830483009193
161.9769578987188
161.9778200659319
161.9778213877273
161.97808371335705
161.9783719495992
161.9779728324628
161.98342686180197
161.98430646373575
161.98528536079164
161.98528984344244
161.98529009830344
162.00844332753337
162.03115410233391
162.03135780839187
162.03176400641098
162.04192704036353
162.04449167316278
162.04449457894862
162.04505838718046
162.0450679426421
162.0467319804569
162.0472065228063
162.04853355148674
162.04872989285138
162.04835393569155
162.05379556578953
162.0552225372118
162.05366821103087
162.0633351281929
162.09213607828147
162.0948409937901
162.09523488446524
162.09555948194026
162.09559811777945
162.0942047566088
162.09420608720689
162.0942251233498
162.09586342917927
162.0958643187903
162.0964309979121
162.09643345778994
162.1027825475968
162.104214533239
162.10463295326002
162.13272777238154
162.15614236653428
162.1564168197573
162.15661992589273
162.1566818154024
162.1566880003017
162.15693392344502
162.15693469749124
162.1571542499638
162.18730464578914
162.18773631970345
162.18772772840185
162.18785680906598
162.18787968979552
162.18795950980046
162.18818838880537
162.21759645823883
162.217598407919
162.22360030733358
162.22422723710332
162.2244288163274
162.22408716802406
162.22457837032178
162.23966109040867
162.2438029613739
162.24396837367837
162.24346602986986
162.24677522793252
162.24681238401828
162.2477141798186
162.24772233650546
162.25297033763175
162.26561766667263
162.26608539126332
162.26860545324377
162.26860580892102
162.27188282557054
162.27209712830395
162.27146337975213
162.27146460767213
162.2715121127039
162.2716374397697
162.27168514660968
162.27160144043557
162.27204382547097
162.27738104597648
162.280151633108
162.2801793491949
162.28678931982085
162.28679218899453
162.28701984577765
162.28865234559424
162.288731532226
162.28910738267237
162.28933785265838
162.30167651289688
162.30195799842073
162.30200489027055
162.30393622170993
162.3039848367823
162.30564826256304
162.305649062523
162.30565098476242
162.30828577570864
162.31136273230928
162.3113633785997
162.31136338671783
162.3106283053449
162.31122205941963
162.31018602365498
162.31033637413935
162.3094883008743
162.3095460478669
162.3096154050109
162.3137673405829
162.31392042278634
162.31392307826013
162.313930425951
162.39489801759373
162.39497201459898
162.39546426692232
162.3954715360058
162.39564392235349
162.395748196712
162.4111034266987
162.41527000889286
162.41572428446221
162.4160640706575
162.41607079606013
162.41637609309788
162.41598958678605
162.41675609415478
162.41675907501275
162.41675903485464
162.42234126498425
162.42300772890093
162.42270900315617
162.43434197577153
162.43498558925725
162.4636394341043
162.4940760114586
162.50442284361503
162.50442860116263
162.50442892666507
162.52619152425547
162.52524236864588
162.52530821022515
162.52535210802242
162.52535759239314
162.52542186217548
162.52595406097134
162.5261605077679
162.5270259698617
162.52702701871223
162.5268936010015
162.52689538241847
162.5573184095154
162.5567275415407
162.55752160624
162.5575228547865
162.55768491018313
162.5576912557902
162.55769260801063
162.55692555254603
162.5606504297
162.58963169293588
162.5899621415759
162.59023021747817
162.5911525633511
162.59115312122512
162.60056715911728
162.6006674342835
162.60098561346499
162.60073214143958
162.63070717465115
162.63012521334082
162.63012589567208
162.65868737366378
162.65897106698247
162.65900430189416
162.65769124491214
162.65670118429114
162.65670099917514
162.65670224897124
162.6567127908177
162.6567131279371
162.65715950463985
162.6571640514364
162.65691240727529
162.65900430189416
162.65921459208639
162.65965058333168
162.65965240024252
162.66117165166816
162.66117179646642
162.66107590706878
162.66109683623353
162.6611306692265
162.66122395839403
162.66132689129023
162.66150752245193
162.66150907383525
162.66219901705813
162.66232233615392
162.6623121554384
162.66232233615392
162.66315052004134
162.66341456318025
162.66362915473988
162.66365149524125
162.6638398092809
162.6638594248604
162.66426346814706
162.66426359587234
162.66548827988015
162.6656102251588
162.66648049187035
162.66652995755612
162.66680947881935
162.66677033213955
162.66764561290339
162.6682554176887
162.67013440356135
162.67031680058608
162.6713010223509
162.67677427515937
162.67685949324763
162.6772569444652
162.69218632404983
162.6922860875548
162.69514967191995
162.69514342245733
162.69514967191995
162.69515164883796
162.69543459206633
162.7105910894829
162.7158574726836
162.75640330352533
162.75643061261317
162.75723763202183
162.75787441091938
162.77300946511372
162.81352357013486
162.8141814552851
162.82929515054832
162.84438712562297
162.8444225471398
162.8444342315364
162.84443478429557
162.8444706013574
162.84453346365632
162.84495240337964
162.8449526905256
162.84452136451478
162.84463561289044
162.8502126969967
162.85061440370615
162.85062100132959
162.8507127263962
162.8507520330909
162.85082041592602
162.85086888451053
162.85187279106464
162.8521842401648
162.85221923209244
162.86619494818754
162.86619500918695
162.86784143109938
162.8678416037679
162.86784182642887
162.86798426967508
162.8686163217723
162.87212415290534
162.87219043968972
162.87762028487657
162.87799941607378
162.87821138043319
162.87770917854624
162.8885861099323
162.9026957357534
162.9027140404729
162.90772962991923
162.90920078723732
162.9096365193719
162.9095690230657
162.90956971466827
162.9096430388694
162.92331164099153
162.92336963698804
162.92342813116156
162.92275640103944
162.92307333060614
162.92307353351407
162.92773100583125
162.92773155395773
162.92773178726586
162.93881091791124
162.9395402354314
162.94704137978553
162.95195974218296
162.95195997621428
162.9519232392753
162.95188993251773
162.95188963686005
162.99235500916038
162.9923864930191
162.99238734700012
162.99255393777628
162.99255425291338
163.00755277875766
163.00758419325646
163.00765677626666
163.00765729717747
163.00767705290156
163.0077630424181
163.02219297651072
163.02248769461096
163.02406531546484
163.02369497941726
163.02369501108154
163.0238993873103
163.02497202482414
163.02497262055516
163.02519570666266
163.02438812989595
163.02441578075945
163.02493960424027
163.02493960424027
163.02492174715638
163.03899313743375
163.0396211198469
163.03970986634596
163.0397100163893
163.04000543149135
163.0406600563663
163.04079820404397
163.04079820591895
163.04079820404397
