with mode=1, handoff cost coefficient = 1.0
158.1146569850532
158.1478914873174
158.18761300920306
158.2689616659645
158.34696235863126
158.37067944777465
158.4755193769614
158.56773229081693
158.61643071343363
158.6474934459401
158.67291976229848
158.76754394118237
158.8742762856766
158.91094515763118
158.9615121506733
159.04125597105116
159.05846715095134
159.1665413954606
159.2014326290143
159.3575390633862
159.3906677522829
159.4228329975614
159.5245503028446
159.54724490385098
159.78301891288183
159.81017498875906
159.81468318453517
159.82292679992253
159.8529504980062
159.86986887086846
159.92288943089602
159.9270431934072
159.94699339685116
159.98112156772547
159.99986380088552
160.04255342566253
160.06702147458955
160.12188354044736
160.1190931314186
160.15221340056664
160.1584823418094
160.2463308648308
160.27749060372525
160.3849517958375
160.38723391871284
160.42510008297603
160.43726450946698
160.42714184693003
160.43105841898384
160.52984302240586
160.5501564701753
160.5580038476422
160.5585396558919
160.64742435360483
160.72956539204299
160.81779843539852
160.85567394006785
160.92622978745595
161.03675576563333
161.108333208522
161.10214501783247
161.0990956804661
161.18018098475335
161.18467428166434
161.2380328630701
161.2526244700559
161.28212862303593
161.3240724124922
161.36471162315794
161.42868215164077
161.46654521195887
161.46987350629738
161.53072225502484
161.67478343285507
161.71635766974876
161.71226644232536
161.73521566570557
161.7329554798107
161.77615363890806
161.85519011058966
161.85584761108345
161.91431593629136
161.9183481230199
161.92694092045278
161.94767297402623
161.9457332034027
161.95363931056866
162.0697988321573
162.0978582473598
162.14539332764153
162.21293069902538
162.24776137500996
162.27874030522077
162.2844108908552
162.41006786044636
162.53030343018202
162.53071269055067
162.58853590875677
162.6237699992779
162.62643480762182
162.62404806164218
162.65788915649648
162.65758049821892
162.7204637984549
162.73440643421864
162.74862213489624
162.82066722009407
162.8101680481199
162.85070473121024
162.91078999800655
162.91651176753962
162.92113334129408
162.96826928656577
163.03257296598716
163.03489034267082
163.09111609759913
163.12132468135508
163.12284228389655
163.13243130312176
163.16197103989262
163.170353795471
163.17594609106433
163.25549638879042
163.25545040193535
163.28065231295867
163.30145710186255
163.30596676796776
163.30618059929125
163.30235525484136
163.3244806495037
163.3232831184623
163.33911647873407
163.35107901145892
163.35567472959457
163.36229063669455
163.38033482459605
163.38547542957264
163.37586762016974
163.40945540119338
163.40124318345946
163.40574987378793
163.41742070789712
163.4433025582623
163.47369364445504
163.4995201000858
163.50309338018556
163.51617655904784
163.51474066955075
163.52410419009607
163.58180526737203
163.69211429225356
163.6892966589929
163.7069950468442
163.73587328719154
163.76158934313435
163.7782404475973
163.7813242174135
163.78312129172355
163.8017137544073
163.82979588130343
163.85152155666023
163.84284134885235
163.84043680677775
163.85025498809478
163.84301174355477
163.84479487872068
163.84333876223343
163.84315692181193
163.8642311488905
163.88470916978238
163.93715231134397
164.01856758873035
164.04216244900644
164.0633684330582
164.0558621555635
164.05052856117788
164.0712972649168
164.08447878279304
164.08308811033834
164.1131629569481
164.15074422389858
164.16444605715535
164.193703790264
164.2264202977828
164.24172854731717
164.24448632844573
164.24628510379188
164.2523660644894
164.26625638257184
164.32671711559726
164.3449730822936
164.37993447463927
164.40103845946888
164.4035845618459
164.41501805656696
164.4222207231761
164.41642459517405
164.4235303794727
164.42273597565674
164.41801452471145
164.41113637555645
164.4110702575126
164.5280629673965
164.5377554324616
164.53632837873928
164.5337049884179
164.53580070676594
164.53657350539282
164.54295768103455
164.55065209295475
164.54979195037538
164.5488316113936
164.55561832645841
164.5525450965591
164.5829015549136
164.58400575326365
164.60906221514193
164.60691412832549
164.61168360884423
164.62493999384048
164.62831896754767
164.62804609177437
164.6167614491697
164.61945836710584
164.67495179801614
164.6931316915109
164.68917886899948
164.69331543866627
164.71726386408918
164.72290949229915
164.7346565234189
164.75103877213238
164.75650790496167
164.78532556584253
164.8655517739301
164.88365272676364
164.8981924990834
164.9237144223373
164.96073608564575
164.96882619669825
164.99521111566713
165.01643926099788
165.01123757066142
165.01003635328652
165.0084557778456
165.0008011946692
165.00373890218714
165.00068563151046
165.04016616733225
165.03795928630464
165.0398055267338
165.04988155918542
165.0464901429953
165.05597078809478
165.06695259770717
165.06492028165994
165.06825199888692
165.07199548250202
165.0613929407076
165.06066464241226
165.07485437204633
165.07332820948537
165.0756552506886
165.0689889144881
165.0697721606479
165.09909697495337
165.09493827421915
165.0990750635315
165.12055536197056
165.16879514029
165.17803251408375
165.17325881057553
165.1744822323921
165.2914617084511
165.29240018931384
165.2927444647689
165.31203027603283
165.30761334071838
165.3019146606622
165.33117503540956
165.33634793794184
165.36884487021933
165.36241415892945
165.36744111830131
165.45695628454212
165.51254033036778
165.51567805217115
165.5219995571013
165.53440313716885
165.59986588540667
165.6601546778444
165.69909178632162
165.70382277319445
165.7042319083818
165.7044501034318
165.75238002987754
165.76026353283416
165.80739963818465
165.81633681783725
165.8094900967188
165.80668131707503
165.80807348539554
165.8448875541801
165.83729321910084
165.84035048056666
165.87996707424946
165.87396168894847
165.90183734527457
165.95700495085256
165.9645585961268
165.96232464973866
165.99976474680474
166.0036638263247
165.99520460960284
165.9825096353638
166.04536811840677
166.05320376356173
166.0473439200486
166.1134012880098
166.12242234973738
166.12027330305463
166.2079932691492
166.20342164658464
166.20825155305587
166.26196487521872
166.29680718301552
166.29582364165478
166.3081079290976
166.40178820123518
166.4036047914287
166.39772398090614
166.3988986329602
166.4577756850677
166.45516852087454
166.45372389327474
166.4502839157789
166.49998967105105
166.5369041317709
166.5457013781483
166.61422088182746
166.6121978492194
166.60401000170083
166.6141242678007
166.62675138912772
166.6481242523532
166.65986513732568
166.65073835896152
166.66704055815586
166.6746991394592
166.73673899272285
166.7859338454339
166.7970804730267
166.80929098941843
166.84308573467052
166.8889127865125
166.90687843845672
166.91109957958628
166.91181695601963
166.90485891029317
166.91367755016196
166.92426617351117
166.91997778496702
166.9494691982162
166.9703744316596
167.02945269701178
167.03417134386348
167.0295472011226
167.10828870281406
167.13671050462622
167.1321973292528
167.15857131256692
167.1661637580495
167.17401651516354
167.16773541710262
167.16927320507662
167.19117695713604
167.19862418238813
167.2723557749363
167.32856203442904
167.32669635851818
167.3285146057645
167.33322011848026
167.33635959648444
167.33938571490782
167.38511667747636
167.42513577841058
167.42261594322883
167.42669376907597
167.43657293387795
167.43811205996448
167.44366060018828
167.4462636492863
167.44106705299976
167.4438027519979
167.43854058332786
167.4494694659333
167.48464172090007
167.51741871871738
167.542271760564
167.57883239311064
167.5884849534587
167.59501940648025
167.61396016249785
167.64659245254674
167.65016529304975
167.65808748050975
167.6691606967973
167.6641880554326
167.72859026673052
167.72167626646822
167.7098275870626
167.7017142942545
167.72359749011343
167.7646252635809
167.80767788277646
167.8091853563519
167.8609749186274
167.8731171733097
167.8843136769184
167.89239092235448
167.89415159303812
167.98183298075853
168.0170065073052
168.02413461853115
168.01604493695524
168.03165719470243
168.03424809536847
168.0723072598048
168.10232511754302
168.10800863857003
168.11804572142006
168.11552717795246
168.1383018214047
168.13751984032302
168.13650585584082
168.12919386026311
168.13378674330087
168.13097023487023
168.1419158334087
168.14032138845357
168.1627167898908
168.1918872973173
168.19280670723876
168.19495599878425
168.19846485686412
168.19487999283172
168.22436789021606
168.2258290552048
168.21604024620436
168.22240000578262
168.22042170508243
168.27964186620522
168.2725909671999
168.32031005348554
168.32708239222563
168.3393741887122
168.3463120195158
168.3373748331787
168.33521039972942
168.36121477007595
168.36001437068686
168.37138248814227
168.38249169131848
168.39134150949502
168.42895600304686
168.4483827362201
168.45646607489903
168.45152282247255
168.484582113202
168.50598384530815
168.52711332917755
168.52658360488653
168.55787631095654
168.5655887231796
168.58201015938303
168.59385297508834
168.62486136984316
168.63623815514657
168.63743541500247
168.64218780397624
168.64451530372898
168.64293124980463
168.65733372499813
168.65437660850023
168.64970865456192
168.6465454647584
168.65572136989834
168.65674678237608
168.68379904215027
168.72156245655958
168.7231424756677
168.73199538305246
168.75863879294758
168.8209660439936
168.82339533821246
168.8612899879067
168.86249557428255
168.87314150033734
168.87348632312285
168.9022241434746
168.95413067951011
