with mode=1, handoff cost coefficient = 1.0
134.62879560027943
134.7014956627136
134.73965424520358
134.7955679654769
134.8503819781989
134.96697681732928
134.96687371636455
134.97017504519718
135.0026782689847
135.00816794438276
135.07471150560812
135.09864226222592
135.12799713492586
135.13311895612176
135.15464655688086
135.23673813280348
135.31522494573042
135.38469183920384
135.39085137265783
135.4599781778886
135.52566927270246
135.53683291495338
135.576129142941
135.69294710589844
135.6962476555089
135.8116887115781
135.83365540104865
135.88160356709224
135.9229454030558
135.99799240907436
136.02137244428604
136.0774646876719
136.0778671536492
136.1579667177452
136.194934469569
136.3201686890079
136.3210563911938
136.35577700151683
136.38371393817485
136.41925706385587
136.498172122839
136.5752199233213
136.68496704352918
136.72853085700305
136.7331000423239
136.77461526258256
136.7877911225626
136.86370161304518
136.93924233313913
137.24493956250683
137.24442563157828
137.3866534535932
137.38737910371637
137.38755891885228
137.38878103342665
137.6176115657256
137.61267835671066
137.7032717493667
137.73803391880682
137.76973585950356
137.80885860799768
137.80711999219048
137.81250994053735
137.8330138459301
137.94794849066707
137.98791870594047
137.99528603193363
138.03403049696593
138.13674165193436
138.17200945808298
138.17200598818926
138.2077709813667
138.27942798468723
138.28143543333917
138.33558415017308
138.41312303850475
138.48022798530803
138.56296340078066
138.5973348989589
138.62730519902954
138.6340474935594
138.66681331598238
138.6849472839978
138.71674342374908
138.71468078240105
138.86375372102214
138.93834832000698
138.96236386695435
139.0699401687378
139.21636122283684
139.21395877356758
139.25984547259844
139.33777140427824
139.39993347883672
139.43560549746329
139.51342308117094
139.58737672516872
139.5871751125634
139.663114840381
139.68731123823812
139.83207725052125
139.83983438725093
139.86612250988682
139.8965919404598
139.92755917185963
139.92986302658335
139.93662638943974
139.9363729708934
139.9841503209198
139.99064515008993
140.02079055067907
140.06136521136554
140.13800814332006
140.18754131849255
140.30195555476632
140.31127802562196
140.3166609895749
140.31791027922276
140.38877453842667
140.41662302384668
140.41865994584356
140.4208258357452
140.44646375476523
140.59215769279177
140.6215647496331
140.6138574339921
140.64063419193022
140.6372209870325
140.73736913410733
140.7704102456048
140.7987337416015
140.83470773624316
140.8393119988259
140.91412239788113
140.98726090021722
140.99121459472667
141.03338997655734
141.0757340752624
141.10194196387516
141.14101524745115
141.13882070362456
141.13786083902562
141.1354879507238
141.13657257603046
141.17512653954546
141.17454651558418
141.17562681323693
141.20547567909782
141.21041531388087
141.2534905401876
141.24394276758778
141.28313445608708
141.28305888990445
141.2841838107607
141.316261529504
141.3155688840727
141.38649527855745
141.42759855733178
141.5015530666089
141.50293656682234
141.57372624151785
141.5755144245982
141.57569185878378
141.61085830635798
141.60161062554903
141.60245148728524
141.6265570147453
141.67185677078072
141.6968875420993
141.72161146798703
141.72632623725525
141.72498602117028
141.74175907910796
141.74159186327208
141.76816168139626
141.76359251416366
141.79281966629551
141.81478674028298
141.81375560166205
141.81090901158848
141.86785913840743
141.98449051622913
141.98462091572472
142.09313351058705
142.09037141269852
142.09271647129822
142.17135299451738
142.1749344178322
142.20296001644596
142.20420572969044
142.27706606146148
142.31142389959734
142.34054398841425
142.41547885452223
142.44554067794954
142.44416880615154
142.49109678225636
142.56743907426284
142.5947890951595
142.59120926215172
142.65981807471033
142.6879033424477
142.68354640952754
142.70558697801076
142.70802366643554
142.7415827499373
142.7857637586366
142.78291421515002
142.78399776724763
142.8055448027285
142.8360099446499
142.84805014499824
142.84726218398254
142.91542001092716
143.03093035935422
143.05137341602537
143.09309099763195
143.09132557135948
143.09395643425506
143.09351794010107
143.11453497155566
143.11767426032745
143.1168997839106
143.16168803048282
143.16363038352492
143.1598736003515
143.2158303038338
143.24753153900522
143.24111980332012
143.23965204400798
143.2777139580694
143.27701107211897
143.3079169290027
143.30304897642466
143.3063769816469
143.38038684012074
143.38043195209377
143.38048729130676
143.38049901089147
143.50850998488573
143.50763940949247
143.49831741228834
143.56649533656497
143.56773675873336
143.57046582946123
143.57117946229658
143.57734638287394
143.5739450165954
143.5737433040196
143.57976140039827
143.6075502620311
143.61254737045
143.61231844455472
143.60736328159734
143.60948378498728
143.63518364753358
143.70679478369706
143.70215084331758
143.70216177431104
143.7305819877237
143.72137186420923
143.74292441859725
143.84526335066136
143.85014489104114
143.86142093658708
143.86701245380178
143.90933278138806
143.93137754212742
144.02398401557292
144.02095815564738
144.04370133337747
144.07915012250888
144.11105727042172
144.11193067240234
144.11169379520464
144.1430869403183
144.14128839922535
144.14031491343403
144.14070857709797
144.14477578515786
144.16453208858238
144.16794313029092
144.16510963925361
144.16610208809172
144.15957742850765
144.23595679434203
144.25671727201455
144.2570503931786
144.2550677435041
144.26520984433387
144.3539999651239
144.4070866514541
144.40634140126144
144.40535145949
144.4022933202428
144.4436953374979
144.45199375761462
144.487451903936
144.48321904405267
144.52916894357867
144.63482196215398
144.70815631265492
144.72827101300498
144.75721137391008
144.75926274117634
144.78192484769772
144.81600942779946
144.8174835816773
144.81670660282987
144.81675601081622
144.8426571211281
144.84275787979752
144.8962470732005
144.89959891070538
144.90065546169458
144.8986175813439
144.92395352775105
144.92406475981602
144.92105431030484
144.9246657710268
144.93119350610783
144.972500356129
145.0049229776364
145.07418281241772
145.07158557109204
145.14576311027668
145.20765337313665
145.21353980410902
145.21493721330359
145.21998167406116
145.2427615369861
145.2609075990854
145.3379207960428
145.33490767830176
145.36386539988717
145.36941397120773
145.4458441812178
145.44590253412082
145.52965629319968
145.52887963871117
145.55379705646413
145.6054237556104
145.60600468207372
145.6068895344669
145.68213857981567
145.68783564605178
145.73821775614084
145.74136458186464
145.7426771835345
145.7473281378593
145.7479709081853
145.74976973800773
145.74568229987165
145.7748894223591
145.7896049004375
145.7940162895689
145.79134701460674
145.92125146453333
145.92174935716878
145.92258072585426
145.94219097853946
145.91764302466768
145.91698691741232
145.9228820514973
145.92556452682308
145.94040719288478
145.96044867891956
146.03870825522242
146.037339796257
146.0429547246303
146.04547232843186
146.0441110705224
146.04941452506878
146.05192614708568
146.10828572384912
146.14501762401585
146.18739745095533
146.2037540120131
146.20489969980895
146.20230795130524
146.23661398466135
146.23058680946835
146.26080297696635
146.2380168752382
146.24374919911517
146.2314204397249
146.2540476106574
146.26067065665458
146.3058890195804
146.30582327795574
146.32281202081654
146.32501235782846
146.3201701554948
146.31819923314126
146.32439424699663
146.36765433547296
146.3978934015493
146.41315121503555
146.49577906001406
146.57329510048135
146.57693009195782
146.57685208300563
146.5771772398339
146.57508445832457
146.57887010286686
146.68650498770944
146.69081850765792
146.69988825958293
146.79549066567517
146.79693791852523
146.79748687177857
146.8043836136136
146.81944573985737
146.82049908192667
146.81847405070448
146.83402324476674
146.87829069317883
146.8785454647728
146.88235647418836
146.8746906974707
146.93750677259823
146.9404850517493
146.93798695348752
147.01964298426026
147.03415625153357
147.03095036974491
147.08623230219658
147.1057206835059
147.1063642681205
147.1036392843254
147.09872684573287
147.15381146081833
147.15041110150796
147.1516952995643
147.21478067120876
147.26805732206097
147.36664805211953
147.40916610828552
147.40810399310567
147.4087271545505
147.4625066525631
147.46546760801175
147.4613453697224
147.46507337470675
147.46484295309455
147.46489631310186
147.51318259043146
147.51293651211512
147.50568079492075
147.50768626813377
147.58280002427455
147.6190483344996
147.66551161212206
147.71062414758083
147.70709887378814
147.7147229104486
147.7677174057572
147.79703814100142
147.8740048497403
147.87086106919335
147.9002639387422
147.90370827814456
147.9042950916277
147.9003408432806
147.89524512449586
147.89429345418887
147.89890175621593
147.90577931339456
147.91254636328557
148.04453155825723
148.15278709385947
148.18163643815285
148.18387235821316
148.2623139954564
148.25549910151878
148.2513560263676
148.25144960907988
148.2487911858257
148.35862523524162
148.36745349534576
148.39462026547665
148.39518561189536
148.47184293722842
148.48932771303333
148.53556422848737
148.53290378118626
148.5301811387842
148.53255376663137
148.53159682927827
148.57112863516866
148.62321246391733
148.621066579092
148.62267201951926
148.62459274059265
148.62669957151408
148.6262765983642
148.62651194306395
148.62645208566087
148.62700003695952
148.62709513489688
148.63046612129344
