with mode=0, handoff cost coefficient = 1.0
134.62879560027943
134.6269231872039
134.6396120358819
134.64654540913267
134.69232228991459
134.6916386381601
134.71522188915975
134.8488731664624
134.85941118888383
134.85939081427583
134.86359909215025
134.8635640456556
134.86866202793982
134.86866202793982
134.87650049199198
134.88029634937237
134.869999017632
134.86045584069961
134.87107391352566
134.87135304340944
134.8635048679472
134.86427988773386
134.86429553404747
134.84406150051464
134.87858555010698
134.90139653227703
134.88570774699917
134.91262161693172
135.24691949177185
135.24790786059634
135.247942907091
135.26730795782896
135.25576607212238
135.25623808319847
135.28070597119714
135.28112113206797
135.25972373375112
135.25780203509993
135.26160765839137
135.25249888014835
135.46621557779827
135.6636828242467
135.65893632367744
135.66923426154364
135.6650932813552
135.65145281101087
135.89043764664584
136.16406936428396
136.16406936428396
136.15712074209276
136.17810180371848
136.81002548593636
136.7884953538367
136.78880265676284
136.7970561532895
136.801479372353
136.7949516406388
136.7922995280691
136.7938972158268
136.7986271119465
137.10026232982767
137.10063949124992
137.10095389025273
137.1011346471572
137.1011704129274
137.11276090585082
137.07516301176298
137.07630202837524
137.0936715915297
137.10476892312604
137.0862153808602
137.0790469925783
137.07901609558564
137.0714197407482
137.0714147789153
137.11276090585082
137.1142040123452
137.11357642347562
137.1187024611889
137.12117374540594
137.1201678486057
137.13129891557398
137.12795020281231
137.128789944471
137.1254783008855
137.1254783008855
137.1274908316617
137.10625641555689
137.19885722927606
137.3288828491204
137.41563914957803
137.42398539924721
137.73351737277844
137.8695029451689
137.86972678184026
137.86952033078657
137.86959421087585
137.86959137864403
137.87553855097528
137.8746793071704
137.87478699914175
137.99056137053333
137.9905820640527
137.99984596355867
138.0037630838209
138.01089609780297
138.01138439070314
138.01042012298439
138.01168120686424
138.0126486825846
138.01303232058336
138.01323456677986
138.01786499820759
138.0274336130085
138.0274405369516
138.0277293774886
138.3319233349205
138.32989992583853
138.45602761257734
138.62842314752893
138.62393297295637
138.6215775340777
138.6215775340777
138.6329060920705
138.63328632759803
138.63719739076816
138.79768041512006
138.79891944632254
138.79846515213683
138.80127755762422
138.80303653276263
138.80389349449865
138.84827948207214
138.84762523577422
138.8469443927557
138.84963065548888
138.85183687856662
138.97587485464118
138.96975216228913
138.9696038039683
138.9570335605464
139.10265331084898
139.10116869200905
139.1091380210672
139.1098629285783
139.10527253270465
139.14375609874074
139.14410871010335
139.16492074644532
139.1664449727445
139.16653389756357
139.16954657392245
139.28852458726834
139.46312980184177
139.58517047349306
139.58389141400068
139.57877040720908
139.57918176242882
139.89662170529175
139.89935758134607
139.89935935780554
139.89935935780554
140.03520845835084
140.34603446452812
140.34631134058603
140.52096648922029
140.5226930797988
140.5247624939243
140.5183883571057
140.52145012451746
140.56981604669255
140.5871045993127
140.58713245763857
140.59034995539952
140.59038788648974
140.5937021340482
140.59373570438285
140.5891424024725
140.58494213516286
140.5818229597707
140.58662284965334
140.5866683406224
140.58664775197272
140.5866683406224
140.58544982699408
140.59301285398735
140.59373570438285
140.59398444150088
140.59739782401124
140.59740805014422
140.59393134919682
140.60158491092258
140.60146695274517
140.60304068910926
140.62023813794076
140.62514866781407
140.6258829990951
140.63162342878778
140.63049780059856
140.78847971831675
140.79066963454034
140.79094603448928
140.79009901277428
140.79062635455506
140.79163555245924
140.79232737259252
140.85336936746023
140.85410725448276
140.85423551405796
140.85423551405796
140.85455413176152
141.00882008506034
141.0223333125826
141.02468932129054
141.02775736694213
141.02828085084067
141.1155929191625
141.1287482625736
141.1293400037742
141.13031924168536
141.1276737216756
141.1279033790081
141.12632150174443
141.12636975122848
141.1255918671559
141.1816133249729
141.1857986887277
141.18624095780947
141.18702970753353
141.18702971057883
141.18737176429383
141.18737758869887
141.18737153015078
141.19643817524866
141.1964393759847
141.25837618625218
141.25842199280993
141.25842275402488
141.25842275402488
141.25842199280993
141.25506157741893
141.25694580380318
141.25842494734374
141.25762699068184
141.3199258538112
141.32304654179785
141.31910588393572
141.31966758493405
141.38612550509185
141.3856695219642
141.3868980792838
141.54384259885143
141.54472279114125
141.54703791675317
141.54702443288926
141.5497634012748
141.60430559512488
141.60363566910704
141.60363566910704
141.61416004356195
141.61416063737434
141.61452105262174
141.6145204588094
141.62348060701004
141.62348060701004
141.62348123718238
141.6245882984924
141.6245882984924
141.62485918471612
141.62485918471612
141.6255817643052
141.62558321351275
141.6256296420903
141.6279998944063
141.6303442030735
141.630152215434
141.6273732258992
141.630152215434
141.63806217836657
141.63829009330465
141.63843799805582
141.63889313095757
141.63845985956755
141.63811726189425
141.63929166802095
141.72659182657145
141.72828671973102
141.73612813890983
141.739441065938
141.7397026802315
141.7405117080502
141.7413137360035
141.89756920130566
141.89757597844846
141.8965935624382
141.89773702814324
141.8981846641112
141.89822156095556
141.89912067341933
141.89912067341933
141.89912135287523
141.89912135287523
141.9544743309918
141.9571192527949
141.95832718769591
141.95832718769591
141.95836523500174
141.95798272187147
141.9579830693187
141.95798813858235
142.0083973967617
142.00859778102273
142.00700273728899
142.00700273728899
142.00708909918495
142.00608628538737
142.00675712669067
142.00697593052138
142.00697609714763
142.00748440379385
142.00750749622588
142.00859778102273
142.00929267250802
142.01117841814516
142.08607820082796
142.08607820082796
142.08668478491572
142.08685756589205
142.11322313007113
142.1129088216959
142.11501003960518
142.11501010623888
142.1151677388536
142.11538072827048
142.11571452145392
142.14146605940707
142.14566013031347
142.14566013031347
142.1453468457557
142.14561097489153
142.1454157928264
142.14541316386848
142.14541316386848
142.17132503520673
142.1722042443984
142.17275957543055
142.17224500230432
142.1725378428442
142.17269457242438
142.17304264852618
142.20884738896788
142.20892976917713
142.208687641697
142.20882674650989
142.20907160823796
142.2881248614676
142.28868490201702
142.28875074560884
142.28875074560884
142.2889118430245
142.2892181041465
142.2888156697564
142.28918279770173
142.28937865342417
142.31719864832195
142.34278696059852
142.3421363771549
142.34217100235847
142.34225758255315
142.34105856976316
142.3722046924649
142.37272992611707
142.37312027018066
142.37335090170438
142.37337334457658
142.37342203927813
142.40457232578453
142.40467267780997
142.40497567037852
142.4048931503592
142.40745381107416
142.40747486229128
142.407477580012
142.40750720802575
142.40789932135746
142.43517166909487
142.43527057055113
142.43543560475868
142.4359515231409
142.4357455344793
142.43584211856978
142.43584211856978
142.4357455344793
142.43578927195955
142.43810261617523
142.43835255412236
142.43831797790102
142.43832377378288
142.43849653759779
142.4376622665693
142.4376025325418
142.43755905360618
142.43794464540434
142.43798924950903
142.4381573244317
142.43764045906687
142.4375834661406
142.43758354546628
142.43849653759779
142.438507602477
142.4772119134467
142.47737108191157
142.477381814426
142.47740632690804
142.47784313837082
142.47875407672478
142.47882246674106
142.4788619581239
142.47891777402197
142.49161658421815
142.49172680691595
142.49172680691595
142.49177059081978
142.53050425751155
142.53046929065482
142.53058821440382
142.5310072129871
142.53127382646153
142.53127382646153
142.53127389601624
142.53142640263312
142.5429331704918
142.5429331704918
142.5429158255746
142.54328997486908
142.56510851720333
142.56525026012784
142.56555745284246
142.5655607834217
142.56558555282322
142.5656825870832
142.56608752641037
142.56618253382192
142.56662809212673
142.58453602965886
142.58453602965886
142.58456684785438
142.58460071003765
142.5846016244336
142.58462161518025
142.58657994853252
142.58624097585587
142.60181373173492
142.60233505386913
142.60240033081385
142.60240040703331
142.60243439518973
142.60243531562352
142.60247621497825
142.60390239574178
142.60390239574178
142.60413459008245
142.60416231619894
142.6041694932056
142.60417838638227
142.6042887673581
142.60429181456206
142.60429181456206
142.60433876097696
142.604554348444
142.60457025336558
142.60457785530076
142.60472450381155
142.60478772662253
142.6047940778505
142.60484507476767
142.60497669944974
142.60500090598455
142.60497715674484
142.60497715674484
142.60519657338386
142.64381608535254
142.6438541286181
142.6439148741658
142.64421965284163
142.64425826697706
142.6442815988106
142.64425826697706
142.6442866368577
142.6442866400561
142.64498614588362
142.64498615863408
142.64583089184868
142.64583515077132
142.68521680874045
142.72377201553778
142.76235125079597
142.76235125079597
142.76235125079597
142.76244915268248
142.76258458720272
