with mode=0, handoff cost coefficient = 1.0
158.04230447199623
157.77771400315152
157.77685494449577
157.78305294581827
157.7505795433987
157.750516613616
157.73580083720717
157.80165353979135
158.0162867285016
158.0211364867267
158.04230447199623
158.04809425927897
158.0145538244798
158.03054547783967
158.17671980817008
158.15809550035715
158.15245906298918
158.15245138037733
158.13413556354877
158.13413556354877
158.17528887654868
158.17316088816625
158.22171085549564
158.22674152946345
158.22674152946345
158.23032671990694
158.23030110672715
158.27414200726975
158.27753059112183
158.27750567646112
158.282106176833
158.2915582330559
158.3719412262282
158.42892957992493
158.451530967998
158.451530967998
158.4477957866059
158.4486179833991
158.448699689423
158.44680673054918
158.4468156909875
158.44683935324557
158.44877402668712
158.49189146132488
158.49216723331315
158.4903031480401
158.51025299504158
158.50513533741324
158.7204115610173
158.74520351352427
158.74818744181428
158.76077397760233
158.76243858767506
158.7624362703122
158.74922271024656
158.75092571201225
158.7535770646091
158.86219538487003
158.95989695834604
159.01576378965783
159.03880478824624
159.05277785588373
159.03735269153043
159.03735269153043
159.03110560930244
159.03110972034256
159.03110972034256
159.04220417984928
159.16066031644647
159.17742455216947
159.1862112374037
159.1943844918604
159.31059493153128
159.31070098867684
159.3659655973867
159.3659655973867
159.3919945802025
159.39203467796503
159.47718358884353
159.47843339854475
159.47845818187844
159.4643593517705
159.4652461676612
159.4658909786512
159.46682788120935
159.46796546376856
159.46861794006767
159.46879164631338
159.4684023511692
159.46983761417314
159.47845818187844
159.52559084832356
159.52622300346226
159.58407574143604
159.60206020741282
159.6026864125811
159.60269558542876
159.60367849858577
159.6318012567636
159.68874928737625
159.68909575680397
159.69413989230867
159.69413783845027
159.69494034431563
159.6949090692438
159.74296530768657
159.7700386000917
159.77035115779663
159.77345713022495
159.77473307622122
159.77101909754938
159.77010973163866
159.7725913976005
159.7747390853616
159.81574853569552
159.81588886082477
159.81725231862708
159.81732395936598
159.8173271432094
159.81776397779106
159.81777601246424
159.86639121293936
159.87673154486924
159.87673154486924
159.87671305806774
159.87671352197898
159.87671352197898
159.8622207594881
159.86567935559782
159.8655856771952
159.86487388736575
159.8664021151187
159.87673154486924
159.87577513735857
159.87684885488204
159.88013708208285
159.88036646859092
159.9339033315334
159.9579345968315
159.95834252990358
159.9596115076695
159.9596111655179
159.95944792500555
159.96021470250557
159.98908911389782
159.98909136878083
159.98934239895743
159.98934239895743
159.9894129077521
159.9894509223091
159.9893151169596
159.98961299122502
159.98961486669972
159.99122428011648
159.99209787825075
159.99864792225614
160.00120627031433
160.00610090547696
160.01133969984514
160.01143676808675
160.03400341962706
160.05633947967468
160.05642432114377
160.05647940004567
160.05599904703396
160.0566259286931
160.0606364353229
160.06079916392562
160.0656705117177
160.06674039329857
160.0667442158229
160.0667442158229
160.06673904335844
160.06673904335844
160.06575226519777
160.06503401309976
160.06499056032732
160.06685547445923
160.06690080003503
160.06672341078158
160.06794964873248
160.08793101103973
160.08984178923654
160.0902341453178
160.09045964036835
160.0916947505252
160.09174355527733
160.0920943887183
160.096512453026
160.09616161958505
160.09618887236957
160.09622381419396
160.0962422954284
160.1040359012572
160.1042023467707
160.12751834747382
160.12828690472895
160.12906130738392
160.12912148757965
160.12750523100465
160.1275300599032
160.12755248263625
160.12753879147175
160.12753879147175
160.12746822038014
160.12901365196444
160.12898998748742
160.12921031500366
160.12918451683876
160.1333591987651
160.1293266395732
160.1436289187791
160.1440195071472
160.14378675800015
160.1438103219818
160.14351881626885
160.14351881626885
160.19722810189984
160.19848524405586
160.1999367644984
160.22293724006965
160.2765269998699
160.2770594745643
160.27731120471347
160.27818137694132
160.27817852579733
160.27823550050283
160.29923280329123
160.2999777440886
160.300693796214
160.3009480767708
160.3250606666309
160.32528128172882
160.3267140801443
160.32714074922455
160.3271508461517
160.34927482218825
160.3479337480586
160.34806578445213
160.34809933530315
160.3554833668899
160.3555818012994
160.35609490822813
160.356116463195
160.35577115831046
160.35580100665248
160.3571435081186
160.3644820795622
160.36451377991693
160.3670269187103
160.36703220595837
160.37274124950667
160.37284550271013
160.37288056521618
160.37203358876832
160.3720056165212
160.37275703285235
160.37281997572902
160.37282047799522
160.37252412740355
160.4262687857877
160.42717482033055
160.42730360005822
160.42636793624746
160.4264371662141
160.4263606247643
160.4271168882851
160.42721324697106
160.42747887745793
160.42758232298792
160.42758232298792
160.42761537353928
160.4277775918241
160.4277775918241
160.42755435489212
160.42782756510155
160.42783061193862
160.42783175466045
160.4278347678077
160.4466309968104
160.4466781310151
160.44589134690548
160.4458894045056
160.4458400928495
160.4458400928495
160.4462076275609
160.4536280565444
160.45472408222182
160.4546099116582
160.45462979650813
160.45470417358368
160.45471169575598
160.45428760780362
160.45432219429944
160.45437559078545
160.45438972652786
160.45439553142393
160.50789632092963
160.51081920177077
160.51309366711445
160.52083461928865
160.54128463402762
160.54286399268858
160.54288539470622
160.5428876579676
160.5490261170729
160.54904861220763
160.54997135033167
160.55094661478128
160.55084713701103
160.55204058019328
160.55126567574115
160.5518466410546
160.6053389225804
160.60582006275752
160.60589754955362
160.61255073231595
160.61255073231595
160.6125524996307
160.61337117626357
160.61352326731526
160.61402280928147
160.6135417949245
160.6135576650878
160.6136098894848
160.61360159611343
160.62821403409083
160.6274660337267
160.62746716232164
160.62754974664514
160.62755382455882
160.63023464937322
160.64480385310011
160.64503780874148
160.64329163979676
160.64331238517616
160.64331769185884
160.64331394403905
160.64331394403905
160.64335615586654
160.66317148295124
160.66458376277896
160.6644926401964
160.66449852990866
160.6817817526005
160.68474928178648
160.68474818538166
160.68475145831934
160.73819673486284
160.7383057894008
160.7383057894008
160.73882173970367
160.73915620588318
160.74054838794422
160.74054838794422
160.74420248930718
160.74426099780678
160.7451414991878
160.74426099780678
160.74436971537554
160.74529442133326
160.74514813897576
160.74581429172576
160.74847896668348
160.74849668785433
160.74851834925542
160.74852039378254
160.74850853496588
160.74673037082954
160.77638018988355
160.7752540456755
160.77579855360008
160.7758531614362
160.7758943385418
160.77687976328792
160.77687644336928
160.79156452317238
160.7916069177119
160.7916069177119
160.7916509449667
160.7918642037555
160.79320485347168
160.79345714183137
160.79528568146574
160.7952724594759
160.81946856241115
160.82002467656818
160.82007462989742
160.82006644007546
160.82007462989742
160.82310040548853
160.8231418805047
160.8231418805047
160.8223450614712
160.82234606718274
160.82235023704018
160.82035408254714
160.82035772113588
160.8205529259757
160.8205529259757
160.82076573865805
160.8231418805047
160.8232270174666
160.82329345791732
160.8233030897385
160.8233376475506
160.82352610340024
160.82352727524056
160.82352998837882
160.82353069028764
160.82496580145528
160.82488242543914
160.82491519258443
160.82492793125675
160.8250157966206
160.8250189404586
160.83709721443685
160.8521503747268
160.85206837924974
160.8521503747268
160.8624784762131
160.8643320370546
160.86441776141555
160.8707245577091
160.87075906576567
160.87075906576567
160.87075882991772
160.87087089207208
160.87076214050134
160.8707623763493
160.8707623763493
160.88281563044407
160.88281705172213
160.88276773890482
160.88286283735124
160.88286962892994
160.88293802346135
160.89019679644036
160.88979985638045
160.88982156922788
160.89021659121005
160.890220737386
160.90527406640643
160.90657872537327
160.90666761508575
160.90677930202614
160.9071774579468
160.9072130854166
160.90734082556008
160.90748331122
160.9074952410495
160.90748472444378
160.90744909697398
160.90748068533986
160.90694398573365
160.91316824567718
160.92519110727872
160.92519238994194
160.93069042968085
160.93071528443448
160.93131705813246
160.93858140274133
160.93982186374345
160.9399405975747
160.93962814923222
160.93978190333578
160.93981991485035
160.93989087357113
160.9398838068319
160.93995102239361
160.940040616268
160.94086113220158
160.94130887319042
160.95333146732537
160.98011194919056
160.98011368251065
160.97975556954404
160.97970674625856
160.97966810650368
160.97966810650368
160.97971389028575
160.97971389028575
160.9798688880502
160.97988357357096
160.98011194919056
160.9934816696977
160.9935002874166
160.9935366861441
160.99396351334437
160.99396876419578
160.99415499928347
160.9941430008568
160.994149424004
160.99905652317452
160.999053273851
160.99910797354323
160.99910698144672
160.99910698144672
160.99911496103942
160.99914073939877
161.00274779277873
