with mode=1, handoff cost coefficient = 1.0
158.04230447199623
158.07274693706336
158.1826716045945
158.24664440060886
158.27334457720093
158.34077259396759
158.3961139471345
158.46670110911379
158.48283049336243
158.53249596551905
158.61958282089478
158.70422421411052
158.73243600575574
158.77633340166872
158.80007073076735
158.84681725539076
158.85365260922953
158.8828098757021
158.92628441369047
158.99975525643424
159.06456191683375
159.1400696039041
159.15621896492462
159.18487074166978
159.184743112274
159.20604993637366
159.23587367943182
159.24984347888474
159.30349735596312
159.3055762608266
159.3364854487765
159.3945048258774
159.41859796315188
159.42014564543405
159.43364212697574
159.44907591932062
159.4787045732574
159.4852003281639
159.49076007661714
159.53548361806645
159.5278396857613
159.58567115845074
159.6031800889829
159.66726701144418
159.68463453577297
159.7564190237626
159.80673759101603
159.85113703091167
159.8472126949485
159.92823976632894
159.95260275576393
160.0596355391284
160.09484830130384
160.09691376729847
160.17801086166673
160.17891619497846
160.18078143337766
160.16966565657202
160.21293545771186
160.22938636058106
160.25248887036864
160.29236000762972
160.3665927650795
160.404715708094
160.5339413900772
160.58910195777523
160.6486717660087
160.71729412152104
160.7468037261317
160.76764983486606
160.81117224174733
160.84563993865885
160.8496614872892
160.87208045008092
160.94944115371743
160.95502419977066
160.9625884426272
160.98738073744366
161.01659832316994
161.0121725172153
161.03364358395666
161.07349989646028
161.09535628668417
161.1630630399534
161.1991207182337
161.2043919065732
161.20474073591603
161.2550661985773
161.29739105026886
161.31632643172546
161.33115904649895
161.35236412937672
161.38280907752352
161.38400630446722
161.46895486865947
161.50767153318682
161.50608312846197
161.5228730653516
161.5412869291201
161.5941691181992
161.6466917326284
161.66179839098643
161.67305385752823
161.67339408822545
161.68666803430972
161.7359761932007
161.7353382013772
161.72491633134538
161.73675514893702
161.76712836117227
161.76995306696622
161.76898778402008
161.7818462750965
161.79991811110432
161.80346670415474
161.82418397081136
161.82777470059327
161.83826423444876
161.84001721276135
161.84262940423895
161.84380111669105
161.86288888441203
161.92707027386044
161.92442714062042
161.94849092729248
161.9803515913304
161.9880340899267
162.04400192614585
162.11698663422467
162.12292418617687
162.14927498894167
162.17336952901826
162.1693521974922
162.25506691185294
162.25313638498397
162.27253028436888
162.28736139425015
162.28474570761827
162.29179530803665
162.32155954997324
162.3219064675966
162.32338952715259
162.32722901422267
162.36679432656106
162.41642866966095
162.42365517810134
162.42293021311633
162.41200783777668
162.42152295002444
162.43580627561894
162.43466387288458
162.50291148025337
162.49055010265405
162.4949131926865
162.5069453885767
162.51461505471457
162.51743824791072
162.52271144427098
162.52913916962058
162.55046891438394
162.55811833777915
162.54992547424075
162.54378734286652
162.55692823111008
162.57846766282464
162.5767298430881
162.58450834672942
162.6059863548548
162.67847086545922
162.67067297158735
162.6805239504231
162.68980442699709
162.74338578273967
162.76384238323894
162.81654714900804
162.83809477364724
162.8469911936239
162.8846372007793
162.90223367525513
162.90713502229858
162.91353738747307
162.90138366200256
162.9167308073587
162.90740831411756
162.91592746177602
162.93030680322758
162.96679677597768
162.99321734111848
162.97674200580852
162.98712805492247
163.01199549115555
163.0039484695487
163.01307400649924
163.01529082133084
163.0094613672477
163.01466321674567
163.01671531123688
163.02987629082574
163.02818623195276
163.0406656366363
163.06212063102208
163.07446640591726
163.0829108640198
163.0846723054435
163.06871125420253
163.07179692449725
163.07677745250527
163.07228864682966
163.09367239900408
163.09251710118798
163.14332631105069
163.11038804820888
163.12101795821866
163.12344555509569
163.1521890088356
163.22698430214902
163.26625027162407
163.345250942728
163.39581788568256
163.41283502618387
163.41737745952332
163.46141859830718
163.4482082416919
163.45176961809665
163.4679490407388
163.48565132943446
163.4686808037467
163.49801217856995
163.5115406414349
163.5301044178288
163.56370441095797
163.56974514306503
163.5789148120551
163.5772692936921
163.5951442027241
163.61376987724987
163.61162635201936
163.6140632155661
163.61710162562247
163.67398705983038
163.67439275593674
163.67172016603809
163.69812155696155
163.69593944561777
163.69832502729756
163.74799509944012
163.76181805332297
163.7805896998542
163.77707479665145
163.79238454065845
163.83848990529785
163.8528047300974
163.9211539475898
163.91412144362917
163.9376557449202
163.93385393434065
163.947018086926
163.97754945726084
163.97886509778203
164.0201641698802
164.0180264549279
164.0086916929403
164.020209241365
164.02191009256325
164.02395259046386
164.0396802526187
164.04127271162056
164.02863116264334
164.02055925407677
164.01307154637723
164.03042421723794
164.038716637297
164.04814222744662
164.05840612647307
164.10002747340678
164.0888941583163
164.1722912799856
164.1849894200938
164.18657137878392
164.18841253731264
164.22246516850564
164.24543599128404
164.25743920929122
164.27566071210066
164.27177315528309
164.27162126939515
164.25020197983324
164.25822866336273
164.26669499572867
164.2610452651012
164.26314690262342
164.26634863594978
164.28487025052414
164.28403221935602
164.29372242494767
164.33368376162363
164.3410237894301
164.34986163972667
164.33971009838058
164.34043659685358
164.35089803876195
164.36974859869287
164.3607008139774
164.36723088363274
164.36945637280647
164.3683788297156
164.3538128746675
164.35613771360806
164.37366460123394
164.3999303107548
164.40314206596003
164.42886268850646
164.42927350623034
164.4662855139326
164.49848224765344
164.48430208478396
164.48342702740118
164.47531247472875
164.5187193068498
164.52192725825435
164.5630565339223
164.5574592528596
164.55670915162437
164.5666575687386
164.60117982841695
164.61070048951
164.6103712866582
164.62430879791884
164.62247058811545
164.61986472582313
164.6126429654456
164.6563423924345
164.64925688961372
164.69109919793596
164.69202590188297
164.72580007101752
164.72073392129101
164.74998386673997
164.7488299294139
164.76062662195775
164.8028852704438
164.80531102709577
164.81993223596066
164.8101353109028
164.83709833967532
164.91259876050228
164.94367578830224
164.94338502087643
164.9538878132173
165.01237490001807
165.0248089697621
165.04399194470824
165.08550571062122
165.18372168372863
165.1804646133609
165.18469431809973
165.19398205055217
165.25394541157806
165.28114767260004
165.28380909324156
165.28059144605527
165.30677612928153
165.31197999823328
165.32528479375958
165.3201703853287
165.34884988311686
165.3454296104733
165.3324160765289
165.34724742145198
165.397897040509
165.4140833330198
165.45491730918596
165.45599718958425
165.4552400948424
165.456636975171
165.4615846384854
165.50799950531234
165.53273279406056
165.52853791635846
165.52190575543207
165.52922215909447
165.54369364441152
165.5566045166934
165.55155968738325
165.58019511789297
165.5823959035968
165.57795884211876
165.58032482346505
165.5848839868742
165.59419377058384
165.64277055293266
165.65011269613632
165.67182663938874
165.69206881052162
165.71063474406589
165.7194114931827
165.71833894495262
165.75099414275212
165.74519642989762
165.7530196665356
165.80626606998112
165.84387721244406
165.83693067690768
165.88305514453364
165.88487787940613
165.883088616679
165.94948336440845
165.94350382406353
165.95040242607433
165.98302454233522
165.984774290346
165.9856737082278
165.98949710451174
166.02132817450615
166.01971328807568
166.0219490264162
166.01781181477736
166.06091822322992
166.059588818715
166.0659694960068
166.062105388757
166.10754014529724
166.1161762947158
166.11974434181545
166.11915881512027
166.11328192419265
166.1449954946839
166.1660633636865
166.16596753246688
166.16861009923207
166.20581050761962
166.2763340135336
166.29501516208344
166.34203771663104
166.32667627790067
166.33108573665302
166.33027821290867
166.3418525985223
166.33553541228142
166.3382606493369
166.3509053037988
166.3471666158809
166.39799867944262
166.4073850924515
166.42673101586934
166.4240779911612
166.46901966480195
166.46580634710224
166.54419289818114
166.5762856294986
166.57491816447816
166.58178938899437
166.5833395513418
166.5910256318939
166.61848602456246
166.6119866856114
166.60784174340412
166.64035086803943
166.6475755567281
166.64896879629774
166.6519293733631
166.64880941624236
166.6541053634129
166.65469299618783
166.6569775157279
166.6592358437385
166.65313516338406
166.646919176033
166.6583412756977
166.67883746184356
166.67466469375537
166.6836778833433
166.69841564333447
166.721156183955
166.72383340249263
166.72052043474875
166.72015442196138
166.730762985922
166.71812344834947
166.7249347026084
166.72951308443743
166.7296024953675
166.768912377712
166.80956835369435
166.83381420798239
166.81625506380516
166.84707017604666
166.8570421871027
166.940469490968
166.93840494321736
166.9383323205047
166.9373812783756
166.9339405781837
166.95556514303505
166.9485149377003
166.94765581259074
166.95746158734866
166.97038883200958
166.97071829645702
166.97713840042954
167.00973475697702
