with mode=0, handoff cost coefficient = 1.0
158.38525989969568
159.18971902309042
159.20941505049137
159.19252788189507
159.24592612536816
159.43298955780713
159.45291930237204
159.45290257040773
159.44660342835738
159.4471396443789
159.4343301731075
159.39304080725498
159.41124558329338
159.4113210834643
159.4471201239434
159.45984793230366
159.50954358562606
159.53485871416385
159.52809829647327
159.54862859037235
159.63781786985533
159.63447500563086
159.63539151144525
159.6325688343786
159.68258766003848
159.66959498434895
159.670118834477
160.16545601575268
160.16545601575268
160.16550319356475
160.1465029760841
160.1685878841937
160.16668095150914
160.16755760238817
160.16486569221345
160.1703010278597
160.17034684237768
160.16097799074123
160.15670330815382
160.056202134734
160.056202134734
160.06032966499743
160.061073547836
160.84667066012028
160.8509453427077
160.8513545916407
160.8519436716058
160.84261766372407
160.8281787714581
160.8132971713973
160.8133159830798
160.83665501053233
160.83610950556746
160.92503897434023
160.92464667392522
160.83945582392215
160.80748007239686
161.28959105537433
161.28706695061342
161.32661090498854
161.35846765300286
161.35894306330533
161.35937509899395
161.36766574248043
161.28178875373393
161.28205448336755
161.7385652391616
161.75860964661229
161.7951257155137
161.76878285684685
161.76887835128846
161.7692770621582
161.8097146240973
161.8097862594097
161.76814646371673
161.77190363008424
161.77262484177965
161.77021234956499
161.77019354271144
161.8209433851595
161.81969462557757
161.81969970576526
161.81015656316598
161.7658559425902
161.74954606977414
161.88221223415334
161.88327671170302
161.88926206391142
161.91060282397592
161.9129733221136
161.91623273721333
161.91544670123574
161.91546775115552
162.00068498620365
162.0183316568953
162.018873659116
162.03330373543523
162.01273596813206
162.04476374673064
162.0899302527821
162.08998173571902
162.0899822529579
161.97783845880656
162.03208069183688
162.03280226253528
162.0609438679107
161.98643634890274
161.99110128372138
161.99234714327432
161.98674828750916
162.08998173571902
162.10555446437138
162.11456247878218
162.13742752585455
162.23333072139303
162.2491749998629
162.28283274934068
162.30681181955535
162.2924330417736
162.29149419499984
162.33745385341462
162.33156596754318
162.3379218176962
162.33793741548232
162.35257240914117
162.3525866201951
162.373648207825
162.3685698580091
162.37003650953062
162.36951472660016
162.369528559683
162.3695296483496
162.36956055507355
162.61014868444386
162.5931260685625
162.5965287618982
162.61209897601282
162.6121088805033
162.61254441468407
162.6119477830036
162.6194041231893
162.62397177155125
162.62465102705298
162.607556112285
162.60756008701733
162.65291702283636
162.65228124463195
162.65237310049443
162.65358492677208
162.6523034961946
162.6422120996152
162.6337003161865
162.63404532099585
162.63446904197804
162.64456043855745
162.64470663980188
162.64780927997242
163.01940008028237
163.0290886858367
163.0388940171523
163.04001017566623
163.03848658977253
163.04424734991207
163.0403232445402
163.03664005438588
163.0403232445402
163.04548303880063
163.0504662671114
163.067422555301
163.23092191191097
163.2360763820597
163.23930881846653
163.24098946560858
163.24255666273362
163.24255666273362
163.2598254441114
163.26001782238504
163.25183808389565
163.34462970911818
163.3420410994906
163.34206864582086
163.34206864582086
163.3643565102112
163.36439370916128
163.38496897507218
163.3839800885556
163.392159827045
163.38084275369658
163.38132864456148
163.3802965035965
163.37973703264558
163.39316349206237
163.3931606865988
163.39435836506615
163.40468059296518
163.44286696704702
163.4505872242444
163.46734921904718
163.46955576874018
163.47192993436613
163.56347932705592
163.56536286701981
163.5622584183007
163.56240681419223
163.5664573473993
163.5557996139969
163.5643308701675
163.5617116042484
163.56883232573466
163.56886734499403
163.56886325108545
163.56150535499643
163.56151251160495
163.9275084973843
164.08886888958787
164.094732054671
164.07604026559096
164.07918428064448
164.0793629317355
164.04737660376207
164.04740512006714
164.13714432950337
164.13732445055356
164.13896271101387
164.1406041267945
164.15005040186333
164.1682154069491
164.1682154069491
164.1692641043309
164.15816467984473
164.14802725655036
164.12862464008404
164.13269464299955
164.13271226331358
164.13271938357084
164.11819806808074
164.12116194961672
164.1272468785053
164.1692641043309
164.17584899673366
164.17735714030914
164.17878038205757
164.17889155509263
164.18728315373352
164.18980351708564
164.20734612635596
164.20828185517223
164.20853428116803
164.20822053996955
164.20823323063343
164.20767442436153
164.20786148032596
164.34129515871194
164.35719668776454
164.35802765485275
164.35821288201242
164.35823160487885
164.3580813847366
164.3726802518215
164.37312513541028
164.37312866736903
164.3736902007463
164.38160264603786
164.38159928350964
164.38159928350964
164.3819499941334
164.38139034697653
164.3817240338433
164.3779532185546
164.38908612399794
164.38862434333782
164.3886335303159
164.39336206783034
164.40430964739292
164.40637693861584
164.40588984156895
164.41580569499115
164.41580598873665
164.43259853227653
164.43256930579224
164.4319795487785
164.43303248046584
164.42782328217373
164.50207018721017
164.50212829681402
164.50255439487847
164.50205112689392
164.5038235278045
164.503823789618
164.50170622479607
164.50170645473355
164.51190221474542
164.5101553606193
164.50979963414787
164.51154648827398
164.5097853186727
164.5103740088437
164.51348818536974
164.51378575756382
164.51381053242085
164.52165343880273
164.52155974978152
164.52619217573786
164.5266444982674
164.52699834375832
164.53001146794088
164.71507957924888
164.71491761743795
164.71500569554104
164.71486757724017
164.71876180707034
164.72064998807122
164.72065173009102
164.72411446140902
164.7245893586864
164.72420189531752
164.72420328861278
164.72413046322788
164.72430585970048
164.79794847707683
164.7998901225142
164.7998901225142
164.80028101264915
164.80041484234295
164.81290203829923
164.81518770636006
164.81536018100803
164.8153718513128
164.81538015905568
164.81563402916439
164.8159925829511
164.8160002566606
164.8160080778515
164.82849613247757
164.82626260032578
164.89563803318327
164.8959756726746
165.05315719153995
165.05591174883116
165.05659206091698
165.05892768387488
165.0657265013032
165.06429792817104
165.06429792817104
165.0676330388817
165.067741872565
165.068795597861
165.07905846186839
165.07951137064225
165.0795194005511
165.08374782742717
165.0833178279781
165.08390837780183
165.08391393832682
165.083798307784
165.09089309252326
165.0908202933668
165.08673530512795
165.08979509844755
165.08918187344736
165.08841866350284
165.08893669034515
165.09684532435037
165.09753643389405
165.09773082724666
165.09774436340842
165.09774436340842
165.09714228593836
165.23064592469427
165.2390108793698
165.24064029088908
165.24001337300842
165.2371714405179
165.23678076281016
165.23228970352534
165.23226327547823
165.2324422052567
165.23384103069577
165.23008839009958
165.23050232409054
165.24064029088908
165.24140861631727
165.24087624926787
165.31274305331905
165.3127478605254
165.31275271817265
165.3118978445714
165.31200645432153
165.31200645432153
165.31290034186884
165.3125387054295
165.31254387654462
165.31319945690797
165.3134089679863
165.3356455992713
165.34188923992576
165.34521690287107
165.3455493161715
165.34661541960065
165.3467767054694
165.3468111380085
165.34822880608297
165.35038734219992
165.35124560934096
165.35127913460929
165.3528203480239
165.3547067219676
165.35471051186266
165.3543466802095
165.35227014202826
165.3559384537187
165.35734836062935
165.35916208320234
165.35916208320234
165.3611822527512
165.361479627429
165.36148236340185
165.36146388608125
165.36146892826355
165.36142911211897
165.36143671689146
165.3614400430281
165.36163437566577
165.36163474190465
165.36163474190465
165.36302802890836
165.3638685942237
165.3640676756061
165.36414760753365
165.36415223713564
165.36423911574755
165.3864312249448
165.3864446152491
165.38980036435925
165.39065732483886
165.39169639794403
165.3916998462701
165.4576371162305
165.45764364498982
165.45801389616986
165.45825138799103
165.45887527465172
165.52535706671065
165.5260140107888
165.52612449385447
165.52616951058522
165.52639605937537
165.52652335686628
165.52985058254202
165.52985058254202
165.52860898172983
165.52982077394003
165.52823158635434
165.52982077394003
165.5309108995167
165.5301362978134
165.5328602136195
165.53304643592944
165.53640760054046
165.53652514729066
165.5391979619839
165.5398506880412
165.53992955024393
165.54255507986508
165.54279128531158
165.5428165172138
165.54327746623397
165.5470894483455
165.5702169685056
165.5690518655279
165.56906309730095
165.56916596893043
165.56915127940505
165.5696701331858
165.57057704729806
165.63649929610355
165.63650615277854
165.63651018966405
165.64033593101303
165.64094481415194
165.645611552333
165.6452088588944
165.64897592246584
165.65090968413242
165.651762953398
165.65176330524028
165.68567881963955
165.68568627676208
165.6859271171198
165.6859271171198
165.6859308797902
165.68630815069383
165.68616964189937
165.68576540857183
165.7176004785227
165.7162596983676
165.71672817075003
165.71666709270593
165.7203122599259
165.71929931248377
165.75186988716004
