with mode=1, handoff cost coefficient = 1.0
158.38525989969568
158.41286388584797
158.47479188677195
158.50792592510203
158.5371301048666
158.6704857615136
158.7119565536154
158.7239050923373
158.7276991720295
158.81430748146963
158.84788414133672
158.92547283283244
159.00254263828324
159.01561959210002
159.02307232436283
159.32540325492295
159.3587911144816
159.3632199599207
159.38485689936095
159.41416361182573
159.44209045844278
159.52194530685628
159.52887231443185
159.54215322741598
159.60152149648187
159.6680721745517
159.83609313755062
159.88326803512382
159.9003894971132
159.96180880241445
159.96024066288732
160.00071621811173
160.2178056251383
160.31421613046535
160.48909154758388
160.49348139731185
160.4930618810127
160.5581770780119
160.59225024325494
160.69496596306712
160.69188335703282
160.70579277707006
160.7457330116588
160.75494577667305
160.76134230023104
160.78960086129678
160.8062133482868
160.8202031776122
161.04239515188522
161.05274303630625
161.06835588696987
161.07250438215678
161.0813225160676
161.21602483888282
161.21862664247223
161.22479622953767
161.21801097215345
161.2228414759021
161.23749330990697
161.264070087155
161.27354899936947
161.30904448395137
161.3115232355982
161.44478297592076
161.47663772028892
161.4856330252326
161.6088475456969
161.70773408176206
161.70271751933313
161.6983033941289
161.7374169775201
161.75881363810709
161.7627128985115
161.82487605275145
161.82471439122236
161.8239626402498
161.82182064423998
162.0118641591149
162.0214513129835
162.06282118029353
162.07715649457725
162.1076134633326
162.21803348561173
162.3416107060757
162.3389537255825
162.34302804474936
162.44529935890813
162.44706443799691
162.48115163845705
162.61986750863247
162.70661498082652
162.71373457813385
162.73343092280234
162.73208673380682
162.83778322974263
162.85949541378724
163.01780270160734
163.02132232850354
163.18297208400634
163.1926833451663
163.18715115085757
163.19100391508985
163.1948938803927
163.35560000193078
163.3601674413086
163.36379045768652
163.48556280091177
163.51474407180297
163.51813480003779
163.52122519509672
163.53597942203228
163.52963078650313
163.59387589071218
163.61210106265202
163.61614520707917
163.6106606364867
163.63513642402617
163.70802335352982
163.7040645962831
163.70336332544667
163.71022783504753
163.83187113578225
163.82929221702278
163.8707402315361
163.86837020049995
163.8678669579061
163.87337192661943
163.8744978159521
163.93788512527743
163.94055323162073
163.94184240270096
163.94241325435206
163.94788861265894
163.95262612652104
163.95153842781303
163.95764053009998
163.99395301197634
164.02133648488723
164.0190679342604
164.05449123561974
164.05376987243122
164.03749253719505
164.03161776636563
164.0408704173361
164.04732118540127
164.04835191429527
164.08058865954496
164.1291972624685
164.21765224734833
164.22710795092883
164.21956243492207
164.231518358229
164.21608677914514
164.22701401789377
164.26049312892417
164.26373536255338
164.26328227702075
164.26764452251408
164.26764833828446
164.28724892459226
164.35278227469712
164.37722533607536
164.4052488615575
164.5332487757728
164.5296118877009
164.53317142493256
164.540910558686
164.5532968353265
164.56036324875114
164.57403478656573
164.59951950664666
164.6039039135274
164.61008749780333
164.61387204310975
164.6951294254101
164.69171746606412
164.71110840712743
164.71633293446158
164.78113505904471
164.7749856170322
164.77861452322134
164.78426517244048
164.79250225953675
164.7925000803331
164.8577044498004
164.91009005026794
164.99103726487579
165.0971900326874
165.18056390814908
165.17499265579946
165.1721976003492
165.1690226777183
165.17214284915914
165.193761735555
165.19143452327603
165.2098468941586
165.27832881484977
165.28484947636332
165.28491158871066
165.28701762547053
165.31723670569392
165.3601072536885
165.34785078715998
165.3446763051705
165.3375030083089
165.38933087091786
165.3922590040222
165.40548073750102
165.41700087297818
165.419558569551
165.40879429893948
165.44284248499721
165.43658476837356
165.4489265048846
165.44886962913023
165.52219641276866
165.51487305239104
165.54747103810425
165.55655730644747
165.5589538475218
165.55419734781307
165.62437210086225
165.64524731930356
165.6526945401874
165.68671565144797
165.70624372733798
165.70034108550195
165.7403381858712
165.73861344131657
165.73696996896797
165.73958514556682
165.73540350754826
165.8415453733413
165.8748525943168
165.91562153259613
165.97560753154983
166.00136488861168
165.99400369045327
165.9954743283633
165.99991218528007
166.00076486226703
166.08338718404252
166.15309883272215
166.22420096902786
166.22571470588676
166.21346399568966
166.2566151836291
166.25675874504265
166.263616708651
166.26556953342367
166.2665368223031
166.33718041401463
166.33960312703272
166.3479094959203
166.34510968806842
166.3402148013668
166.33656418631864
166.33136294111043
166.3293326362334
166.33161918601803
166.33657043881843
166.32757305075734
166.359919471606
166.36195770302868
166.3750219328858
166.36521380966295
166.40681645024165
166.40601814752657
166.4040356482146
166.41128759261437
166.45066288486174
166.44908269151776
166.47850775700033
166.47347145682102
166.45819913408167
166.471181734031
166.47252896247673
166.47904128692147
166.4768681158087
166.47749010495
166.47729601615495
166.47777854746266
166.47850797286608
166.48489620993854
166.5401342170169
166.54189332965197
166.6153382038832
166.62568351280007
166.65317300715085
166.65408397591108
166.64411443783018
166.64827644069396
166.64000394132222
166.64865459709839
166.66120777827572
166.68857155306307
166.69196298318585
166.6930539826569
166.69119408554258
166.76722746713767
166.77307883815712
166.76926592496068
166.75752717940543
166.75993264987014
166.75277732057702
166.83772540327277
166.8498205090837
166.91751317389978
166.92628993625218
166.9231907476914
166.9462634764065
166.93730689168217
166.94389825780203
166.94680263457826
166.95263441770632
166.94505675620223
166.9272905079794
166.93348409417425
166.93367493621022
166.93276380389332
166.93661661465276
167.01168001455872
167.00918724396257
167.0111708955195
167.06156560057056
167.06017304187745
167.08061030814804
167.08989517703964
167.16638785326208
167.16697575507558
167.16506065211317
167.16981627107356
167.1747371640413
167.17668126551325
167.17120696337523
167.17163527096145
167.17200534070693
167.1787816693014
167.17787246678515
167.18260424248118
167.17793067207532
167.17992245087905
167.1838696933349
167.18534204822768
167.2051465582108
167.20919389364107
167.20581379071132
167.20959978641525
167.21821562091114
167.28533281982337
167.2871927493698
167.30148320479367
167.3113264036182
167.3070748677988
167.31009328884608
167.38426836688467
167.37541638369652
167.37247101373322
167.44122533962036
167.53823502315123
167.53231236125137
167.52269280399474
167.52040736545487
167.5408821831853
167.53434010839013
167.53927992662824
167.53660618385365
167.54936033061387
167.5562073992589
167.55661933933445
167.56401275938296
167.63473930419195
167.6187608700994
167.62621172078443
167.6330463321433
167.62225062475454
167.62832196127218
167.6380685596286
167.62206691902617
167.6935599725825
167.69863441699084
167.69754562259993
167.69057612798244
167.72055881680575
167.72495066703755
167.7258092015615
167.7208622679961
167.72096241208936
167.7225167179634
167.7848552881756
167.77829424787643
167.80578383525759
167.80784074800096
167.8099961743616
167.80108499071417
167.86752130125626
167.87862209112927
167.88598861781227
167.8877315451525
167.89190127025674
167.89414017429647
167.8943811601959
167.89857992811721
167.90997030262952
167.9419285841737
167.93603350846158
167.93558144564517
167.9317908273629
167.93244310618977
167.93992844689248
167.94610176238464
167.953593584539
167.94867586714642
167.93578105012634
167.9426370272503
167.947939911269
167.95277816810147
167.95393558072354
167.95395019598183
167.96557147956688
167.96923025143536
167.96164860662554
167.96764461711527
167.9779520125896
167.9681168888416
167.96496521317155
168.00231334852333
168.06780724722566
168.06097181772566
168.0661056058963
168.12946336888874
168.125966869888
168.18463914789413
168.2173578657025
168.2905674917016
168.28685037221138
168.28359398114839
168.28148877798216
168.27410725339323
168.28176918363997
168.28983216050148
168.27905148379213
168.2822813095898
168.28660258121627
168.35434828715248
168.3539695579741
168.41517362652056
168.43740913261718
168.44207107536533
168.43916831239844
168.43121058831304
168.4304514844993
168.5085067486072
168.51185615572044
168.51760876653844
168.51644517187665
168.51877742603125
168.5161696975369
168.55180603177791
168.5551651429705
168.55726441630432
168.55612243158265
168.57266701044264
168.56340641273428
168.6379388244584
168.62900638688592
168.64456562114972
168.63665072220707
168.63769311579537
168.64311127798726
168.64540586021022
168.64640831161162
168.77807632380632
168.77901211212367
168.77575990335697
168.7730495645717
168.774481327876
168.78152292683555
168.77271511179828
168.77931915042168
168.78181870491198
168.8471842887235
168.84442617317103
168.84311626874737
168.84263928123363
168.84102892321866
168.8443800418127
168.87327891896092
168.86692695467465
168.86411099577197
168.86446902849661
168.87206494163132
168.8749543037716
168.88301034049204
168.8817355783442
168.93697157974904
169.0271234352879
169.03804145588103
169.0352146399483
169.04670330253512
169.04670330253512
