with mode=0, handoff cost coefficient = 1.0
174.22586431126973
174.19730375312355
174.28011657120953
174.4984886592684
174.5238797703605
174.52385351972737
174.54332883594287
174.56467787178767
174.58491659772832
174.54630024664937
174.5461858293023
174.54496243109415
174.45810703587532
174.4699364716337
174.51405183311508
174.51409384588695
174.51408985281998
174.51404147354813
174.58491659772832
174.59048780372464
174.5921310085485
174.59063599490048
174.59059378240835
174.57355280838496
174.57674838686086
174.70818447861527
174.71621273334
174.71506830625333
174.71119519390814
174.71121043855595
174.71409788553132
174.7235405826744
174.73129639655934
174.72973286602416
174.7303716500772
174.73183962004322
174.81860269755038
174.82581899090255
174.90062475165988
174.90684288477811
174.94261151367053
174.94368439823404
174.95108696433206
174.94613346075823
174.94697802289244
174.92716865816828
174.9351344830317
174.94539560422828
174.97276698027878
174.98406337821152
174.9839984223365
174.96750841127525
174.9665937503123
174.97488735666138
174.96869673503596
174.97041369662912
174.9699073431527
175.21271822277004
175.21071475162321
175.22785840323672
175.2313842988087
175.2364236564187
175.23644066400277
175.2297353471297
175.23004392424394
175.31676470706915
175.31884804908165
175.3188574333549
175.43608577700837
175.43773884055622
175.552176931831
175.9256833164678
175.9285414839178
176.01265234792706
176.01594593868552
176.03531779436014
176.04190375325413
176.04266069567439
176.042917956637
176.06708471253907
176.06201364422466
176.06761326054547
176.07002777571037
176.0700902352684
176.07024158384365
176.07087338223985
176.0644313873587
176.0733002827482
176.0739315233778
176.0739422589601
176.06309682802848
176.16215102269797
176.15579851199163
176.15446566903833
176.26308155071763
176.2671057493627
176.27370944853956
176.24369682634673
176.24466173182674
176.34385805581195
176.45784571851792
176.46347183006856
176.47289283452153
176.48174795941648
176.47673222263361
176.46756479949454
176.4475490814387
176.6911382910999
176.69113939045695
176.69482333039943
176.6948175963532
176.70165057380717
176.702097765284
176.7029638830548
176.71266708089922
176.70046396164713
176.70403863995014
176.7054350677214
176.7028224250755
176.79897836958014
176.7989883662775
176.8007284037326
176.79985898087833
176.78829391641378
176.78834437581227
176.80050984839087
176.80128906911898
176.7913984300421
176.7914141781127
176.79541945599613
176.79443791173014
176.79566168398716
176.79745471936548
176.78106030285505
176.79024741013384
176.79871563563756
176.80128906911898
176.81642101050568
176.81889125568324
176.8245257961922
176.94601654100495
176.95060178752254
176.95060872434038
176.95348869702923
176.95351044606895
176.9542089540554
176.95495639001982
176.9629944543921
176.96221079600082
176.96273809089394
176.96446137004514
176.96602943817967
176.97431759241812
176.9740021191997
176.9735981010841
176.97378062266424
177.08912278447613
177.08912800633288
177.09102963589964
177.09103851705427
177.09103935242553
177.09303911271007
177.09303056993073
177.09302349514485
177.09427753698446
177.1367769284349
177.14372079128506
177.14302064746988
177.14301849090714
177.1430282842266
177.13831657608637
177.1372907591119
177.13729726452343
177.137300481069
177.13733385542574
177.13996245750405
177.14372079128506
177.14372151461035
177.1448967552969
177.1485877587162
177.14809308107976
177.1483184735909
177.14805959509664
177.1480546357868
177.15135277364797
177.15301677430028
177.15303106819482
177.1537301440485
177.15497483758787
177.21670873392074
177.21821114487392
177.21829156693798
177.21860340424868
177.2190581499125
177.24172542455022
177.24185543680235
177.24538078693763
177.24531170866746
177.27106636283108
177.27349550993713
177.27899954537992
177.340217815407
177.33980708571937
177.34017499313234
177.34102730494607
177.34125136025352
177.34174290677316
177.3418434765473
177.34303632854534
177.3466392871997
177.3464979269328
177.3470077810771
177.34680859021174
177.34728447325415
177.34759545925516
177.35029589870547
177.35121284751767
177.35082042027545
177.35027137290345
177.35063969688912
177.35071806697692
177.3508489430502
177.35104520949702
177.35174255975232
177.41290375762327
177.4128340776805
177.4722490061887
177.47224948766018
177.47225385574365
177.47226265128938
177.47384094841232
177.47373727239244
177.47373875937598
177.47407220813295
177.47610667528932
177.47710223999968
177.47738362994988
177.47812844011207
177.478526813864
177.47852726164223
177.47862394430643
177.53563143682538
177.5390812152478
177.54057820162575
177.54057944579284
177.5398635280768
177.53988282394948
177.53854851989865
177.53877179016627
177.53879050337866
177.53913095161977
177.5392598986238
177.53926032458017
177.54057820162575
177.55171249196707
177.5519249508419
177.55181369233378
177.5518161223133
177.55182979532896
177.5520462248083
177.55217464420014
177.55187566172089
177.55188200073928
177.55191038768743
177.55239399644324
177.56298664689257
177.56619127165962
177.5661948077306
177.5664745695226
177.56650574412748
177.5668710281081
177.56690654586944
177.56716241355684
177.5671590385039
177.56682670505575
177.56686256998557
177.56701859333057
177.56712139558613
177.56712119545583
177.5671275912585
177.56712653626874
177.56818024213135
177.57871578494215
177.57841427029754
177.57849062423526
177.57867969620546
177.57886128560804
177.578889933172
177.59041008484255
177.5904094266757
177.59055536426806
177.5909038128732
177.59161504586183
177.59154314307006
177.59167609179977
177.59129778046503
177.6380077093054
177.6382091989486
177.63820991493816
177.6382091771598
177.63821343638716
177.6389292339969
177.63934255745224
177.6396395999346
177.65018309598966
177.66494238249024
177.66628478809145
177.6671328702992
177.66722324350204
177.66736314071247
177.66732745854156
177.66761230474438
177.66726001544237
177.66759240579293
177.66759300828718
177.66769027194343
177.67043503484226
177.68191821583375
177.6821796126267
177.68228805389933
177.6823864855611
177.68455255362483
177.69668562748012
177.69638655541894
177.6968746403012
177.70741190136442
177.70741392297776
177.70782923031635
177.73613124658252
177.73614359073386
177.7360306642099
177.76422675857344
177.81100205835583
177.81150967970018
177.81150669241435
177.81133982885632
177.81171371555848
177.81186814934367
177.8115976690759
177.81144437486424
177.81152964158844
177.81189362411948
177.8118463203864
177.81258683529884
177.8128503497407
177.81329501932402
177.81285676500113
177.81292632799142
177.8140813235373
177.81411794492743
177.81413007421258
177.81402220134282
177.81412534904624
177.82454983273965
177.82464498422902
177.82453359563021
177.8245344001615
177.85263551215348
177.85289798917023
177.8530432730536
177.85328703036794
177.85333304806477
177.85372106260107
177.8539137337318
177.88385182302983
177.89838804353278
177.89813194625447
177.8980863283841
177.89832704589517
177.91054300747132
177.91022487139273
177.91068676333012
177.9108131927961
177.9238060610449
177.92410776659315
177.9554236921628
177.9552870931593
177.95533179840447
177.95592929049366
177.95598709482073
178.0013481375588
178.0018081615611
178.00194464768515
178.04861773242
178.04845154743003
178.048825753205
178.07682055936033
178.07700413970707
178.07721996718232
178.07814273033017
178.07829536377153
178.07824961378728
178.0783193747103
178.07845807301942
178.08958484645675
178.0895897666065
178.08960526281774
178.11750301871191
178.11750829232582
178.11772097742025
178.1189612194909
178.1200567739929
178.12113193670578
178.12113549455847
178.12114173750055
178.1343816672461
178.13410533267853
178.13410605428854
178.13409341410775
178.1343697486753
178.13417438131177
178.13429255754406
178.1342969154517
178.1654324293518
178.1654398327055
178.16546469056277
178.1653350258244
178.16541870378862
178.1657970084056
178.16625582895983
178.1668454904586
178.1669425834826
178.16694301387042
178.1669427820335
178.16704902707474
178.16734234419764
178.16742024421447
178.1674212799778
178.1674547673062
178.16743618479012
178.1674116459153
178.16741704662581
178.16757460601679
178.16739436191972
178.16745208787097
178.19526621686822
178.19534281297848
178.1954815537385
178.1954464019108
178.2086897366374
178.20870820066048
178.2087987493853
178.21006992079745
178.21007084066923
178.2103481187754
178.21123953101645
178.2113680478466
178.22451863255114
178.22438043541652
178.22435493937124
178.22462586094036
178.2246732384177
178.2248750532904
178.2248802367938
178.22504128811397
178.2250680957739
178.25577799909297
178.25543742640497
178.2557528522455
178.25546940131704
178.25552133422298
178.2557206468582
178.25570356598897
178.2557724961578
178.25604913228506
178.25645249101686
178.25650440848366
178.28634305139042
178.28650939240555
178.31612771166988
178.31621139208292
178.3162590609098
178.31635861969897
178.3293337641727
178.32933218169626
178.32891396209558
178.32929501738278
178.32922976177503
178.3292321685256
178.32923377339276
178.32946919349607
178.3294187694912
178.3294641302419
178.33000477183793
178.3301722458222
178.3303275475028
178.33035520838297
178.33093615004123
178.33128850990292
178.3312926742191
178.33129106935192
178.3317996249536
178.33207637140418
178.3320710511748
178.33185196375635
178.33234287038633
178.33212205213582
178.33231063667355
178.33240906720155
178.33255539932333
178.3330803030259
