with mode=1, handoff cost coefficient = 1.0
174.22586431126973
174.37279053184716
174.46199128703367
174.5283240846353
174.5864768884523
174.58933524602125
174.60411266404367
174.620513624497
174.64463125940915
174.6565486679833
174.6895357326716
174.70623586470717
174.9291488120148
175.00993982089707
175.095047139121
175.14203695315913
175.14181190421326
175.13261499412582
175.24698071218597
175.30577268115889
175.3187387427107
175.44189922614953
175.5811320038574
175.5789153826628
175.58263402154938
175.62502982701767
175.68123641297888
175.83948930721422
175.8380724743953
175.90856017523433
175.94717172557137
175.99486219039238
176.00091139801043
176.0976406752513
176.16226869216163
176.22457679128794
176.33844836637445
176.39459249562753
176.44982873250177
176.46995067622453
176.58235752500693
176.67802413404252
176.7400583196047
176.7456300626624
176.7461253338142
176.80092837427574
176.80108461870543
176.82800508918567
176.8532561465673
176.8655541379595
176.93862050509705
177.03817856948444
177.06938307934553
177.09264997342223
177.09437654709666
177.0983419307504
177.10762827428715
177.1041130438549
177.14130153041893
177.13771871670212
177.216822178124
177.25725481758042
177.25561854020447
177.32223472104496
177.31491000656092
177.31992186771816
177.3180156511853
177.37431166040813
177.4609728605095
177.53835330622326
177.56762056488964
177.7269419660936
177.81797187430882
177.86596146838238
177.86331974942672
177.96238849159295
178.04053245307372
178.06510467139606
178.08282388765647
178.0888204135075
178.08903870939744
178.0897564740617
178.092706702281
178.1839235482819
178.18360853153604
178.1858505933116
178.18661105959552
178.25478596830214
178.39553910633978
178.40936330836965
178.470566328282
178.4706280144215
178.51833515128715
178.52776806566354
178.53250147320836
178.53694465255194
178.5393447912591
178.53596679193262
178.69620232125635
178.75753340409295
178.75115193482597
178.80844823855512
178.83946617498293
178.8511453878396
178.8762657051767
178.869479008004
178.8884951788586
178.8953073809702
178.90810428198066
178.97021768193315
178.96396645071883
178.9906262177113
179.1199659018521
179.14850637592338
179.19303160498114
179.20699975104247
179.27092545193275
179.27660084751454
179.30400698863502
179.32379306312413
179.34486293009735
179.33859370182287
179.33546187437
179.37496588646945
179.37726530503681
179.37996476903493
179.42321176008846
179.57753666652115
179.6321387492266
179.68263828927877
179.7041583507336
179.79849501466055
179.79447373444964
179.7915867917765
179.8005826104535
179.8328704091975
179.931128690422
180.00828490826362
180.02727095441637
180.0244001004276
180.21769020735593
180.26522606240644
180.2832123870799
180.27749493886054
180.30083118108092
180.31363795703248
180.35226914417888
180.35099559539242
180.47870189378767
180.4762162814362
180.4793350760692
180.52136592151723
180.54884977448145
180.6010494468925
180.61467526662287
180.61296299889
180.60030513383128
180.69715914172167
180.80466950128482
180.80676639200598
180.80923070115668
180.8903511050085
180.88778555726944
180.8915667998741
180.89557945107902
180.90506570366907
180.98306142276732
180.99054034208547
181.10647768226497
181.1317325036005
181.14973827944982
181.16479859726854
181.169469671676
181.1612694204053
181.1627197263826
181.15507244598345
181.1490556958143
181.2568243968273
181.29732777257215
181.33901240203605
181.33404942550578
181.36194100439553
181.36364777130893
181.38322845645334
181.50664986335295
181.50102672946383
181.55507353526374
181.5535486533887
181.5777345607669
181.67156814251823
181.69375290433283
181.76348127902108
181.76207868136788
181.75953047913998
181.7800664730634
181.8708284484788
181.8958850876738
181.89432768520768
181.94884637737928
181.97829345256466
181.98513783721518
181.97051931639328
181.959451376833
182.04651852989147
182.0694483323045
182.07112312847926
182.18787242930756
182.19068203778312
182.18882302189732
182.2383480259383
182.32398124912743
182.36598474578574
182.43383965911073
182.4393712163889
182.438166508268
182.49749717942092
182.57536325697956
182.6246853841084
182.65556680571308
182.65864754951963
182.74081088706316
182.74006239239935
182.78819794034513
182.8357675942965
182.937383231975
182.9804446067959
183.10507491675318
183.17054056796147
183.1751249895705
183.17821060867269
183.1778294075472
183.1728970118749
183.17825797045117
183.1663496793508
183.16809853357356
183.1802457104747
183.1783766765205
183.18429911048892
183.18895805285345
183.36303236571285
183.36219978207944
183.42223958841484
183.41634392483903
183.42290497268
183.42228882494734
183.46226348792322
183.45635343354724
183.46518705794054
183.54107731917634
183.53442036784173
183.5348850162302
183.5658977030017
183.63638198329159
183.66761751851672
183.73849691727318
183.8166682989569
183.82379132414388
183.81975113464443
183.81794678523346
183.81536963304873
183.8232909835064
183.82551416345433
183.82450813843622
183.82069580756266
183.8217979256026
183.8743484727922
183.95437326348443
183.95082800322166
183.95347587356864
183.94716274149715
183.99024933121098
184.02572240960643
184.10924911312844
184.11364605339452
184.11055447824003
184.17979959498288
184.21042399741833
184.24208915055056
184.23900809406612
184.2363846268461
184.23130902229119
184.22727104955817
184.29382256618806
184.29644978879486
184.29845737186227
184.32115178420315
184.31509965422543
184.31315257684338
184.32006659771668
184.38638168739797
184.4911400054157
184.52013537416244
184.5108777186751
184.52609860811918
184.52152147640862
184.5185781159286
184.51554962322956
184.5125199136515
184.5122453334397
184.51167120784123
184.5040391102416
184.59413484006652
184.6340037294731
184.67749164393655
184.72197172311115
184.79202016555087
184.78609603054267
184.82437697798474
184.83039522428436
184.89359755490963
184.8991488001847
184.90031885273888
184.91210579861107
184.90882645128855
184.91279830800138
184.92947898093504
184.988932045846
184.99474500318053
185.05708574686355
185.12424482685114
185.12796770910424
185.2087458615841
185.20781321016003
185.26548358590324
185.25493198337674
185.27937517776593
185.33899461899884
185.39688223314616
185.45422488296697
185.47995683782844
185.52861918041725
185.52190300217111
185.5202724112483
185.54280470694118
185.62508821663118
185.62647518505176
185.6169539676737
185.62420863352884
185.63679762365757
185.63969609426906
185.65043608912066
185.76895039912503
185.79337706526823
185.7975593667924
185.79845455369195
185.7981466523044
185.8166455297595
185.87848107093703
185.89923578396383
185.89554515564083
185.89137554295968
185.87748280723042
185.89808147064903
185.9478702307281
186.02559335767802
186.02573364973625
186.02594136359087
186.0224756937772
186.02658606270404
186.0414598610882
186.03126652994357
186.09776563857312
186.10377071542536
186.09526453509494
186.08983062139265
186.09025743406252
186.0885116081299
186.08013207256286
186.0662587711557
186.09149470108255
186.0768940180484
186.07723532171465
186.1177077248027
186.1186130978084
186.12476692187585
186.13802269409433
186.18754824078013
186.1825208405891
186.18229582229287
186.1866339154598
186.2048780111454
186.26196827846024
186.32467166921083
186.32723238623538
186.32729515844318
186.32680608479944
186.31943768180636
186.39034745788385
186.41510158033233
186.4824404261025
186.5019205479448
186.51216383290293
186.56383347842052
186.56787373700672
186.57951038597247
186.57180874589386
186.60520602403258
186.60370396603736
186.60466116305722
186.59663517026004
186.5937259185075
186.59231740158586
186.59190041964064
186.65335991512404
186.7024132756188
186.7444581676746
186.80411161814993
186.81151237167256
186.8161062379021
186.81375691208402
186.82760181986023
186.82176232804764
186.85365077608208
186.87088897032936
186.9270830849715
186.9350652548365
186.93122895329878
186.93078890583715
186.95190301398182
186.95342454464415
186.9645745980684
187.03791393267366
187.11928340794043
187.11415668842182
187.10434633327088
187.1108959390127
187.15578054068297
187.1616453312547
187.16823732578402
187.18487344341358
187.20300404131726
187.20283676986753
187.2176839477342
187.2685433655289
187.30191106694247
187.30299706359824
187.3631694332817
187.3585266300219
187.38423694994964
187.4516752197012
187.44709715329466
187.447113485354
187.49340115418332
187.49157598758433
187.54558030066212
187.5516987794821
187.59845388524516
187.60122316032314
187.6019298724029
187.59900827057842
187.60280363669983
187.6134983809368
187.61513503459483
187.62008219875224
187.61938167482663
187.62083815805073
187.60877892080615
187.61499074724549
187.65894916212014
187.6593138736102
187.64966704151098
187.6859407045829
187.70175325086183
187.75583231584193
187.75768181721475
187.74639579423206
187.74998825322965
187.75351433025588
187.75138157898596
187.82431175901274
187.84553724027833
187.84042269277285
187.9029562049807
187.90982562696624
187.90318340659246
187.95817784557252
187.94087714349018
187.95694544328165
187.9475470910898
188.00614104668105
188.01282848965906
188.01238032705405
187.99668873800516
188.05677152518788
188.052625219806
188.1370491209601
188.1582985657122
188.22676026017365
188.29445043817296
188.29575867761795
188.29954769844946
188.30495188390597
188.30647849441377
188.28659444129653
188.36027109748625
188.372413031105
188.36363653977435
188.48266152579595
188.4848658439359
188.4713583081804
188.4848658439359
