with mode=1, handoff cost coefficient = 1.0
168.0155889081914
168.10129352132756
168.12843820438204
168.15526680817445
168.25181493156762
168.36819050593786
168.41718043528766
168.44577090842037
168.6592046194224
168.68991412217565
168.72522843989063
168.82235252864226
168.82345849195244
169.11327050341666
169.22840920787735
169.4976242699579
169.50955294879978
169.5256187270241
169.53644216071334
169.62810235017375
169.6539868700518
169.68248769786462
169.72063722883684
169.745179056909
169.78253531600907
169.8064425404263
169.8148375452827
169.8367254797586
169.8446344125681
169.9390366238126
169.96263092320356
169.9663500733534
170.16799742424575
170.1607017934311
170.18760090457624
170.19258557891368
170.2989820577937
170.4360853309961
170.44849180064938
170.47329037687985
170.58523662720364
170.5798509171457
170.60154008514596
170.63884820556424
170.6603118939524
170.7080217718566
170.73919089999123
170.73711638682954
170.73966209030013
170.79819650641252
170.88337693165036
170.89834970713048
170.89475046905147
170.94691155253125
171.04831165555146
171.29975595469384
171.30950522920884
171.3071925671478
171.3107531196927
171.32499241083477
171.45010042291153
171.45664534113826
171.4642628523586
171.46472237556014
171.491519637667
171.48866070769216
171.588544015078
171.60011400520528
171.64920837593127
171.71479208238063
171.71205836160408
171.74355135665226
171.79056303546648
171.79069014920788
171.81854245094158
171.84811425519524
171.93160945748346
172.01489897676157
172.0315175766027
172.02990109085505
172.0275927856369
172.02936682495232
172.03018433341487
172.0313836763894
172.0188847876571
172.04782197569693
172.1146301554839
172.11909772234958
172.10457208912834
172.11995278364665
172.40286923869274
172.60234485730885
172.65469491763517
172.66581536565482
172.6667985920023
172.72568223208572
172.72969992531807
172.7325963403666
172.83117916190048
172.93831336109977
172.9581773732581
172.9582547922824
172.95136063286265
172.99375579899524
173.01082525099594
173.00232631182837
173.00320860398944
173.00288630164175
173.021469437595
173.11919693045763
173.11799729888114
173.11402392864764
173.10639686640894
173.114057030717
173.10703288875942
173.1012239566842
173.14186651336072
173.13776969029018
173.13350346618736
173.14430480670745
173.33392425461366
173.36407217632353
173.39285894001839
173.47675419336397
173.61984452740143
173.66962206233953
173.6690921195822
173.78715034678095
173.80044213742602
173.848003910861
173.8554088936632
173.92996219092947
173.95994611514186
173.97599158558148
174.02551612860805
174.0430405951488
174.0410705196298
174.03306491078743
174.04113973046992
174.0459137864208
174.0648240536594
174.15017012477514
174.14619733062653
174.15202744998044
174.23312372731675
174.3783797254857
174.37933865184192
174.47225776462085
174.47859834477026
174.54774144823324
174.56619197662744
174.57108769816153
174.59370981354257
174.6821276304803
174.68974085587794
174.73515291995238
174.79654456298502
174.78891520576985
174.78963339577274
174.79791439871937
174.79563960646462
174.8009038769626
174.8001101855477
174.8002091947911
174.9421025952959
174.97320935271725
175.00224982546703
175.01036599939562
175.01498780445948
175.02777834092362
175.05425176154014
175.0720492274417
175.10025089951736
175.0969409165995
175.0805430701019
175.1406793901197
175.1878450575866
175.2120271881115
175.22821282456542
175.23502610327287
175.2320314693464
175.31188432823743
175.3713390921887
175.36354720309745
175.35918185589918
175.36532855216115
175.46421939567506
175.46636094498874
175.46563617339103
175.46795130563063
175.50292335208076
175.50769130134276
175.50853970006264
175.52720476228933
175.5267721000605
175.53490887134444
175.54936059939706
175.72158828494926
175.7513799690056
175.75182587091436
175.77657363061832
175.7749696806548
175.77894352178146
175.77648320731583
175.86043594537438
175.86741722915167
175.8910454549393
175.92806022499715
175.91924189243147
175.91337419208853
175.93388592770515
175.93005119640304
175.9245392840112
175.91792139719675
175.9441452449892
175.950828731648
175.9831809651044
175.98182939117623
175.97849291332795
175.97120981139574
175.9725270759104
175.97331020403453
175.97127614336674
175.97499004727516
176.0605596668902
176.0553512500413
176.0593141591925
176.06348484970755
176.0930012193296
176.11570734863417
176.11118760408414
176.11371952612797
176.1090273885183
176.1404731581437
176.1378822267875
176.14002210553335
176.13905575899773
176.14770460827606
176.1717975089844
176.1676044748459
176.16946533587878
176.1634002429021
176.16440000414778
176.2625958899144
176.26435644231114
176.2684473176394
176.26271893109475
176.3636333979787
176.36576167832754
176.37634784482643
176.37518489751866
176.37639594642826
176.3728770810838
176.40825565618067
176.4005148622562
176.42503520475609
176.4183151532019
176.42287077113295
176.55712206731127
176.565993357959
176.67209347019227
176.67876835092227
176.69203850383627
176.70368678379836
176.69458295745625
176.6912047847628
176.72211011216334
176.71958959894218
176.7126687778805
176.73117279451574
176.75984420690997
176.7597557825907
176.78478101980755
176.80717817517424
176.79385460357926
176.87728035864805
176.8949207391176
176.88384154204857
176.89719863122582
176.9226940835028
176.95324540796116
177.05329932159054
177.19088694674653
177.1862395185206
177.23557013251096
177.24048301024956
177.2445461901258
177.2361996852221
177.26848092221647
177.2735524009525
177.35459774212705
177.34739510454398
177.36324966395406
177.3626889669514
177.3718603433532
177.37989909031756
177.3760955425445
177.4470692088891
177.44221556990584
177.46477200079033
177.45869920840477
177.455125036105
177.47796291518947
177.5808840007482
177.60982109907476
177.63048294320794
177.65522306110665
177.71328238891172
177.74763332897015
177.7522731231997
177.74079938096264
177.76321174474774
177.7910334248695
177.82101884613692
177.8135763063627
177.82934525792237
177.88367965762816
177.91187895211024
177.98435699726073
178.0023254973182
178.00196569486783
178.0031774303183
178.01043390184537
178.11865888927136
178.11995046437636
178.11050597152624
178.28643530941773
178.27971268392562
178.28287618802133
178.28039690995345
178.29297562513102
178.30683896665397
178.31303364808792
178.3130572891483
178.31651880011066
178.30797406887956
178.30150230058632
178.29312745160354
178.41695961887575
178.41951508466786
178.4628469126087
178.4781317329698
178.53501344901383
178.52734449457117
178.6894666963658
178.78906494745792
178.8266953588416
178.8593076576917
178.86498780260038
178.94425036839604
178.98102614405866
178.9877660862569
178.98997148433762
178.98125464069645
179.0012148635486
179.00645940255998
179.03537668291125
179.0947175645629
179.09435664320944
179.1081408080223
179.10605706476832
179.09769856840222
179.08081094463822
179.19916294196975
179.19846344519073
179.21379246080073
179.31470605275086
179.3232440093127
179.3253004717209
179.3268145668588
179.31511306381668
179.31453934171083
179.35974148967273
179.36729763674464
179.3647496852551
179.36636619225237
179.36850838655423
179.3862378802615
179.39506937327906
179.3803649091702
179.39525592066522
179.4003369550454
179.4083478007556
179.41333071685483
179.43078396621064
179.46298019900627
179.45853375825817
179.47617328197154
179.4886989468257
179.49719952588296
179.49315835024348
179.53236031673546
179.5423359929713
179.65047695270115
179.64684443140058
179.64648533947272
179.6307754455164
179.6286334265561
179.63327269898625
179.72960311589006
179.7288685164379
179.73253204287678
179.7330659126635
179.83935642573485
179.8364669729165
179.83795316988056
179.9047395779274
179.90505901879283
179.88884773759295
179.91352085963732
179.9310284757116
179.93049916821707
179.93603889758242
179.9361830956821
179.9925502790249
179.98476455462875
179.99162972898367
180.02025424335415
180.01042074607008
180.0039426104808
180.00512284688315
180.11345781483823
180.12601426821016
180.16081082306866
180.16150735471427
180.1923522649289
180.1720757898741
180.17392528264526
180.17725110953677
180.15495491414956
180.17736994144724
180.17703797937577
180.24843991245564
180.26158416888268
180.25946480257278
180.23830703110804
180.30015585979856
180.34863482110916
180.39241950197012
180.42618138447375
180.43038961869382
180.44361976452745
180.53399666337222
180.5488304040292
180.584296871216
180.61125007733997
180.6268746157115
180.67456865992477
180.7034842107102
180.73382413055177
180.7352626493327
180.83493556492652
180.83524039214933
180.8737517172923
180.87393816228675
180.97656080588578
181.07014327767752
181.0647492718383
181.08488214910452
181.0781519574205
181.07411915190414
181.07327805397918
181.069704919794
181.07579758599195
181.07646439497785
181.17648973788738
181.20066457157264
181.20862059231104
181.23488258355616
181.23971374835375
181.26788803049843
181.25787333460605
181.2589122773852
181.26667979578605
181.32283834228764
181.3520910475232
181.37246312018664
181.37262770117667
181.37112798796687
181.36901799424223
181.37271163695848
181.37916925028125
181.4150318778252
181.44234289499985
181.46076899248027
181.46232905322145
181.5603314507493
181.56136708348208
181.55788970290484
181.65828116836371
181.6560912831109
181.653363087587
181.648936617554
181.64838234394625
181.74145376751082
181.73590230087382
181.76175658530707
181.76300653224166
181.7618006176607
181.7555844277728
181.76323287070898
