with mode=3, handoff cost coefficient = 1.0
168.0155889081914
168.1445275455494
168.22958479840293
168.41042762988667
168.41042362742002
168.72664767152128
168.77875365303197
168.80473829648724
168.81838349166327
168.81828804170922
168.81831582843145
169.4519424504368
169.7438820130805
170.09239778271782
170.19882975908683
170.28262945385922
171.35511046385471
171.37035613190773
171.38783691773997
172.64239874843108
172.64151985107506
172.68758206596848
172.69339394263315
173.68888791754623
173.68623206650966
173.85255786917807
173.8933149519747
173.8983639711705
174.05710041193703
174.05730778031275
174.05725960994874
174.09144198699417
174.298809065532
175.3721598742164
175.57420350209844
175.5933160808186
175.59551893507444
175.5955603915466
175.58779886315932
175.59091069498572
175.59091069498572
175.59091069498572
175.59428029680583
175.59428029680583
175.61123495035216
176.12738589322024
176.12540442199094
176.1264932780696
176.14677155746043
176.17544544884043
176.20613377935328
176.20637323289384
176.21331287466757
176.21330677964391
176.37729600930456
176.3838071525729
176.38598165311595
176.37845046736237
176.38030475342083
176.53012510872574
176.5301260096984
176.53006985762377
176.53302727555888
176.53359529302995
176.53370543771788
176.53407506906024
176.53407506906024
176.53539371796987
176.535470903841
176.535470903841
176.53537753005756
176.56482478720284
176.5709231275863
176.57721717115757
176.58385400369428
176.58576942903807
176.5857787208631
176.5845726866308
176.5845726866308
176.5845726866308
176.5845726866308
176.5845726866308
176.5845726866308
176.89415393253864
176.9064354167332
176.90254584642136
176.902655630918
176.91569238525074
176.91333352461956
176.9134272545785
176.9134347425529
176.9134347425529
176.91767199655027
176.9176709336648
176.96438918643562
176.9643902751542
176.96438314587428
176.9544430727273
176.9544430727273
176.9544430727273
176.9544430727273
176.9544430727273
176.96009845372492
176.96009845372492
176.9628684128544
176.9685903218043
176.96846015835587
176.96844301283983
176.96832021791948
176.96832021791948
176.96832021791948
176.97042238058322
176.9705663643305
176.9705663643305
176.97071758821116
176.97071758821116
176.97071758821116
176.97071758821116
176.97071758821116
176.97071758821116
176.97071758821116
176.97071758821116
176.97071758821116
176.97289609850625
176.97320032611808
176.975540261209
176.975540261209
176.97560379822377
176.97546919066914
176.97546919066914
176.97546919066914
176.97546919066914
176.97546919066914
176.97546919066914
176.9772798762691
176.97812888690206
176.97812888690206
176.97823361782338
176.97823361782338
176.97823361782338
176.97823361782338
176.97823361782338
176.97823361782338
176.97823361782338
176.97823361782338
176.97823361782338
176.98080532484968
176.98085031355188
176.9809463058631
176.98101666329043
176.98101666329043
176.98101666329043
176.98101666329043
176.98101666329043
176.98101666329043
176.98101666329043
176.98101666329043
176.98101666329043
176.98101666329043
176.98305631049735
176.98305631049735
176.98305631049735
176.98304878623415
176.98304878623415
176.98304878623415
176.98304878623415
176.98304878623415
176.98304878623415
176.98304878623415
176.98304878623415
176.98304878623415
176.98304878623415
176.98304878623415
176.98304878623415
176.98304878623415
176.98304878623415
176.98304878623415
176.98497218134997
176.9849664318739
176.98695058876197
176.987376925751
176.98743209727053
176.9874374973115
176.9874374973115
176.9874374973115
176.9874374973115
176.9874374973115
176.9874374973115
176.9874374973115
176.9874374973115
176.9874374973115
176.9874374973115
176.9874374973115
176.9874374973115
176.9874374973115
176.9874374973115
176.9874374973115
176.9874374973115
176.9874374973115
176.9874374973115
176.9874374973115
176.9874374973115
176.9874374973115
176.9874374973115
176.9874374973115
176.9874374973115
176.9874374973115
176.9874374973115
177.1340562916701
177.13405689508437
177.13402077519982
177.13401365115737
177.13401365115737
177.13401365115737
177.13401365115737
177.13401365115737
177.13401365115737
177.13401365115737
177.13401365115737
177.13401365115737
177.14114161690503
177.14105775092008
177.13937104649008
177.13937840245933
177.13937840245933
177.13937840245933
177.13937840245933
177.13937840245933
177.13937840245933
177.13937840245933
177.13937840245933
177.13937840245933
177.13937840245933
177.13937840245933
177.13937840245933
177.13937840245933
177.13937840245933
177.13937840245933
177.13937840245933
177.13937840245933
177.13937840245933
177.13937840245933
177.13937840245933
177.13937840245933
177.13937840245933
177.13937840245933
177.13937840245933
177.13937840245933
177.13937840245933
177.13937840245933
177.13937840245933
177.13937840245933
177.13937840245933
177.13937840245933
177.13937840245933
177.13937840245933
177.13937840245933
177.13937840245933
177.13937840245933
177.13937840245933
177.13937840245933
177.13937840245933
177.13937840245933
177.13937840245933
177.13937840245933
177.13937840245933
177.13937840245933
177.13937840245933
177.19936623844757
177.1989835401074
177.200693227666
177.1999443058797
177.1999443058797
177.1999443058797
177.2590261950208
177.26005139972278
177.2607690293622
177.2595379646423
177.2595379646423
177.2595379646423
177.26133950259054
177.26135474237662
177.26190255679492
177.26190255679492
177.26190255679492
177.26190255679492
177.26190255679492
177.26190255679492
177.26289620939798
177.26289620939798
177.26289620939798
177.2645089433409
177.2645089433409
177.26451467058365
177.2645205883793
177.2645205883793
177.2645205883793
177.2645205883793
177.2645205883793
177.2645205883793
177.2645205883793
177.2645205883793
177.2645205883793
177.2645205883793
177.26485294893337
177.26485294893337
177.26485294893337
177.26485294893337
177.26485294893337
177.26485294893337
177.26485294893337
177.26485294893337
177.26485294893337
177.26485294893337
177.26485294893337
177.26682842605544
177.26682842605544
177.26682970789898
177.26684740949594
177.26684740949594
177.26684740949594
177.26684740949594
177.26684740949594
177.26684740949594
177.26684740949594
177.26684740949594
177.26684740949594
177.26684740949594
177.26684740949594
177.26684740949594
177.26684740949594
177.26684740949594
177.26684740949594
177.26684740949594
177.26684740949594
177.26684740949594
177.26684740949594
177.26684740949594
177.26684740949594
177.26684740949594
177.26684740949594
177.26684740949594
177.26684740949594
177.26684740949594
177.26684740949594
177.26684740949594
177.26684740949594
177.26684740949594
177.26684740949594
177.26684740949594
177.26684740949594
177.26684740949594
177.26684740949594
177.26684740949594
177.26684740949594
177.26684740949594
177.26684740949594
177.26684740949594
177.26684740949594
177.26684740949594
177.26684740949594
177.26684740949594
177.26684740949594
177.26684740949594
177.26684740949594
177.26684740949594
177.26684740949594
177.26684740949594
177.26684740949594
177.26684740949594
177.26684740949594
177.26684740949594
177.26684740949594
177.26684740949594
177.26684740949594
177.26684740949594
177.26684740949594
177.26684740949594
177.26684740949594
177.26684740949594
177.26684740949594
177.26880000878032
177.26916257021588
177.26916476236642
177.26972841402176
177.26972841402176
177.26972841402176
177.26972841402176
177.26972841402176
177.26972841402176
177.26972841402176
177.26972841402176
177.26972841402176
177.26972841402176
177.26972841402176
177.26972841402176
177.26972841402176
177.26972841402176
177.26972841402176
177.26972841402176
177.26972841402176
177.26972841402176
177.26972841402176
177.26972841402176
177.26972841402176
177.26972841402176
177.26972841402176
177.26972841402176
177.26972841402176
177.26972841402176
177.26972841402176
177.26972841402176
177.26972841402176
177.26972841402176
177.26972841402176
177.26972841402176
177.26972841402176
177.26972841402176
177.26972841402176
177.26972841402176
177.26972841402176
177.26972841402176
177.26972841402176
177.26972841402176
177.26972841402176
177.26972841402176
177.26972841402176
177.26972841402176
177.26972841402176
177.26972841402176
177.26972841402176
177.26972841402176
177.26972841402176
177.26972841402176
177.26972841402176
177.26972841402176
177.26972841402176
177.26972841402176
177.26972841402176
177.26972841402176
177.26972841402176
177.26972841402176
177.26972841402176
177.26972841402176
177.26972841402176
177.26972841402176
177.26972841402176
177.26972841402176
177.26972841402176
177.26972841402176
177.26972841402176
177.26972841402176
177.26972841402176
177.26972841402176
177.26972841402176
177.26972841402176
177.26972841402176
177.26972841402176
177.26972841402176
177.26972841402176
177.26972841402176
177.26972841402176
177.26972841402176
177.26972841402176
177.26972841402176
177.26972841402176
177.26972841402176
177.26972841402176
177.26972841402176
177.26972841402176
177.26972841402176
177.26972841402176
177.26972841402176
177.26972841402176
177.26972841402176
177.26972841402176
177.26972841402176
177.26972841402176
177.26972841402176
177.26972841402176
177.26972841402176
177.26972841402176
177.26972841402176
177.26972841402176
177.26972841402176
177.26972841402176
177.26972841402176
177.26972841402176
177.26972841402176
177.26972841402176
177.26972841402176
177.26972841402176
177.26972841402176
177.26972841402176
177.26972841402176
177.26972841402176
177.26972841402176
177.26972841402176
177.26972841402176
177.26972841402176
177.26972841402176
177.26880000878032
