with mode=0, handoff cost coefficient = 1.0
168.0155889081914
168.00876075925146
167.92354906083736
167.97171175307363
167.97171122421884
167.9722943043591
167.92167396151993
167.94012139330758
167.8962666972387
167.90933049880408
168.0155889081914
168.04334917824173
168.02599870484602
168.01718406212854
168.01449685917407
168.01718406212854
168.01558994040383
168.02580378518604
168.1097900324349
168.109781424292
168.3594793445535
168.35947846184536
168.362139412307
168.3782375710475
168.35231718995658
168.36830338359934
168.36820003595193
168.3667928159928
168.37472190395874
168.40121949249948
168.39573169884642
168.42015541396376
168.4201569759993
168.4726693467539
168.48949045569088
168.5107264121117
168.53501816643404
168.54200665564443
168.54891974581838
168.547824884271
168.94313900331505
168.94463250337552
168.95322162311544
168.96443482371325
168.97618168232333
168.97618056141488
168.9728379560642
168.99413701003482
169.01082137201567
169.0996985417602
169.1006464362033
169.09464842048374
169.1469365119542
169.15112118808295
169.15296367002273
169.15622122819605
169.15623252565155
169.489114445754
169.49122666262593
169.4911963654854
169.49122666262593
169.46946116450152
169.50349574856912
169.50392088036517
169.5048041033486
169.50098203092233
169.4995234286533
169.49845220357622
169.53084122317003
169.57077508511932
169.65442654142205
169.75430073703922
169.7548756312475
170.0863504649794
170.08851547017312
170.0708871860576
170.07089231832745
170.07044139794633
170.08410068148595
170.08421204002383
170.08438143110874
170.08806084934474
170.10313771183704
170.11719471698058
170.14257207554016
170.2016720227669
170.18927183206847
170.2000115549325
170.20838152743303
170.21124065817622
170.17907422631993
170.18012897035786
170.18590866719063
170.18695516089056
170.18698459868864
170.18657858085737
170.57121715372426
170.57432174416627
170.6036639680286
170.6100484726901
170.61121733931128
170.669094158491
170.67016242571447
170.67223319213403
170.67265565241027
170.67360532867266
170.77103187466489
170.77029127481745
170.8022870501196
171.17859407781737
171.17909004715307
171.1773583151516
171.18590798178366
171.1743348496591
171.1704764256403
171.17049307360094
171.1704764256403
171.17509990959434
171.15735273640723
171.15764650333193
171.15821308100158
171.15827574200264
171.18590798178366
171.2341403844721
171.2344888470628
171.23404285474717
171.23275705585283
171.23282301027413
171.27257012805282
171.27275920876733
171.2727638119832
171.27254138974848
171.2730965221812
171.27376450763055
171.27436031322495
171.27725950935275
171.39793516575543
171.39793529090858
171.39811323951693
171.4016216778443
171.41402324662798
171.41527806265933
171.4191625245291
171.41916261649445
171.4219927865826
171.42385504065678
171.4242394830183
171.47227668528524
171.47322679046013
171.472298094676
171.47087445669874
171.47117074331172
171.5102729427203
171.51027313603805
171.50766701880784
171.50767097401203
171.51116340898713
171.50100786041835
171.50100611618993
171.5021804185968
171.5032485117391
171.50324959446127
171.50325054948135
171.4996667351747
171.49920663940887
171.49922373788215
171.51116340898713
171.51763385496253
171.51763403058862
171.5317344174576
171.5318738880012
171.6134487425608
171.6135580054812
171.61394974451636
171.6141152764743
171.6140683467876
171.6141368709322
171.62024590594956
171.62026462218182
171.62038081593263
171.6207015268407
171.62117738263817
171.62695220986694
171.62707442550342
171.62918172304006
171.63547976538982
171.6356021913831
171.64267612693828
171.64284315037838
171.64284816176576
171.66249620015432
171.6674890375011
171.67340460934886
171.6736368061223
171.67366055999858
171.6742253782759
171.73163441316234
171.73166512504974
171.73179475015272
171.73174301821913
171.73174303607948
171.73168464881527
171.73173638074888
171.73471739256175
171.73603884398844
171.73685329154313
171.7411068729678
171.82241889606917
171.82348419094146
171.83763951222784
171.83763839029078
171.837803960214
171.83777422078796
171.83839504057758
171.89504165864392
171.8944000190378
171.9084099600786
171.90905159968472
171.9100564742865
171.9143492063278
171.9189157055226
171.92017958848186
171.92011628615455
171.92001865734076
171.9200650612146
171.92156950022328
171.9300467031465
171.93004721672904
172.0112567129792
172.01136786688417
172.0253535729571
172.02541936223065
172.02542553536674
172.0253796965378
172.02434779390984
172.0243722634917
172.02453901912324
172.0249233887001
172.02492382686398
172.02384926400558
172.02375677256515
172.02541936223065
172.07256075095862
172.07258147317518
172.07263236868144
172.07268280691392
172.08245055059913
172.09432958799889
172.09485023588985
172.09721498492257
172.09722129771248
172.0973181759237
172.09760474647578
172.10945568625306
172.10936475984528
172.10948871554103
172.11372086511903
172.11386161619677
172.1138618402622
172.1175526988777
172.12002425245416
172.12023040433726
172.12026306376296
172.12051641041316
172.16801677553448
172.16758016533342
172.16816692973882
172.16817867342579
172.16825437872336
172.1682127089195
172.16814789386282
172.17047304574976
172.17066895531607
172.17066917004496
172.1701130021345
172.17037877048563
172.17046037305306
172.17059399880503
172.18032188594154
172.18065501320388
172.18087928890716
172.18087960231082
172.18087986803158
172.1813097786228
172.18135182195743
172.18135204006794
172.18168008865382
172.19131250565903
172.19193841768396
172.19193866339472
172.19888489250633
172.1992871284273
172.1992877511432
172.19928783759812
172.2062059077667
172.20901007728963
172.20977595605294
172.21010403186048
172.21235654669616
172.21236181798795
172.21926961416494
172.21936412824294
172.21933564978937
172.2193051913873
172.2193287581251
172.21998072569133
172.22189730617552
172.22194831245386
172.22185768566328
172.22240030869116
172.22273668713478
172.22274142584516
172.22345443048206
172.22509055462123
172.2254134041957
172.2257868874071
172.22581969019518
172.22705683443556
172.22735245168542
172.2270071432394
172.22700825222194
172.22700856017053
172.2273324196177
172.2342398737312
172.23573092298147
172.23619776353698
172.23628539541383
172.23628568762052
172.23663537962017
172.2366510743723
172.23898746145494
172.2384710739462
172.24171062547325
172.24123200115778
172.2412348631392
172.24123524440446
172.24128479307768
172.2432340819975
172.24327099651342
172.2909839308559
172.29098394073694
172.29381504807264
172.29388008307595
172.29421964327722
172.29461893200366
172.29485269699785
172.2948548249374
172.2948569185598
172.29489280581822
172.29500371207484
172.2948766857386
172.29503655130392
172.29503681530008
172.29503692576424
172.32267562278233
172.32387375835714
172.32383522854747
172.32390164224245
172.3276684640611
172.32924056611324
172.32926617924346
172.33021095416734
172.33981383757177
172.33979687592694
172.33986746103517
172.34003876360987
172.34003901462256
172.35184871327016
172.36363031972198
172.36482916488288
172.37658922807003
172.3766660232434
172.3766949743033
172.37672065168158
172.37672934527924
172.3770851962549
172.37809522311304
172.37980721118586
172.40669658910653
172.40674917245212
172.406722365216
172.4067177236013
172.40694469257082
172.40694573893208
172.40694283829296
172.40955529694207
172.4095553184589
172.40939124649617
172.4095760125435
172.40960048551122
172.4096059229527
172.4097588164545
172.40975885629538
172.40983797540227
172.41077315519502
172.4107731648907
172.4130342757848
172.4132181620217
172.41327494290474
172.4137857184923
172.4139464715784
172.41405133021897
172.41417715564398
172.41417720277266
172.41426172844442
172.4144422293074
172.4261919238326
172.4262654497763
172.4262665122981
172.42779306635924
172.42774884197098
172.42817989036251
172.42783679850413
172.42838483955504
172.42842992836418
172.43809593266735
172.43853615918815
172.43863345509752
172.43982458336922
172.43987167236736
172.4399103072884
172.4413809281645
172.44131083572344
172.4413809281645
172.45310192236124
172.49383000876665
172.49517624901722
172.4955732863331
172.49560219353862
172.49560231617238
172.49560259022468
172.49554587066552
172.49554280767126
172.4958309204742
172.49589187474913
172.5027491788027
172.5027581177995
172.5047123218276
172.50517095707838
172.5051399524778
172.50546384389236
172.50550025338842
172.50597499749833
172.50687199594574
172.50722281141887
172.5168171670494
172.51684084629332
172.51657484948274
172.51936584045086
172.51940265516868
172.51945658108156
172.5196065536344
172.52911768481135
172.5291206388586
172.52922420887228
172.5294108282426
172.53049894563802
172.57783033857896
172.57775295110082
172.57783033857896
172.57783176901833
172.57784366092335
172.57804131841374
172.57816218171598
172.57832956952757
172.5794506567224
172.5794507169453
172.5794302198869
172.57944138929588
172.57946118260793
172.6194910240601
172.61965112310645
172.61971826368438
172.6202184885089
172.620535865511
172.62051700618684
172.62049921251526
172.6605872283115
172.66060608455155
172.66081165670528
172.66085796039704
172.6608612076655
172.66080234742174
172.66084336785676
172.66338624199344
172.66338627523115
172.6643986660908
172.67383452176043
172.67390198888754
172.67390208639753
172.6739131819696
172.67391325639693
172.67384578926982
172.70101951870174
172.70101957582548
172.70121162095754
172.70346119548623
172.70345427836767
172.7297999286709
172.72982481291834
172.72982481291834
