with mode=1, handoff cost coefficient = 1.0
185.61847426157178
185.67899191158983
185.8108252864476
185.91857278281446
186.03998319379446
186.05032834749105
186.244492159147
186.40335324557793
186.43962424385427
186.45434344197426
186.59713730205908
186.68059774166414
186.82937938522602
186.83470230087613
186.93043564823006
186.932262703665
187.05627300659694
187.11270937166054
187.26935424987005
187.29953431712536
187.3689036209672
187.38750827929366
187.46990393794292
187.56696289727972
187.63219273635332
187.6394022937512
187.79182234767725
187.8819413354746
187.92775389904153
188.02682811580257
188.06251928171778
188.09398191397153
188.1366610810341
188.177528368038
188.19561965387695
188.18951390999973
188.2113713943716
188.34551817469017
188.4739272762033
188.5446651193129
188.53265714703605
188.56868797251408
188.63528172077827
188.7206248707329
188.77404939507122
188.80737288123055
188.8593024149543
188.9067784728981
188.93386900449738
189.06441838130903
189.1582376418078
189.2893506367301
189.32494303717
189.4530765853194
189.45247578574873
189.45883453898517
189.45882556139773
189.53960901990519
189.64469729449104
189.6474864209241
189.6856465418858
189.69351026257158
189.69881790535678
189.8384522651333
189.94317900983378
189.9380720894996
189.96234868102533
190.10676572048843
190.09998795736456
190.11047117321326
190.17093732267654
190.24322356508327
190.28921971878484
190.39863914427033
190.5765709362384
190.58287731086608
190.6247519302883
190.71766979648248
190.79161083539358
190.86092395107283
190.86479764504762
190.94463387841796
190.9465860784846
191.00775107870456
191.12893958777607
191.13768106379104
191.1306930800799
191.12740483440888
191.16919541777628
191.22835926446155
191.22799527563524
191.29539740567213
191.32295735785078
191.31554116792864
191.43452890451022
191.52894488559207
191.62124300097108
191.67634833196303
191.72722678541095
191.76032855566402
191.7563295261574
191.76662100124372
191.90261621034438
191.9009101456021
191.974780487761
192.01239022929693
192.06205627308861
192.08262485414568
192.21429875800433
192.30463622901698
192.50417574964752
192.58712213615888
192.57628501580356
192.58045730995806
192.67771912741242
192.67875441963997
192.6819177042776
192.69126486268158
192.7641759876658
192.93197792000416
192.92522679856384
192.9649726295384
192.99995536570165
193.08473198088055
193.1242062749044
193.11523892929858
193.2293754524072
193.32293139127765
193.32635358416243
193.32274247753153
193.3627059729484
193.36861694411687
193.3722880935506
193.37773091813682
193.37870325850466
193.37618551294557
193.3765613022155
193.51770941630463
193.5720855014856
193.59410977466572
193.59009354461838
193.58642433323843
193.5841546481431
193.59264020414975
193.5891783159026
193.67865610284338
193.8834407488339
193.8797936586161
193.95423039173176
193.98685449753262
193.98702249535506
194.01091481447205
194.035628116844
194.06016238211419
194.1040475974172
194.21002980502288
194.28006945115263
194.32139611971084
194.39558070964975
194.39524332834912
194.3952309240307
194.40206326641322
194.4543945015217
194.4553390770331
194.45382865000187
194.46892689130215
194.4691315322478
194.4945957090615
194.48896550916857
194.48828882774205
194.51591537193167
194.51582645577574
194.54451656927122
194.56299290546323
194.61503832143504
194.7362597655912
194.80670786136054
194.86051131120033
194.93384320166007
194.92413083527325
194.92041058253693
194.94526882859077
194.95588754565077
194.96020402015606
194.95830908832625
194.92946055161246
194.93738827090652
195.0330315226817
195.081549611829
195.0766176552003
195.07861611873776
195.09842167802515
195.12900577933806
195.12082209593757
195.17760223148588
195.26254832340382
195.27424568711604
195.27310655918524
195.28776901096742
195.33415679896538
195.37759015602944
195.3665530455312
195.42456325855173
195.42917021201993
195.43376169667567
195.43332069623065
195.42926920389377
195.42175091609
195.42828057089807
195.4630612132268
195.46060908059994
195.44802709862907
195.45380866459192
195.46913352465006
195.49370313681874
195.50384917309526
195.50872929067526
195.5387356655427
195.54000830036938
195.53730284307122
195.5272705926657
195.5183000262392
195.5041370635268
195.56529927013975
195.5927266957817
195.59582414547387
195.60233704340152
195.59358081641645
195.6959438327341
195.75624283536527
195.79195948243097
195.8001239834874
195.80020248489683
195.89123605593232
195.88641446079802
195.89030689861957
195.88438457594705
195.92591895932964
195.92495583891204
195.94469426196977
195.97704117148933
196.00866332620186
196.02123760061895
196.07259041917015
196.12283362419316
196.16902748757855
196.21792692819253
196.21632378737831
196.21771749963455
196.21292738992494
196.21631213984674
196.26464164439597
196.2669912463653
196.2650481486379
196.2701441226771
196.26158323838084
196.26854008175002
196.36885550654682
196.36383726529746
196.3917970109403
196.38319324333398
196.3931577506744
196.39528077424833
196.39826492438655
196.48608771324342
196.48665794179868
196.48836293789915
196.50827578667023
196.51703444338528
196.55425545340574
196.56034459052842
196.55801450019771
196.5516315921721
196.5496128202742
196.55347266560557
196.59429382520182
196.59308310027043
196.6920506884213
196.74582213747163
196.75103883914989
196.7496871742531
196.74217600680333
196.74227242067175
196.75991013207138
196.8113327977402
196.86790443055145
196.9238987396694
196.92121807768632
196.96832882711865
197.016318864898
197.01202004005594
197.04853437258038
197.06248351963026
197.06304895348416
197.06489013123317
197.06352970211643
197.0685588240953
197.0692938353315
197.10740758784118
197.10281215443817
197.1031149597266
197.2018700089941
197.1868186617118
197.25187568982193
197.27512405237553
197.27131076598138
197.32486978267963
197.32750037570182
197.41992657013537
197.5212320848314
197.52304057723939
197.5268115789688
197.52167672061591
197.57315940184472
197.6170880497143
197.70752869217625
197.75242294430862
197.93284196083002
197.93644135707754
197.93756149246883
197.94169856395
198.01861091091638
198.02321345283485
198.02691767835694
198.07720645701153
198.07711708552782
198.10618348688337
198.12123205542878
198.17877066096437
198.16328549095627
198.20048829424564
198.2818652158975
198.28894191908051
198.28435937304593
198.43365575295243
198.42827802795205
198.41933026805955
198.41429946806633
198.50779680814298
198.50744988558674
198.61626873053956
198.62672041998528
198.6290568115493
198.6080536131813
198.62663369143655
198.62159890035937
198.67591375441617
198.70834280957678
198.7132007682182
198.71183131440438
198.7171671625435
198.75766356135816
198.7893195557621
198.83737176048015
198.92542467149903
198.92405948308573
198.95425926361096
198.95181576261984
199.01473321952653
199.10591813227822
199.16081332758012
199.15814070859233
199.1756695584521
199.27523649754062
199.28052547942087
199.2863793833702
199.3489362827078
199.36052560923008
199.38406285885975
199.42502955380934
199.42328798529195
199.42801105427276
199.44796064193199
199.504809529974
199.50880794843084
199.50672519223284
199.50888126570152
199.50952963326677
199.50261237125017
199.50660111576252
199.5062793005337
199.54863759424498
199.5387884452983
199.59595690824636
199.64666550400835
199.6629560058909
199.66070499798315
199.6605154781876
199.7516224320101
199.78724867145291
199.78211694563345
199.82143444011638
199.87885118585208
199.88724141395357
199.9406316784897
199.94216243303708
199.94233615140436
199.93701541823862
199.9418363168066
199.93918329696965
199.93857110298967
199.9369294435776
200.03930912249834
200.08731022667882
200.1373838128589
200.1320529862618
200.17926178204507
200.22174524708976
200.22393376517343
200.22140053781823
200.28029102199162
200.38150702695958
200.36372748566583
200.3636488975177
200.3528927863611
200.35690294478835
200.350728780755
200.35298221397335
200.34627045635125
200.3519543974157
200.39908334491005
200.43158704207522
200.48338587085308
200.4908212989965
200.48644715649732
200.49380107779493
200.57554333644214
200.68626784013094
200.68781929342725
200.68310034823747
200.72842558921906
200.73025741773455
200.78939310038464
200.7898820945664
200.87996324449628
200.87907496299863
200.94196773459947
200.9387237446867
200.9437297446991
201.02280492820876
201.0508236262909
201.12467952213223
201.17954221751415
201.1902607947579
201.23924931927826
201.24030284956598
201.24331226875074
201.24204345310812
201.343109273401
201.38607214426378
201.38060201421598
201.38292763863066
201.4350724719399
201.42578275113246
201.442533563356
201.46481159950088
201.50830656571426
201.55139759092805
201.5452509562014
201.55260818897074
201.5561302880835
201.588459474512
201.5868105507616
201.5801786702962
201.57793811100325
201.5764523904628
201.58905227469072
201.65028761846855
201.6500301281962
201.64377116366052
201.64556161591082
201.64642168212893
201.70607470495872
201.76186470146516
201.76363728870655
201.76293683653228
201.7638417815026
201.7644925558068
201.76478300347924
201.76297084658412
201.86540361868555
201.93721682293108
202.02804048688824
202.03073679560146
202.02677577788796
202.02945537375467
202.01300302747885
202.01689681919456
202.0262640619362
202.0907466081728
202.13278363311795
202.14375186569583
202.14159274087834
202.14620954995118
202.2392257235412
202.3786839542445
202.43465237665515
202.4416416014111
202.46905143791184
202.52397030733667
202.52645609959905
