with mode=0, handoff cost coefficient = 1.0
185.61847426157178
185.6143210253504
185.8471095798171
185.8200864579473
185.7344428147577
186.4696555579793
186.50041648558778
186.45249633563262
187.04317894281186
187.01735270920096
187.09317642320104
187.07302052369732
187.04015829072955
187.04346630681312
187.0502576967162
187.06724808585244
187.07184820615504
187.08595984276428
187.09674539338852
187.130863602778
187.0409980777146
187.1053702963477
187.2922737153903
187.29608259494734
187.29676319200965
187.29537528163004
187.29671104110548
187.29706275805498
187.33436737888604
187.33412123053625
187.3342418714392
187.38022652195758
187.47079402141026
187.47082606062065
187.44119470320217
187.42310350502322
187.43564645253244
188.02179326704
188.02706627547823
188.7132516305721
188.71469554887688
188.71074079475193
188.7107559682022
188.7163386687667
188.71475221570032
188.71733477551794
188.81030817076487
188.8643487648272
188.86435700123207
188.8784117536559
188.86029831945206
188.9401812672481
189.05992181737852
188.94698081507258
188.92074835156882
188.91225673426283
188.9126155931147
188.94173576888483
188.94389544424996
189.19852674677605
189.20009452798837
189.23322681767633
189.31631888328226
189.32225871312787
189.24003134983417
189.24061723049277
189.21812787321306
189.23639473218265
189.18037944724293
189.46159879163133
189.54081189866218
189.58849170664845
189.5672010769191
189.56766297474073
189.50466195376654
189.43377725999088
189.43265730540773
189.43595888541367
189.31093833391117
189.30711274798634
189.6921185262399
189.65583627488314
189.6717663798998
189.6702960953035
189.67361508280098
189.66819700347256
189.606330689932
189.6119136103091
189.6293125984701
189.6306489481056
189.7154781866577
189.71550793634665
189.71928788875897
189.69633747447165
189.70602986396347
189.72851344148094
189.6913326126752
189.62406872115994
189.62454718983767
189.61975287659408
189.62146852598508
189.6229383757677
189.65675482458028
189.65503917518924
189.65558589427837
189.72851344148094
189.73062655504663
190.09972501007582
190.12295444194166
190.11593371076523
190.1153533251331
190.34881995839893
190.34908344989046
190.35185661470447
190.35230064078172
190.36408776415942
190.40387406282125
190.70077272831531
190.71593498897474
190.7178548614724
190.71812218445945
190.7181174707057
190.71979389536995
190.7198732528954
190.72093956513018
190.72036426783677
190.75980069621608
190.76308216761586
190.78743890066673
190.7875178760202
190.78149137922202
191.0094911756853
191.1968337921633
191.2393290637775
191.2390499960291
191.23911878688503
191.23916053659653
191.24029685049405
191.2607040480342
191.25918676250964
191.62456719850613
191.62547647771115
191.8037636160607
191.8037145206734
191.80990509583864
191.82493520765277
191.81873849609784
191.81541474060356
191.93651475648488
191.9404462344737
191.9591162161551
191.96469215876354
192.0810199351417
192.07307295420333
192.07505767632833
192.2151941909564
192.2200055780568
192.2228590145361
192.22270677758368
192.23676410251522
192.2383278431481
192.24082677889567
192.24223404621588
192.40213717239226
192.40239671879934
192.54589053348104
192.56849328974602
192.5856809554615
192.58516407315489
192.58598261709886
192.5866406550508
192.5860222197859
192.96486974715614
193.25677306978744
193.23367344878451
193.2319110541366
193.23353110942173
193.23376451338953
193.2349802951726
193.2353633084672
193.23585788487614
193.2375218595276
193.2375983164071
193.25677306978744
193.27420600705491
193.27889223886393
193.2830300105382
193.2763202461647
193.28861945677102
193.28868850137053
193.28890455623866
193.31587644675204
193.31589139044206
193.31592447067814
193.31619066364019
193.31922965296053
193.31978784898365
193.32545023016948
193.33581253132283
193.33552543217976
193.33552543217976
193.42671255408428
193.43176915678146
193.43198382196593
193.43561839099377
193.50508929895625
193.5050885554056
193.50510446324097
193.52549521638292
193.61065083447633
193.6111784462837
193.61206566761246
193.61629895449056
193.621893750842
193.6246555183466
193.63499746063584
193.63951837110784
193.64185155343986
193.64185849493117
193.64294238667043
193.64306509488034
193.6431572237584
193.64174604269527
193.64169849679092
193.72576855028575
193.72271523084692
193.72283317293392
193.7276998528593
193.72805598846645
193.7281736350248
193.72818810250783
193.73924518653297
193.74416442781828
193.74416760992816
193.74416586393562
193.75127162128348
193.74927811174666
193.7494812561923
193.74946654617833
193.75169055848949
193.77104177506416
193.77368017326154
193.7793940100992
193.7845172491133
193.79789060961147
193.8013098887875
193.8008711044273
193.80077245469099
193.80118969179426
193.8023325636225
193.802783273749
193.8051734729985
193.8070920097887
193.80807523418687
193.82907917883756
193.82827287657614
193.8431217092289
193.84309724000474
193.8449367824661
193.84820605139578
193.86285767104255
193.8627501516613
193.8709315044481
193.8696930346708
193.87043322705165
193.8705407464329
193.87136586690784
193.87330128227526
193.87635994733762
193.8783875451145
193.87798940939433
193.87800810317898
193.874780254109
193.9370153466262
193.93280114457252
193.93001810481687
193.93192348176368
193.94037565790256
193.94067174208143
193.94085201979019
193.93873643747736
193.93892049273478
193.93723462865657
193.93718478030468
193.9386559412256
193.9366008655181
193.9366140870516
193.93661390450842
193.93911359328112
193.94592004121048
193.94757449540114
193.94759709204308
193.94520925819967
193.94568101466297
193.9430955378701
193.9573402945058
193.95749190000117
193.95810179462597
193.9580804903112
193.96032485479753
193.9603317965188
193.95912406770907
193.9603317965188
193.9618996282029
193.96865937560887
193.96453301640472
194.1557694104798
194.2551788615418
194.26401044651823
194.26407955826153
194.27090221402472
194.2711047453925
194.27145377884568
194.27148783258542
194.28306291843165
194.28321564560974
194.28295029084182
194.2828389266619
194.2766847086179
194.27758729567466
194.28457239210343
194.2861768463921
194.28500884224093
194.2894867801503
194.3472461091814
194.34725177554265
194.34713292602646
194.54118390791837
194.5490933814965
194.55112404643944
194.55338526930876
194.55233622998412
194.55273176482342
194.55477733981058
194.54923975904376
194.54785377871835
194.54970901912597
194.54987419096656
194.6062918076228
194.60477066381944
194.67982598234528
194.67868384835054
194.68816310696462
194.68815656776934
194.69458741938655
194.69466109528514
194.6948911588648
194.69481109501407
194.69291303481822
194.6942871990761
194.69442131709081
194.694454413168
194.6953906774493
194.69507094913692
194.76480050655803
194.76708743573005
194.7715100889661
194.77151259659217
194.88451032910532
194.88847222998223
194.88847222998223
194.8885258699451
194.8905713673521
194.8912798256119
194.89128170908882
194.89128243704192
194.89370698236266
194.8939008941938
194.89512447756798
194.89611882370824
194.8961198055898
194.89553886651748
194.90036775296835
194.90039001080368
194.90302252934322
194.90303151680513
194.8989373434224
194.91422333560956
194.9120679093863
194.90980663626368
194.90757892790964
194.91317514078617
194.91990101392636
194.92165732931906
194.93029930213075
194.9280865801018
194.92985346499475
195.0292041652861
195.02432360351042
195.02472024243156
195.02291978377093
195.02589003236375
195.03003558289632
195.0333564967478
195.03858478082373
195.03754394896066
195.0388545335131
195.0424685399668
195.04288121951777
195.0433520113992
195.04340678190917
195.23553975202356
195.23869080176593
195.2353889478612
195.23576494550244
195.235858395698
195.23474760190885
195.2342973004407
195.23487147787722
195.2350569150218
195.23519776559894
195.23339227530664
195.23869080176593
195.25120310007736
195.2512047415159
195.26194736403556
195.26192678964503
195.26223279001493
195.26018926877936
195.25924485680264
195.2969271533168
195.29693723130436
195.29698137100775
195.29649382369445
195.29688234483157
195.29726188660393
195.2990110503231
195.29893977390643
195.2989996991624
195.29908277294516
195.3007147042958
195.35629539051408
195.35631619176522
195.3563568668574
195.35646721809687
195.3571780793429
195.4318348265924
195.45808969896052
195.4573590833866
195.45728971934074
195.45730329966915
195.4573126198422
195.45736755450915
195.45891135775403
195.4599609359426
195.55581775662748
195.55488414617636
195.6286573474312
195.62866744878178
195.62872413787554
195.62986605544026
195.6300816607245
195.62999573054316
195.63084614589815
195.63362074168128
195.63362074168128
195.63366366784385
195.63457493901336
195.63605035495493
195.63607987778653
195.63617662610739
195.63610396102803
195.6438306470727
195.6451385725536
195.6451385725536
195.7109404306135
195.71094125587268
195.71101217812912
195.71052318570685
195.710573900004
195.71073940470808
195.71093626325853
195.71093659994514
195.71156422395322
195.71156422395322
195.71156563067285
195.71751844596534
195.7712038108147
195.77130632443277
195.77354750146282
195.77390589113247
195.77455677817156
195.77545861754368
195.77542097121432
195.77552693876063
195.8010334886493
195.80245486410746
195.80246468277906
195.8020671479934
195.80201854528372
195.80158298859305
195.80167676015608
195.80168505048388
195.8013711770999
195.802566036514
195.8044069826335
195.8078883702592
195.80935679939319
195.80936988671522
195.80936805646024
195.80936988671522
