with mode=0, handoff cost coefficient = 1.0
173.78696467095477
173.75166819915233
173.7509818540353
173.78407761326926
173.98980454483106
173.98450799990852
174.12479792160468
174.84260212671776
174.8967010220646
174.89702004192105
175.04719514108407
175.1524734675749
175.17830857882691
175.25406217910137
175.25403763986108
175.32024537025194
175.27148282863592
175.286253352553
175.28653523400033
175.2561825556237
175.2127414981328
175.27416599774614
175.27416920559023
175.28852315216855
175.29829287990725
175.45337825141644
175.4276762467831
175.4276506864956
175.42877954868368
175.40631750777482
175.37044538438795
175.71140163169713
175.71190394657663
175.7386481229169
175.77439053635504
175.71194031389047
175.71194396951347
175.72099172380024
175.72555015643565
176.44063456814143
176.4406109565623
176.47913956905512
176.48282553317466
176.48282854196881
176.47295290083073
176.58928587190817
176.51815977034124
176.5323631040026
176.5019836651428
176.47615806238932
176.47784090448857
176.47783537517014
176.47471144503902
176.47471224530128
176.49258795520325
176.58928587190817
176.58948073894217
176.58678612602884
176.69303376405117
176.69305177594808
176.6943409151906
176.71769263304643
176.72614176515148
176.73264213910338
176.7331446063893
176.74077056813653
176.72605651446486
176.7523177060732
176.78052013808573
176.788452722846
176.84333820368778
176.83022777673784
177.00342029705277
176.99092926152312
177.01280176708946
177.01456527956884
177.01535593548334
177.0174699995424
177.00460650017754
177.0047179772089
177.00467720193078
177.00468436775165
177.05459399787796
177.05712883376387
177.0611783230767
177.06117115725584
177.0682071513025
177.06963135933856
177.08275165187175
177.0786940947678
177.47781615701072
177.48114172167143
177.48911759438914
177.48826494579936
177.48783723198764
177.48680442448045
177.65299569841244
177.68578057195134
177.6737362559181
177.67383652244717
177.67744457546073
177.66045379046665
177.68707753306256
177.69523592590113
177.6964167104019
177.69643516538218
177.69607344776222
177.68959278137635
177.67477543348303
177.6791657317261
177.67424887600905
177.77940994592893
177.77941323854222
177.77096274729266
177.77059415432205
177.77065744484887
177.77270367836095
177.77761980527447
177.78332156718477
177.78332396124085
177.84068494107777
177.840270219502
177.84028238175728
177.84373480914547
177.83266763619005
177.8470638237853
177.84868040811332
177.84521603645803
177.84778838864867
177.84830028357015
177.83330528479462
177.847477412704
177.8474803965786
177.83732874208775
177.8420283178651
177.8432876367652
177.84868040811332
178.03345234558608
178.0360930323754
178.03568001696584
178.0395329683455
178.03511007400385
178.03420106997896
178.03963736128762
178.0396449504854
178.0406361567141
178.0573798695918
178.05521876478014
178.05522600007026
178.05330807774075
178.05865502689707
178.06115317142778
178.0599811759024
178.06232144947438
178.24567163898354
178.24564147261196
178.24667072647804
178.24632373375198
178.25133650838143
178.25460662113966
178.2507710886627
178.25142293909957
178.44802519488985
178.44807799243029
178.44754557782326
178.447559900455
178.4760625305626
178.47649778852255
178.47681091753094
178.4757021125944
178.47842991702944
178.47855110199933
178.48034146086331
178.48034277605362
178.48039912752407
178.48106090854256
178.5638755900626
178.5655671363492
178.5655662341975
178.56556928844861
178.56566396563454
178.56556928844861
178.5815545010163
178.77854086646025
178.85978934700688
178.8597315648614
178.86791530056294
178.91972224901417
178.92331173743494
178.91966697793316
178.92601482833467
178.92697184740678
178.92871997561372
178.93064398568424
178.9320559973544
178.93190252881976
179.01576700506445
179.01311661638084
179.01689518678057
179.02270759189656
179.024973242529
179.02993640713902
179.0299093733753
179.0261308029756
179.02632723241612
179.02558342626037
179.02144821214864
179.01787340640107
179.0159186531683
179.02378838287797
179.0755355895401
179.10789648421135
179.1075154549643
179.10472237703306
179.10474969401346
179.10765837946263
179.1113022280946
179.10833870666713
179.11090545982393
179.11409057368525
179.11740850081608
179.11841276474544
179.11816478140798
179.1188789402872
179.12139749768195
179.13444834546374
179.134101342369
179.13423840717587
179.1386870798483
179.13868925812082
179.13794924532112
179.13734048624303
179.1373383079705
179.13747234824118
179.15523201385753
179.16379307665167
179.17257128065486
179.1881644651387
179.21598699599306
179.2153468303983
179.2105267297028
179.2137681919703
179.21661156374324
179.2181977263159
179.24619241431128
179.26079605788036
179.26368606585126
179.2651137882114
179.26197110091306
179.26195965869647
179.26196265019752
179.26200531541335
179.4581924640814
179.45678484415245
179.46015172874723
179.46360294745313
179.4646412384606
179.46613505305874
179.46271953453908
179.46430404524742
179.46437833139925
179.4677938499189
179.46783126969314
179.46531020607023
179.4657742561424
179.4657778407252
179.46738488434673
179.46960411497477
179.46956630632107
179.46956758660096
179.470067651622
179.46915719469177
179.47208234396223
179.52315301503262
179.52054323128726
179.52187450245736
179.52054323128726
179.52315301503262
179.52356894145612
179.57433567926523
179.575238166021
179.5755631297461
179.57558110263315
179.5761501302915
179.5761384749158
179.5723947913439
179.57280002643503
179.57035645345576
179.57392608713212
179.5761255007424
179.5812310651067
179.5812889949441
179.57990656553395
179.5837239087086
179.58448965159548
179.58587208100562
179.58658501006366
179.58630390785888
179.58653689485578
179.58630390785888
179.5867095223534
179.61419195395877
179.64194298299287
179.64379458771091
179.82850144485533
179.90991664813853
179.91005192530167
179.90656322157696
179.90653618822594
179.9070451115151
179.90371698692917
179.9039608894532
179.90454684671317
179.9015424614962
179.91529516338696
179.91718180636397
179.91625503640915
179.9179068277358
179.91862463724226
179.99992044214252
180.00120812622518
180.0012225556436
180.00003409768064
180.0046995290963
180.00516584160096
180.01953844676962
180.0195240173512
180.01953148385525
180.02801132455025
180.03038348360496
180.03371687663247
180.2324090967117
180.23135935730036
180.2316513842111
180.2316664096454
180.2316650042519
180.23055634678116
180.4120184694071
180.41473509787522
180.4144553482494
180.41443783442386
180.4158995862957
180.41500407186956
180.41779435273628
180.42045678394206
180.42160503746433
180.41723072745083
180.41723176454767
180.42193817204355
180.42501003937355
180.42311399373233
180.42956685858422
180.4295139273328
180.4264128648197
180.43188985848258
180.43814661475483
180.44001062248657
180.4400111004952
180.4372196021467
180.43582203766542
180.43731093144427
180.4364563846445
180.43556855743253
180.43622707447662
180.43507895137296
180.43683508535787
180.44001062248657
180.44007342189474
180.44224065512543
180.44140564340873
180.44121784125193
180.4423495466708
180.44303933560184
180.4433099840138
180.44521220927092
180.44566592279662
180.44473508357893
180.4447486508859
180.44403591917774
180.44436080535925
180.4443236394928
180.44684318928455
180.44791320976796
180.44626240209968
180.44730427425876
180.44730493832392
180.44747786276068
180.44903025003376
180.54886604069907
180.55331230218127
180.55331378494793
180.55532569627235
180.55664638636426
180.55664475886644
180.5569467024874
180.55894466553463
180.5598912948685
180.56538829229385
180.56494212261387
180.59014540902157
180.59090369411226
180.59187912307777
180.59182244000607
180.59188129607168
180.59316450859163
180.59403439745012
180.59532895572553
180.5960610670924
180.59614381441824
180.59630618352378
180.59636745231646
180.5966976676552
180.59709975548037
180.59704810343308
180.61458670721075
180.6150731513098
180.6141442291762
180.65349620704885
180.65444300506627
180.655544097418
180.65554823054148
180.6565814771768
180.68161175379302
180.68067723208551
180.6814215263757
180.7206995484418
180.72070117587492
180.7456490652921
180.7470548167193
180.74748802508785
180.7475567762151
180.74812736802357
180.74812849928713
180.74812688563912
180.78853097776982
180.78829227658287
180.78723870802577
180.884820642089
180.88542174803155
180.91025640061156
180.91060571392072
180.91116822134566
180.91176140584562
180.912519578596
180.9125823360805
180.91258406378552
180.91193852009496
180.95327328833167
180.95311185448298
180.95318265821845
180.99121542830312
180.99126783186864
180.9902958582561
180.99048826459858
180.9896017525271
180.98960781364138
180.99004484539472
180.9906783491843
180.99310597514926
180.99365019479558
180.9933631013581
180.99588499549725
180.99588499549725
180.99616710139833
180.99638949088836
180.9973393451847
180.997739181884
180.9980476250814
180.99823186960415
180.99776165625084
180.9976874370058
180.99777531403103
181.01425053811363
181.0142754143393
181.02114691225458
181.04609595250804
181.04609595250804
181.0461564182494
181.04689036800985
181.04705543258584
181.04714876522903
181.13635488629464
181.13806017975887
181.1382108878428
181.16315801362225
181.16368331823082
181.164196790709
181.16437184443765
181.16442564527986
181.16468263856066
181.1653584292976
181.16627779718112
181.1680391102302
181.16863376153307
181.16893387732
181.16939773884852
181.16969977891378
181.18542243361438
181.1847200419933
181.18445716079646
181.18587870751628
