with mode=1, handoff cost coefficient = 1.0
173.78696467095477
173.86420827340078
173.92912691740426
174.05120900653264
174.1043689789545
174.13681416191642
174.21595433886128
174.23649738047794
174.23145226333992
174.2829852122479
174.2933427497212
174.316982876859
174.3855379301009
174.382728380089
174.38493466975416
174.4007884563318
174.49620121394486
174.58949772313565
174.68029538887123
174.70588707906262
174.6976268433234
174.72164706093025
174.7381282597467
174.75618421657975
174.8593301080417
174.96568117668994
174.96699284587586
174.96628166389124
175.07649587337295
175.09239991598824
175.10939789768491
175.12191749386628
175.17642822781846
175.20510676034263
175.20353085113814
175.2185184754699
175.3192617457956
175.3216157545641
175.40949888758132
175.43844091385265
175.5396926027605
175.76354491217944
175.85449066001257
175.84964321698556
175.83813521049615
175.95602495317493
175.9681431895289
176.088129338942
176.1450448147836
176.23632212882083
176.23436036095396
176.23369658552312
176.32364056917706
176.41971729094428
176.43198117158212
176.44819435262687
176.45451766060884
176.51035010286128
176.5282506918474
176.6466316653595
176.67205432718998
176.66873799053656
176.66031831840246
176.78432073856493
176.80708405316676
176.83040884341946
176.93265090854484
176.94179305779332
176.98400723871865
176.99328531301234
177.08291340778447
177.20712519291305
177.31425002969397
177.3110090389403
177.33100179830865
177.3479388731966
177.35480298740785
177.4721199663179
177.49407089967391
177.51047495458235
177.5124209121592
177.61258652419357
177.63106631345397
177.76270970368782
177.7629330469615
177.7549940914086
177.7576093383769
177.80116102673728
177.8952935819816
178.07700825124243
178.10385660205037
178.12305252549623
178.12867652399203
178.26800641185966
178.2893622650357
178.34314622127155
178.44584972210745
178.4734218987005
178.4759642267731
178.51142451319797
178.5166307741651
178.55808223585635
178.56335410006142
178.5658173045486
178.59225218286508
178.6209165576007
178.63157291907606
178.6747219236303
178.76939944687746
178.77660011618926
178.87101798320296
178.9240543393392
178.92287576163085
178.9635870459429
179.17561733246538
179.17733954299692
179.27807548099372
179.3039222902865
179.3218378605491
179.33292094266656
179.34460845070245
179.43500773125987
179.43492817781362
179.43302621185933
179.52978473112998
179.6176399789001
179.61913775216166
179.653299544552
179.68011856809346
179.78737478396323
179.80575954916796
179.89525564158788
179.90033912967633
180.00091286490357
179.99893622287442
180.0132886813604
180.09480591922613
180.1080372638786
180.16229482756268
180.16690251171514
180.1608532445551
180.19469519358097
180.39214723287242
180.46306994192932
180.4620401951384
180.4632757093965
180.46503103224543
180.45794578637893
180.45540535699516
180.4660247472853
180.52034749647268
180.6258308595019
180.62622291632556
180.7290398362819
180.72613027487898
180.72225489560543
180.71240799285496
180.72599422644814
180.7385573319272
180.80113006944993
180.8424041688742
180.9745744682078
181.0566679329669
181.15129593610803
181.20197235817238
181.2046416757538
181.21234387134012
181.21989141963113
181.2588747093416
181.26389653346865
181.32076797429593
181.324515126456
181.32079368221304
181.31786825915705
181.32587430369966
181.32899914962178
181.4436952189654
181.4368119326475
181.52978771866074
181.56521514681748
181.5763776859924
181.59571355480801
181.59387964700358
181.5989762820008
181.60911826823877
181.62701209445888
181.63217165900755
181.65998214018495
181.71832554088292
181.73066037987067
181.76783706033763
181.86795230079247
181.97107213117
181.9846875507965
181.9976355709219
181.99792443174744
181.9991900451353
182.05305834947876
182.1031687340887
182.09732919628823
182.10789323163186
182.11221167042945
182.11479768317452
182.1215237129531
182.12223466453915
182.11506764889486
182.106892315932
182.12954106957122
182.13114006384177
182.15437972724678
182.19248836457896
182.19882393952247
182.31305527413264
182.36928632237877
182.36628711143874
182.3762415565525
182.36973043157064
182.41183214555485
182.42730717422623
182.45378980365052
182.46192078529637
182.4644817227039
182.50832996009865
182.51758919506045
182.58281182137677
182.61876264093448
182.61703961439235
182.61635799818927
182.64689342905376
182.64230914201113
182.63808008281882
182.64166221415292
182.66978503968232
182.66575470588054
182.70931953081225
182.75850451082772
182.75813721305892
182.76135034579704
182.7573505670454
182.758703922359
182.75561086249002
182.7599477166025
182.7549531644853
182.77732965513925
182.7783980159705
182.78112390119472
182.7885219777291
182.82452194039487
182.83306697642746
182.8324410915218
182.99241555676906
183.0624888023167
183.062148622248
183.1489496533515
183.169414776633
183.19897511545446
183.20056197255235
183.1971780476621
183.20258119696308
183.19863695626617
183.19799406887944
183.2021973238549
183.20666029062903
183.1934043958835
183.29477867986137
183.29555455573646
183.32046633158106
183.34478293392254
183.34501881653011
183.3905768748046
183.38182345695466
183.4556231537492
183.46469117498245
183.45785039954487
183.4618793659259
183.54199481114705
183.56669832415434
183.66848537141158
183.6753917528142
183.68258132886822
183.69264495739574
183.69802725600957
183.69972759560318
183.82605215412963
183.82610356020055
183.90808547982707
183.91301240470557
183.9194736182202
183.92510065284347
183.93374618608004
183.98903523167152
184.0311907747121
184.13283865898495
184.1456129436181
184.15488228846212
184.19767194590872
184.20196729638872
184.20364990312154
184.20583663102218
184.2020097628603
184.2109526710343
184.21509885692743
184.21862546124922
184.220677289022
184.23177192322652
184.22546845292712
184.27903218784712
184.2809650355896
184.27963088727282
184.28123634519494
184.27709102147293
184.30454727150538
184.3045064706272
184.3047535284423
184.32613296068763
184.325405070506
184.3272650459872
184.32633309341298
184.45234376392804
184.4863931996525
184.50754473187786
184.51631791233197
184.53427939159627
184.6007776944296
184.60007124582015
184.61094757990855
184.63749384841475
184.635437804783
184.66238383341448
184.67789445100408
184.67085145799203
184.65552781140957
184.64737952503035
184.64212770233613
184.74571133853797
184.74582167537088
184.76021656477377
184.8432680093312
184.8094577160959
184.80600356802967
184.8171950010659
184.82833383437574
184.82654031877937
184.8335108248268
184.83044410991508
184.82204520003873
184.83726365224592
184.91440762153888
184.90696297297345
184.91287705476012
184.9129717968074
184.91659917354008
184.9253205696978
185.0005595554876
185.00143584106291
185.0042698256407
184.99636794328097
184.99985779691823
185.0118577248707
185.0468461358432
185.04277564530247
185.04360088082288
185.06944407673708
185.08011919508172
185.11302577988954
185.1155651044504
185.11494521323306
185.1173397867157
185.11552940632947
185.11466945441413
185.1351563834439
185.20993089035093
185.20860174164753
185.21921597762548
185.21523203573003
185.21480545176556
185.32122548722847
185.31339690184922
185.31190836965695
185.31829695644967
185.38930598690564
185.3608746577942
185.36100896631328
185.3803422673953
185.43133340372188
185.42393529301725
185.43692554574375
185.4320220280654
185.50684078478727
185.51640534964014
185.50962068056887
185.4961013432686
185.52209384839875
185.58425726621704
185.60665395619097
185.68100065622446
185.679485955495
185.756023448599
185.8173279863527
185.81522340178557
185.82553704037622
185.85310189650076
185.87604375291298
185.88290032676832
186.02624989616783
186.05267022000072
186.04994278468362
186.04790835391492
186.0504883072993
186.06338477818267
186.06528172574787
186.0985864260547
186.10032830296527
186.1038836475498
186.10816257768252
186.13434834889907
186.13052304849697
186.19734735199657
186.17798302942612
186.18443806278103
186.18591371488034
186.17988308110642
186.17279044895818
186.19443259449196
186.18458195427496
186.18736706114558
186.18433545629136
186.19734735199657
186.19599891233506
186.1990463946892
186.2242648832651
186.22845869390443
186.24134917320208
186.24534817765982
186.2462026838183
186.25055166518226
186.30273031869248
186.30199649741698
186.30379760963496
186.30321812357727
186.28695710011525
186.30532670747462
186.31028400260797
186.3112315173652
186.31285043357127
186.31474520324545
186.31456133597348
186.31347973804668
186.31491991652888
186.3181201012644
186.31968395957057
186.3764066273019
186.37577073984434
186.38855258590604
186.3878035410014
186.3915511909101
186.39221542502793
186.39082082738253
186.41253178355672
186.42787838475937
186.42909630728047
186.42943312684537
186.4478278327934
186.44687958288637
186.45805987505582
186.4401855307247
186.44220655302726
186.48166455894946
186.4983433326647
186.49885331224408
186.50663774141805
186.50685212203064
186.52145933752408
186.53418640690015
186.53449813743285
186.53550765655132
186.53769309970485
186.54955812157277
186.55113418123625
186.56307472696056
186.54583768545112
186.54323118515634
186.543184209915
186.54558062103536
186.54558045381398
186.55014089151675
186.5492340595823
186.58120988759077
186.58087700794925
186.58221099926084
186.58253169821143
186.58335350759336
186.59446816505846
186.592873287864
186.59002514245446
186.61995847003092
186.63529242038857
186.63604467880882
186.63585315052742
186.63543923850546
186.63604467880882
