with mode=3, handoff cost coefficient = 1.0
173.78696467095477
173.83999716058568
173.86416813646875
173.86413190430184
173.8633706877005
174.4371568732502
175.6045580441816
175.60454841135706
176.88848627768888
177.13553168325015
177.14739238882245
177.15176127247983
178.19188361458777
178.19191117171115
178.77384469927574
178.77263050623998
179.34756655683597
179.39957214380635
179.56690264159408
179.57108659277856
179.60161351929682
179.6016142455831
179.77152942916996
179.7715373115605
179.834425695228
180.03861481006084
180.04554945192695
180.06940898298137
180.0974039951492
180.15380365100899
180.1941480623095
181.32906535156937
181.32904572806763
181.32881166612515
181.32826544673824
181.3427644865741
181.64831304403305
181.64956017143837
181.63996029491165
181.64006492392141
181.64006492392141
181.7929579199657
181.79181128425762
181.95987086197422
181.95959799424847
181.9567489639722
181.96079183788305
181.96266163058232
181.96276732060954
181.97889879196663
181.98173147710352
181.98164853070497
182.2520086850324
182.28979963840447
182.24896190321004
182.25785334862962
182.25566665529394
182.25566665529394
182.27217233066858
182.27898919308396
182.2913140544363
182.2913140544363
182.2914361741099
182.3645914123664
182.35658321024903
182.3435089087126
182.72351471417585
182.72924267394492
182.72948208693313
182.76165586073785
182.78691415868172
182.7869947088364
182.90378267190127
182.91657522940716
182.91669307699559
182.9148789063234
182.92520885898548
182.92541905957657
182.92576934525
182.92576934525
182.92576934525
182.92576934525
182.93471896867152
182.9337698975247
182.93368067397256
182.93368067397256
182.93816056973415
182.93816056973415
182.93966316433338
182.93966316433338
182.94020122776365
182.94026368530604
182.94321826687934
182.94314101794333
182.94314101794333
182.94349766591904
182.94349766591904
182.94349766591904
182.94349766591904
182.94349766591904
182.94349766591904
182.94349766591904
182.94594033034497
182.94594033034497
182.94594033034497
182.95323136069698
182.98292172924354
182.98292432940042
182.99655391428914
182.9964860101256
182.9964782520856
182.9964782520856
182.9964782520856
182.9964782520856
182.99951370628455
182.99951370628455
182.99959580897243
182.99942592511576
182.99942592511576
182.99942592511576
182.99942592511576
182.99942592511576
182.99942592511576
182.99942592511576
182.99942592511576
182.99942592511576
182.99942592511576
182.99942592511576
182.99942592511576
182.99942592511576
182.99942592511576
182.99942592511576
182.99942592511576
182.99942592511576
182.99942592511576
182.99942592511576
182.99942592511576
182.99942592511576
182.99942592511576
183.01031442637995
183.0103385141412
183.01034794185298
183.0032548959262
183.0032548959262
183.0032548959262
183.00743449153316
183.00742676101675
183.00742676101675
183.00742676101675
183.00742676101675
183.00742676101675
183.00742676101675
183.01204353426772
183.01204353426772
183.01203354322737
183.01203354322737
183.0158932199707
183.0158932199707
183.01997635973714
183.01998496863976
183.0190890253495
183.01915910300372
183.0217036972076
183.0217036972076
183.02823733748124
183.02831281913666
183.02394025134953
183.02384690299613
183.02384690299613
183.02776402286935
183.0276454561925
183.02765812703853
183.02765812703853
183.02765812703853
183.02765812703853
183.02765812703853
183.02765812703853
183.02765812703853
183.02765812703853
183.02765812703853
183.03467561618868
183.03367095948667
183.03361123762863
183.03162506469715
183.03863491025686
183.03863491025686
183.0384228020579
183.03839461683236
183.03839461683236
183.03839461683236
183.04179482634004
183.042002649119
183.0410675948614
183.0410957915332
183.0438353142642
183.0438353142642
183.04496632292938
183.0494444837296
183.05110581100297
183.05110581100297
183.05119296769556
183.05119296769556
183.0533052077659
183.05334513014225
183.05332154540983
183.05332154540983
183.05332154540983
183.05332154540983
183.05332154540983
183.05332154540983
183.05332154540983
183.05332154540983
183.05332154540983
183.05332154540983
183.05332154540983
183.05332154540983
183.05332154540983
183.05332154540983
183.05332154540983
183.05332154540983
183.05332154540983
183.05332154540983
183.05332154540983
183.05332154540983
183.05332154540983
183.05332154540983
183.05332154540983
183.0557666395283
183.0556891545037
183.0557664233241
183.0557664233241
183.0557664233241
183.0557664233241
183.0557664233241
183.0557664233241
183.0595432535451
183.05956477045336
183.05944307349816
183.06030104157952
183.06030104157952
183.06030104157952
183.06030104157952
183.06030104157952
183.06030104157952
183.06030104157952
183.06030104157952
183.06030104157952
183.06030104157952
183.06030104157952
183.06030104157952
183.06030104157952
183.06030104157952
183.06216029518464
183.0620251237175
183.06371550988652
183.06371392131825
183.06371392131825
183.06386291253236
183.11774154938504
183.11804791390188
183.11644308539798
183.1162376363942
183.1162376363942
183.1162376363942
183.1162376363942
183.1162376363942
183.1162376363942
183.1162376363942
183.1162376363942
183.24556247840644
183.24474688888426
183.24250960958875
183.2406072400864
183.2406072400864
183.24278816639378
183.24278816639378
183.24299663040588
183.24299663040588
183.24534331992172
183.24532729631025
183.24542255389673
183.24795383540288
183.2480335154415
183.2480068711361
183.24796833807537
183.24796833807537
183.24796833807537
183.24796833807537
183.24796833807537
183.24796833807537
183.24796833807537
183.24796833807537
183.24796833807537
183.24796833807537
183.24796833807537
183.24796833807537
183.24796833807537
183.24796833807537
183.24796833807537
183.24796833807537
183.24796833807537
183.24796833807537
183.24796833807537
183.24796833807537
183.24796833807537
183.24796833807537
183.24796833807537
183.24796833807537
183.24796833807537
183.24796833807537
183.24796833807537
183.24796833807537
183.24796833807537
183.24796833807537
183.24796833807537
183.24796833807537
183.24796833807537
183.24796833807537
183.24796833807537
183.24796833807537
183.24796833807537
183.24796833807537
183.24796833807537
183.24796833807537
183.24796833807537
183.24796833807537
183.24796833807537
183.24796833807537
183.24796833807537
183.24796833807537
183.24796833807537
183.24796833807537
183.24796833807537
183.24796833807537
183.24796833807537
183.24796833807537
183.24796833807537
183.24796833807537
183.24796833807537
183.24796833807537
183.24796833807537
183.24796833807537
183.24796833807537
183.24796833807537
183.24796833807537
183.24796833807537
183.24796833807537
183.24796833807537
183.24796833807537
183.24996367973148
183.25149498020355
183.25360318179716
183.25040014704598
183.25040014704598
183.25040014704598
183.25040014704598
183.25360750786524
183.25402537188305
183.2541627489928
183.2541627489928
183.2541627489928
183.2541627489928
183.2541627489928
183.2541627489928
183.2541627489928
183.2541627489928
183.2541627489928
183.2541627489928
183.2541627489928
183.2541627489928
183.2541627489928
183.2541627489928
183.25784731454144
183.25799270590633
183.25886188780103
183.25885359502837
183.25885359502837
183.25885359502837
183.25885359502837
183.25885359502837
183.25885359502837
183.26472455203145
183.2647058791752
183.26272257884006
183.26490119981827
183.26490119981827
183.26490119981827
183.26484144349104
183.26484144349104
183.26484144349104
183.26484144349104
183.2678444177574
183.39945248108333
183.39758592604724
183.39760212171942
183.397992798403
183.397992798403
183.397992798403
183.397992798403
183.397992798403
183.397992798403
183.397992798403
183.397992798403
183.397992798403
183.397992798403
183.397992798403
183.397992798403
183.397992798403
183.397992798403
183.397992798403
183.397992798403
183.397992798403
183.397992798403
183.397992798403
183.397992798403
183.397992798403
183.40279086863805
183.40279273410746
183.4023324463363
183.40262470616864
183.40262470616864
183.4581495869991
183.46099851598336
183.45915682790587
183.4600934692566
183.4628802440479
183.46363931939277
183.46597972608782
183.4660243454277
183.46644902918646
183.46649658943429
183.46649658943429
183.46649658943429
183.46649658943429
183.46649658943429
183.46649658943429
183.46649658943429
183.46649658943429
183.46649658943429
183.46649658943429
183.46649658943429
183.46649658943429
183.46649658943429
183.46649658943429
183.46649658943429
183.46649658943429
183.46649658943429
183.46649658943429
183.46649658943429
183.46649658943429
183.46649658943429
183.46649658943429
183.46649658943429
183.46649658943429
183.46649658943429
183.46649658943429
183.46649658943429
183.46649658943429
183.46649658943429
183.46649658943429
183.46649658943429
183.46649658943429
183.46649658943429
183.46649658943429
183.46649658943429
183.46649658943429
183.46649658943429
183.46649658943429
183.46649658943429
183.46649658943429
183.46649658943429
183.46649658943429
183.46649658943429
183.46649658943429
183.46649658943429
183.46649658943429
183.46649658943429
183.46649658943429
183.46649658943429
183.46649658943429
183.46649658943429
183.46649658943429
183.46649658943429
183.46649658943429
183.46649658943429
183.46649658943429
183.46649658943429
183.46649658943429
183.46649658943429
183.46649658943429
183.46649658943429
183.46649658943429
183.46649658943429
183.46649658943429
183.46849761172817
183.47080575185785
183.47101211072348
183.4710150159255
183.47108719610225
183.47108719610225
183.47108719610225
183.47108719610225
183.47108719610225
183.47108719610225
183.47108719610225
183.47108719610225
183.47080575185785
