with mode=0, handoff cost coefficient = 1.0
185.93381053094473
185.93861734577067
185.96038635052247
185.94607340669273
185.89795368436242
185.98202209373162
185.9842062960481
186.15536395802292
186.12449182394275
186.13159329079153
186.43123378123653
186.42904957892006
186.41012030490705
186.42117540492023
186.32120630858148
186.43834172265377
186.48080672705973
186.4818396640083
186.47740852969807
186.47880346525045
186.49324572109214
186.49483968865968
186.49812256538692
186.49492926659866
186.48061112556556
186.4821062374518
186.58200195921424
186.60126465726484
186.57034060584306
186.52891595397753
186.67645847457067
186.70691933896478
186.70814274289782
187.237878976959
187.23831994604936
187.57298182803046
187.5725420262855
187.57285332708565
187.894085446138
187.79892920380652
187.86427854379946
187.78060965094278
187.78230465414
187.78404066009614
187.79606071545217
187.82457164400256
188.15622451212369
188.1680425566919
188.63498578277557
188.59562694440314
188.60047705526458
188.57464167718555
188.59253987674344
188.5857793222715
188.55816125784844
188.57046599223244
188.5524240649592
188.5929859169932
188.63498578277557
188.67540169182777
188.82994422620797
188.83307732409946
188.83617429567107
188.83644510190052
188.83720531308438
189.06194002037108
189.06302388675087
189.05142843704255
189.09462837868796
189.10412396215162
189.35635206198788
189.35679864939522
189.35754464937384
189.35630712381294
189.34538578443275
189.3472080711882
189.59687781258776
189.60209790544852
189.59515694979794
189.5978374349832
189.60141501904727
189.60231155900885
189.76228902573936
189.76274155051826
189.75749181039927
189.76188217430203
189.7647487781127
189.76329460195154
189.77286056732473
189.76953465770734
190.01407037183208
190.0192657932115
190.0129359413733
190.00008243533335
190.0023380274723
190.0251665462159
190.18311307730082
190.1985738075844
190.1900688232517
190.19235909296773
190.1806705107881
190.33507580946986
190.33439553979284
190.32427359565108
190.31762426668968
190.29262131707335
190.29296599338014
190.28905747387486
190.29157506063697
190.29256434801582
190.29072399989158
190.33507580946986
190.40943817399008
190.40855360067624
190.41592205105223
190.41696404815747
190.41760119303615
190.4178331464579
190.41755419622376
190.49031800686382
190.4996025802833
190.49950450379134
190.50479903005981
190.5022100006294
190.5108672837275
190.62213124232937
190.6502389765482
190.6501959425805
190.71734459695793
190.7172687110515
190.82722210930987
190.8223930836589
190.82062155973898
190.82082258938922
190.84642100150995
190.8463931278414
190.85975667963663
190.86070533428725
190.8610947796069
190.8634943892237
190.8625242654101
190.86255410586486
190.8695397587757
190.864337078283
190.86142670219135
190.8645908196083
190.87846571372418
190.8725386291519
190.873932518575
190.87543467574767
190.8868554291946
190.8869457489054
190.88845343395107
190.88847595892605
190.88857057464458
190.89089062449045
190.89135088667217
190.8942120759495
190.89461397844258
190.97362007451306
190.98100276644743
190.98289704956818
190.98971009795343
190.99084848437184
190.99035755717267
190.99072078950866
190.99220020676802
191.05868037861035
191.05621934584002
191.05671312389262
191.0624709490176
191.0652226755438
191.1398924426471
191.14159689548543
191.14245693805046
191.1440620800602
191.14276939520394
191.2494026085799
191.24889472620387
191.24505541099873
191.3675178662144
191.3672331189417
191.47181886433336
191.47160628842707
191.47004716695932
191.46808303124087
191.47248656269804
191.4727346722082
191.5759844739588
191.66470024894514
191.67938785221193
191.67891777003402
191.67920710914734
191.8003800447677
191.8029207381874
191.87537954520562
191.90601074612758
191.9037210788101
191.9752746718174
191.97284194244332
191.97346065958646
191.97384636764755
191.97539831711325
191.97547148630005
191.98274327459063
191.98249092450808
191.98134710903304
191.98295488537292
191.98309459779415
191.98315651940507
191.9825211262183
191.98451975474327
191.9870038154294
191.98713928851237
191.98613992251606
191.98621564982852
191.98299535819717
191.98712586089403
192.00162347032483
192.00405421585634
192.00337312390548
191.9951873245588
191.9916661926952
191.9916989009141
192.0949286989954
192.16336665565188
192.1635875864106
192.16287489177057
192.16305145917627
192.16308259683407
192.1639062283474
192.16544517490948
192.18282462379884
192.19010196629458
192.1903794370198
192.19502880951146
192.19511348387084
192.1951248360932
192.26760144752944
192.26766440516667
192.27519178962152
192.2751778777389
192.34004731066142
192.34016128601436
192.4418048956186
192.44200012544044
192.44183972657936
192.43575186652015
192.43392494365233
192.42477002523552
192.42483912946741
192.42723097805393
192.42597798563133
192.43747730530686
192.43667577434806
192.44200012544044
192.44244595736143
192.43992087740727
192.43991242730993
192.4407481311431
192.44132421628885
192.47705686406795
192.47729537380155
192.4772674092759
192.4772547650771
192.4816561441636
192.537234778011
192.53758209725845
192.543147127109
192.543147127109
192.54322451996114
192.5438281939933
192.54330238435108
192.57910245384488
192.57914897725524
192.57928423504765
192.5806406379708
192.5807164311292
192.58074575083876
192.5838247087035
192.613850607608
192.61459141364418
192.6159470686875
192.61535950837268
192.61535950837268
192.67807686507047
192.6785512857054
192.68035349593538
192.7427469721151
192.7427405792417
192.74319469747365
192.7432184685306
192.7433196271825
192.74260256470433
192.7426367586047
192.7426763004539
192.74351571289236
192.74356516608057
192.74335538773227
192.7439410055568
192.74370686206908
192.7445524642253
192.7443267291291
192.7486186119541
192.75107321258048
192.75217978480242
192.75217266041045
192.78310943785425
192.78310943785425
192.8481814046089
192.87819897361825
192.94321630541296
192.94329381085225
193.00757315545795
193.00749678032645
193.00749678032645
193.00961613723965
193.04576095828202
193.0458711535439
193.05009843558597
193.05009351890214
193.05169530027663
193.05185106269627
193.05171693858497
193.0515414613831
193.0513831205958
193.0489047952156
193.04900404457416
193.0480184788851
193.0473923213012
193.04722373176193
193.04795533326927
193.05185106269627
193.05147048702733
193.05151490198386
193.05154800198795
193.05169273189483
193.05177958609954
193.0516561896749
193.05170247868753
193.05205514050272
193.0525709723097
193.05271510308702
193.05429399267734
193.05438854803464
193.0546747836564
193.0552951903394
193.05572686131683
193.05752782883917
193.05784009509063
193.0580394359737
193.0585962678017
193.0763165253344
193.07635665910396
193.07658609534326
193.07667362187757
193.07669373027002
193.0766170700754
193.07665747716297
193.10785728826878
193.10859553658267
193.10936792908043
193.1094222042092
193.1097901088543
193.10975935104412
193.10978042226776
193.1103156661757
193.11031739099133
193.11323843709897
193.11330720583848
193.11317198132386
193.11321231188575
193.1134315556094
193.1133936776738
193.11345353559278
193.11350592849317
193.11348701384824
193.11537850102698
193.11611789565137
193.11649231212314
193.1166112887877
193.11653927286739
193.11655753586808
193.11662986295946
193.11701229894754
193.1185459358287
193.11821124623975
193.11850107336357
193.15061686810486
193.1505385792103
193.18301433172292
193.18303885993694
193.18284565961844
193.2035452286606
193.22458205479109
193.2239218826058
193.2240071157067
193.22408914722882
193.22466151220752
193.2251944230233
193.22529295632842
193.22526563434363
193.22608404712227
193.24657761977363
193.24621311783423
193.26382926905964
193.26382926905964
193.2638498266013
193.2638672601765
193.2639086031434
193.26409703115928
193.26445459312464
193.26448746296265
193.26483649242235
193.2650784832194
193.2661820225132
193.2840406115689
193.2840881449748
193.28396378476265
193.2838685145623
193.28441449058138
193.28478994662495
193.28497952098095
193.30151358985432
193.30216100153194
193.30218813756613
193.30198115285322
193.3018876929873
193.30193766499104
193.3022034893234
193.30222519608628
193.30229921282617
193.30249552358873
193.30306170531125
193.30309008200942
193.30310151642144
193.30369173676945
193.30370936785482
193.32407531500402
193.3241615283916
193.32458613789248
193.324586621668
193.32462111684305
193.3246169137833
193.3246554300456
193.3246571212348
193.3247839407376
193.3248583261991
193.32488242738992
193.32536089975156
193.32595447301304
193.32737831559587
193.32763928199736
193.32734840620924
193.3272416449231
193.32726769625583
193.32728543886674
193.32732953876703
193.32709582230052
193.32712848381527
193.32742140840395
193.32720127631293
193.32763928199736
193.32764813585987
193.3277222447946
193.32772444399612
193.3300955265992
193.33011966415708
193.3303346279985
193.33039113976412
193.33039113976412
193.33040031603343
193.33040660286463
193.3304119501291
193.3304119501291
193.33040196713802
193.33038150799456
193.33038597324256
193.33038597324256
193.33044011689336
193.33037848864012
193.34701365808075
193.34703595330097
193.3470562752383
193.34720448048904
193.34779496567918
193.34806085510772
193.3577305430516
193.35774102279254
193.3577360108249
193.35773634261156
193.35796380033943
193.3580190281596
193.3582041936597
193.3599194305713
193.35992605580722
193.35994556199174
193.35995262326665
193.35995262326665
193.36744525978017
193.36754738899205
