with mode=1, handoff cost coefficient = 1.0
185.93381053094473
185.9865441442911
186.02206808894303
186.136976743278
186.18128451907498
186.21951800323788
186.25572939085166
186.3292528882155
186.46702499558148
186.57515180854654
186.5910984845127
186.60848416263767
186.62086982827083
186.6278042809753
186.69135458422866
186.74040174265892
186.81189807168988
186.87993049210382
186.91598311147152
186.9743704188263
187.04904866243533
187.0591828549505
187.18596528378444
187.2473569431452
187.32822473313695
187.35792154033544
187.44262679845738
187.43729211893438
187.5358917929032
187.5764066547552
187.63119598857546
187.71110681237627
187.80089524563837
187.87030618350207
187.86917718729703
187.86694273921788
187.96949457304646
188.07771031199894
188.07854312127813
188.14624990969077
188.19863284330563
188.2942455615835
188.288232105267
188.29808441366018
188.34835331210945
188.40246461042742
188.39806643442031
188.4952992330704
188.53282623948272
188.63977030178492
188.6965464576537
188.69995990371336
188.75500563609992
188.8736454298763
188.88434667884206
188.88939246779563
188.8943059248827
188.88790348563788
188.88600757982556
188.92038527102096
188.96194390287548
189.0667866800142
189.1084491506794
189.10031441986405
189.15176200828995
189.1676876422548
189.24438154727025
189.27866624173865
189.33039931066025
189.34341818998365
189.3561342677609
189.4518030536432
189.53125217423468
189.65367639047068
189.67641884751214
189.7100685135137
189.71578048278434
189.76108248094317
189.83013845840816
189.83185599148788
189.828951253485
189.87772546893376
189.87023599555633
189.8739703622087
189.87294813960523
189.9104401234879
189.92153009656607
189.9189475391945
189.93652053398807
189.94055073872158
189.9706546658554
190.18286566011747
190.22515104693795
190.233653426303
190.23436088298658
190.34006585530068
190.34876797377652
190.3689536701297
190.37290230772481
190.38583501774903
190.49371616441243
190.54015728149412
190.68044004743655
190.79798485098752
190.8403893241382
190.84147184965593
190.87455812434362
190.8951578248681
190.95776020484274
190.96810747733872
191.0667400772657
191.13272121748005
191.12440290225464
191.12909180041095
191.28007537306405
191.37753256370743
191.3598528877684
191.4233665018165
191.42542834660927
191.5385098369041
191.59666319058454
191.6054037960469
191.66704053295416
191.66962681230106
191.67041420166518
191.66086026617634
191.662087723919
191.67235847982118
191.71226052993228
191.74150287378575
191.79523225055812
191.8952619288395
191.96291050525883
191.99594475094747
192.05485570003657
192.1295127900231
192.1278105603048
192.12140597149352
192.11230829328912
192.14871238840357
192.1459521100095
192.18857360117093
192.19916037203168
192.20593010595198
192.26171493447706
192.2594940289878
192.2621560908881
192.31302960708092
192.36759191313365
192.40376012599376
192.4096910306899
192.48178888019297
192.4783970171494
192.50121588249198
192.50568097771907
192.5390545665939
192.6007433949896
192.59538775275794
192.68341993331367
192.71962881871053
192.73017427917404
192.82597979581112
192.92302019324507
192.922279799368
192.91740153579207
192.96247967140596
192.98922697012907
192.99618479861368
193.02093652476736
193.05131677948503
193.07707198747985
193.0827470602018
193.14036793605914
193.14041651716536
193.1695026096213
193.16835558950274
193.17504479870374
193.18223315676744
193.1874042008284
193.28680856632818
193.28816559551493
193.30481465694268
193.3028771798814
193.2987116001908
193.29243917491203
193.29895919357293
193.33204897913987
193.33602850470302
193.36554803342332
193.40476060094937
193.48072932443432
193.5386586010019
193.5671769978551
193.61181041342462
193.61381394523627
193.61301770681962
193.67732903943084
193.70492429100983
193.72670877681622
193.7892028169388
193.77965032611277
193.7721221091047
193.7716858194716
193.77838823895843
193.78405290923874
193.77800691971032
193.82565843294137
193.81472768532024
193.80952128166874
193.81294410221975
193.80246851579375
193.80724100482618
193.8048272370414
193.82946118328704
193.88732428390972
193.90553692708113
193.94907373638335
193.95012600824447
194.00433840193273
194.04959963976972
194.04723764252057
194.03878320973982
194.06498001506552
194.072517064281
194.07179710691386
194.1072447210859
194.10415341147458
194.19143548327864
194.19732003652553
194.18942762142095
194.18438339644462
194.17966278432465
194.19197236312328
194.23403988979715
194.2369807238092
194.26394966822534
194.30413297693983
194.29313271450988
194.28800633374271
194.29479981388113
194.35947751372453
194.35804535191625
194.39582748846738
194.43695327062454
194.43423715568238
194.427954495444
194.42558054215456
194.42060659682048
194.41700467801658
194.45145219691832
194.46002075836535
194.4949960713385
194.5367945617912
194.55819877249647
194.58841983346647
194.5892747064761
194.62457950215142
194.6269576800914
194.62729367319542
194.64893806287617
194.71930385036694
194.74624553118213
194.75127073116653
194.79154493324685
194.78990728310205
194.82477477939872
194.81930848064255
194.8960875610359
194.96085700698066
194.98723081693618
194.99216728405176
194.99278129177054
194.98939037972252
195.01873576447127
195.02083456054808
195.00344799452193
195.00200092286065
195.03099153684587
195.03260903261435
195.032150832864
195.02865978459997
195.02754003640328
195.032895802539
195.028887122933
195.05695112975192
195.08684288587617
195.11316506831196
195.11928378827693
195.11323701803738
195.11511170381505
195.14929488368278
195.14732191131975
195.16424802538972
195.17327481805432
195.16569379654297
195.1565372941633
195.1472083355551
195.19834252239536
195.1992747927509
195.19965819937647
195.2149645613109
195.22244062029387
195.29753804894582
195.32548736408026
195.3451764457386
195.33855416115
195.32661416296878
195.32934183286426
195.33956108118022
195.33078878071714
195.33101868265877
195.3290556262504
195.3245682424181
195.32133510441082
195.4143370859805
195.42023337062267
195.41902212242817
195.44183481998704
195.53509234993862
195.56830065627526
195.5717910630272
195.5703826272425
195.6761827676436
195.6690134548045
195.7022483299975
195.7014582882645
195.70541685854818
195.76445471138032
195.74100970020666
195.74250709976866
195.7368815371451
195.7466044167281
195.75852291738002
195.7593175939651
195.76525169385428
195.7986908370549
195.79605435180625
195.78760257244318
195.84478743188242
195.8406387536537
195.84841290099652
195.8454120355811
195.84990931474383
195.8624158422314
195.92802815717945
196.01293173702703
196.01549800042255
196.03409828809455
196.03400268113248
196.03556658699435
196.039718250073
196.10380943824018
196.10464645766402
196.13611078482904
196.13111469487836
196.117628856382
196.14692136640124
196.1754233866148
196.33877577168045
196.32515528089493
196.39382797434524
196.39532365982313
196.39623145196663
196.38799131001713
196.3692556034308
196.38088566614297
196.42869220096904
196.42413049355935
196.42052306990772
196.41754601981947
196.42922653001054
196.44169080345043
196.44186570912217
196.45733331079182
196.46740881081993
196.471160481879
196.47063882117288
196.46020892266932
196.46506066941222
196.47379348799817
196.47315542146302
196.55343523889348
196.5559416715423
196.63903714109517
196.6278222634757
196.63870540884596
196.67801995835646
196.70485818574826
196.70547519328082
196.71088200381095
196.71831604764864
196.79259669224413
196.79419460937277
196.89370488533177
196.8942526752962
196.89528459417915
196.93963978015353
196.94132684840116
196.9327282777089
196.92599497759548
196.98638216991895
197.09261725297876
197.10742490540113
197.1062578962307
197.17241793957146
197.16728534402222
197.16514936120018
197.18884872170625
197.19361199479843
197.19130069196552
197.19026956553893
197.1841734475913
197.18519983004708
197.24668412129304
197.29690747058132
197.30461948847068
197.30191130706444
197.30187109926663
197.30127107157648
197.30549766111753
197.29983474130896
197.30319286094385
197.28669348336967
197.30175865687337
197.30393983885776
197.3046607059483
197.35581434783137
197.3542046614247
197.33977224464783
197.34932053218353
197.36345905904102
197.38094630484096
197.3782313761844
197.41454545987688
197.4495082771639
197.4739623125521
197.47952174964394
197.5136841407729
197.51260679232695
197.5108833690158
197.5040503843402
197.52680245978843
197.56051979212737
197.6229795997092
197.61165412093558
197.61170342570978
197.63037608447326
197.62307307723847
197.64643448421532
197.6506266683033
197.7236983475336
197.72789521780905
197.7238885269332
197.71332612893153
197.72008071694563
197.70996589243407
197.71997555306297
197.71537007628706
197.71650776175986
197.71255400244357
197.72698633565346
197.85897278554734
197.8626021441392
197.86669799437044
197.89249141467272
197.8848556688361
197.8739798367318
197.88070303380817
197.87730924910466
197.87971745369012
197.88180095219465
197.8785552708232
197.88131527900046
197.87012066768335
197.97829908652986
198.04869818263106
198.05174296889228
198.18128887286824
198.1843220901141
198.1863978315189
198.19342523264027
198.2247087797299
198.22303660451195
198.2252745109378
198.22767387102024
198.2510701085166
198.24458187442374
198.27241175122003
198.2737500398915
198.2776876137964
198.2685573268483
198.2667036796071
198.32281484439568
198.32768941326688
198.313982827813
198.33568461287902
198.3367628482228
198.34249347578745
198.35702783585674
198.35698353025572
198.3653738323076
