with mode=3, handoff cost coefficient = 1.0
185.93381053094473
186.72857098921278
187.44549895348678
188.02161249071705
188.01871892597754
188.02160866354814
188.74378724028543
188.75468245948508
188.79785974328996
188.79853957953725
188.79353132403514
188.89102157409354
188.98203344272457
189.21016985445286
189.69730538310228
190.35154521354752
190.79188896764958
190.74423673682128
191.14985548207983
191.18272285996667
191.18315479684696
191.20438133248518
191.20814316786362
191.67581708197494
191.72921064298654
191.737447665064
191.73581286376907
191.73764512736267
191.7387708090841
191.73955272312622
192.1963886621494
192.6418020613026
192.70007625709167
192.71935159919366
192.77913913811255
192.78104165755633
192.78118231149227
192.81879782875706
192.81970828836876
193.2824986388569
193.28317335173296
193.3051420473068
193.30453218798505
193.31631281031605
193.3161962334048
193.3157973293561
193.65935304008786
193.65972614815593
193.65948133504344
193.6889551289866
193.69181224534822
193.70855601673986
193.71017933046005
194.1421021951329
194.14116599000585
194.43019896443286
194.4543644578398
194.45934712167457
194.459286484968
194.45837679628494
194.45718055396895
194.45718055396895
194.45718055396895
194.45718055396895
194.45718055396895
194.45718055396895
194.45718055396895
194.45718055396895
194.45718055396895
194.45718055396895
194.45718055396895
194.45718055396895
194.46349913835155
194.46349913835155
194.46208523193246
194.46340230027351
194.46340230027351
194.46340230027351
194.46340230027351
194.46340230027351
194.46340230027351
194.70323464034215
194.70807417730828
194.6804470839171
194.67638974416417
194.68043350153096
194.68043350153096
194.6851030938687
194.68377459726668
194.68377459726668
194.68377459726668
194.68674991940424
194.68824697032898
194.69166636100925
194.69166636100925
194.69091964886013
194.69167757017902
194.69664921725843
194.69664921725843
194.71354213187595
194.7128636343445
194.71166230748713
194.716664940604
194.72027593024802
194.71756998398965
194.71756998398965
194.71956345627515
194.74866130743632
194.74813882365393
194.7627902565725
194.76247329861692
194.7599575759308
194.76271063269402
194.76271063269402
194.76271063269402
194.76235073153512
194.76235073153512
194.76755139544568
194.76770987578894
194.770843747758
194.76986544492388
194.77023010117045
194.77023010117045
194.77023010117045
194.77766118365582
194.7768900867726
194.77786361310746
194.77701568781396
194.77701568781396
194.77701568781396
194.77701568781396
194.77701568781396
194.77701568781396
194.77701568781396
194.77701568781396
194.77701568781396
194.77701568781396
194.77701568781396
194.77701568781396
194.77701568781396
194.77701568781396
194.77701568781396
194.77701568781396
194.77701568781396
194.77701568781396
194.77701568781396
194.77701568781396
194.77701568781396
194.77701568781396
194.77701568781396
194.77701568781396
194.77701568781396
194.77701568781396
194.77701568781396
194.77701568781396
194.77701568781396
194.77701568781396
194.77701568781396
194.77701568781396
194.77701568781396
194.77701568781396
194.77701568781396
194.77701568781396
194.77701568781396
194.77701568781396
194.77701568781396
194.77701568781396
194.77701568781396
194.77701568781396
194.77701568781396
194.77701568781396
194.77701568781396
194.77701568781396
194.77701568781396
194.77701568781396
194.77701568781396
194.77701568781396
194.77701568781396
194.77701568781396
194.77701568781396
194.77701568781396
194.77701568781396
194.77701568781396
194.77701568781396
194.77701568781396
194.77701568781396
194.77701568781396
194.77701568781396
194.77701568781396
194.77701568781396
194.77701568781396
194.77701568781396
194.77701568781396
194.77701568781396
194.77701568781396
194.77701568781396
194.77701568781396
194.77701568781396
194.77701568781396
194.77701568781396
194.77701568781396
194.77701568781396
194.77701568781396
194.77701568781396
194.77701568781396
194.77701568781396
194.77701568781396
194.77701568781396
194.77701568781396
194.77701568781396
194.77701568781396
194.77701568781396
194.7790775705173
194.78837096811355
194.78772085588162
194.78916605143814
194.7901752650438
194.79035751487638
194.79067055036367
194.7941441123718
194.79452152638748
194.7949469094449
194.79513515587473
194.7964547647868
194.7970109630676
194.79705549541967
194.79790482131145
194.79790482131145
194.79790482131145
194.79790482131145
194.79790482131145
194.79790482131145
194.79790482131145
194.79790482131145
194.79790482131145
194.79843058826427
194.79843058826427
194.79843058826427
194.79843058826427
194.79843058826427
194.79843058826427
194.79843058826427
194.79843058826427
194.80102535009715
194.800187837179
194.80169852002683
194.80158694145183
194.80158694145183
194.80158694145183
194.80158694145183
194.80158694145183
194.80158694145183
194.80158694145183
195.01054300475533
195.01053221563956
195.01154904363085
195.01282827032668
195.01282827032668
195.01261288155638
195.01261288155638
195.01261288155638
195.01261288155638
195.01261288155638
195.01261288155638
195.01261288155638
195.01261288155638
195.01261288155638
195.01261288155638
195.01261288155638
195.01261288155638
195.01261288155638
195.01261288155638
195.01261288155638
195.01261288155638
195.01261288155638
195.01261288155638
195.01261288155638
195.01261288155638
195.01261288155638
195.01261288155638
195.01261288155638
195.01261288155638
195.01261288155638
195.01261288155638
195.01261288155638
195.01261288155638
195.01261288155638
195.01261288155638
195.01261288155638
195.01261288155638
195.01261288155638
195.01261288155638
195.01261288155638
195.01261288155638
195.01261288155638
195.01261288155638
195.01261288155638
195.01261288155638
195.01261288155638
195.01261288155638
195.01261288155638
195.01261288155638
195.01261288155638
195.01261288155638
195.01261288155638
195.01261288155638
195.01261288155638
195.01261288155638
195.01261288155638
195.01261288155638
195.01261288155638
195.01261288155638
195.01261288155638
195.01261288155638
195.01261288155638
195.01261288155638
195.01261288155638
195.01261288155638
195.01261288155638
195.01261288155638
195.01261288155638
195.01261288155638
195.01261288155638
195.01261288155638
195.01261288155638
195.1164870791829
195.11598892974467
195.1166329577049
195.11715292489566
195.11715292489566
195.11715292489566
195.11715292489566
195.11715292489566
195.11715292489566
195.11715292489566
195.11715292489566
195.11715292489566
195.11715292489566
195.11715292489566
195.11715292489566
195.11715292489566
195.11715292489566
195.11715292489566
195.11715292489566
195.11715292489566
195.11715292489566
195.11715292489566
195.11715292489566
195.11715292489566
195.2114893044911
195.212086764503
195.2124072574499
195.21264194910626
195.21264194910626
195.21264194910626
195.21264194910626
195.21264194910626
195.21264194910626
195.21264194910626
195.21264194910626
195.21264194910626
195.21264194910626
195.21264194910626
195.21264194910626
195.21264194910626
195.21264194910626
195.21264194910626
195.21264194910626
195.21264194910626
195.21264194910626
195.21264194910626
195.21264194910626
195.21264194910626
195.21264194910626
195.21264194910626
195.21264194910626
195.21264194910626
195.21264194910626
195.21264194910626
195.21264194910626
195.21264194910626
195.21264194910626
195.21264194910626
195.21264194910626
195.21264194910626
195.21264194910626
195.21264194910626
195.21264194910626
195.21264194910626
195.21264194910626
195.21264194910626
195.21264194910626
195.21264194910626
195.21264194910626
195.21264194910626
195.21264194910626
195.21264194910626
195.21264194910626
195.21264194910626
195.21264194910626
195.21264194910626
195.21264194910626
195.21264194910626
195.21264194910626
195.21264194910626
195.21264194910626
195.21264194910626
195.21264194910626
195.21264194910626
195.21264194910626
195.21264194910626
195.21264194910626
195.21264194910626
195.21264194910626
195.21264194910626
195.21264194910626
195.21264194910626
195.21264194910626
195.21264194910626
195.21264194910626
195.21264194910626
195.21264194910626
195.21264194910626
195.21264194910626
195.21264194910626
195.21264194910626
195.21264194910626
195.21264194910626
195.21264194910626
195.21264194910626
195.21264194910626
195.21264194910626
195.21264194910626
195.21264194910626
195.21264194910626
195.21264194910626
195.21264194910626
195.21264194910626
195.21264194910626
195.21264194910626
195.21264194910626
195.21264194910626
195.21264194910626
195.21264194910626
195.21264194910626
195.21264194910626
195.21264194910626
195.21264194910626
195.21264194910626
195.21264194910626
195.21264194910626
195.21264194910626
195.21264194910626
195.21264194910626
195.21264194910626
195.21264194910626
195.21264194910626
195.21264194910626
195.21264194910626
195.21264194910626
195.21264194910626
195.21264194910626
195.21264194910626
195.21264194910626
195.21264194910626
195.21264194910626
195.21264194910626
195.21264194910626
195.21264194910626
195.21264194910626
195.21264194910626
195.21264194910626
195.21264194910626
195.21264194910626
195.21264194910626
195.21264194910626
195.21264194910626
195.21264194910626
195.21264194910626
195.21264194910626
195.21264194910626
195.21264194910626
195.21264194910626
195.2889794149498
195.2903019525855
195.28957031198996
195.28989168074423
195.28989168074423
195.28989168074423
195.28989168074423
195.28989168074423
195.28989168074423
195.29332947887616
195.2932630628969
195.29312217668536
195.29267899730718
195.29267899730718
195.29267899730718
195.29267899730718
195.29267899730718
195.29267899730718
195.29267899730718
195.29267899730718
195.29332947887616
