with mode=0, handoff cost coefficient = 1.0
297.65924167774756
298.31474021814665
298.298334050127
299.2017411354632
299.31170787405034
299.6879714533357
299.652497591239
299.8792777985186
299.9894566759485
299.98346640188385
300.0047011985502
299.94470034691295
301.09700139769075
301.3050417143678
301.6893688964325
301.80440907459354
301.9662515199436
301.7078315378987
301.7078315378987
302.31244113878716
302.1826761815857
302.38031645674954
302.3803299779392
302.6297866130465
303.30857323753867
302.71566468739627
302.70288986386817
302.70288986386817
302.8072455648633
303.80335049985626
303.83462832273284
304.0424724366668
304.23803452256607
304.2006798496981
304.21295451213064
304.67126947182356
304.3966405290376
305.0056937611787
305.2717293155181
306.05141810243765
306.05141810243765
307.6329513734319
307.62297939815596
308.30636152216357
308.315940585468
308.6854487180159
309.25610656523094
309.6084959270949
309.3820138767708
309.3820138767708
310.08215729877907
309.4087882225394
309.4087882225394
309.5081907630556
309.5409023365657
309.524351053481
310.84294630841134
311.25632501718906
311.24501153162106
311.20687480181175
311.2695427227383
311.39171635688
311.7349899466701
312.32364005799207
312.32364005799207
312.36482164713846
312.54032697576304
312.54032697576304
312.3114104299828
312.3114104299828
312.32799071776464
312.32799071776464
312.2385474536884
312.1979711906488
312.8338909405046
313.00643289321937
313.0860278879799
313.09817318450456
313.12183155080305
313.92224703235115
314.117030499086
314.23914632948254
313.9099255637332
313.62169051448836
313.95439508975716
313.8817849031668
313.8817849031668
314.9982069237019
314.87143845530545
314.88363104183395
314.8850990773466
314.86342535853913
314.817179756111
314.8164351976917
314.9152348387305
314.9152348387305
316.43375691228727
316.43375691228727
316.0677305467359
316.04743813028267
316.3185348016849
316.26209092464643
316.28581349459216
316.6395647382447
316.64930328444143
316.9014513555082
316.9014513555082
316.9014513555082
316.8736484535277
316.8902990526475
316.8902990526475
316.86584626703933
316.86584626703933
316.86584626703933
316.86584626703933
316.9014513555082
317.23625802369526
317.9314911943362
318.0482998251967
318.1227393577022
318.31390175954135
318.6069556689697
318.77530026280215
318.95142329073616
319.1479200972486
319.1559788255569
319.7906404025246
319.7906404025246
319.9554719814815
320.14085725248543
320.2459752268702
320.3200684396633
320.30848315451874
320.31399468583714
320.3344741153718
320.57502984606947
320.64234918227913
320.6885631762656
320.70172552090366
320.7742233066551
321.0494958325627
321.0856198927071
321.3564734864585
321.67353337697904
321.68356229102676
321.7325343647207
321.7599535275722
321.7599535275722
321.76247930486187
321.8515523869146
321.82985229966016
321.82985229966016
321.8435804421205
321.8737376988581
321.8737376988581
321.80131355652696
321.80131355652696
322.04490234221123
322.04490234221123
322.5935518309983
322.6062297188241
322.5876828988214
322.62886865842273
322.6155327365359
322.6513087662853
322.6513087662853
322.6258384518236
322.64812407437427
322.60448309354945
322.7709965766293
322.7681688704685
322.97914877876605
322.88288162134546
322.8783610027003
322.9104933849214
322.91517268416095
322.91820104023697
322.9609658763576
322.94382342619963
323.06096670682916
323.18275888096105
323.18275888096105
323.1991193720761
323.4137445393304
323.53015024078445
323.53015024078445
323.5275498461658
323.6742078876274
323.8324648603169
323.89164256630113
323.91229136811717
323.9180555160744
324.2165125041391
324.447051068697
324.45206399295625
324.45206399295625
324.4998048727733
324.4998048727733
324.49730610772207
324.52748359319486
324.56213589451863
324.56213589451863
324.5252362008713
324.6025698409211
324.6135263824178
324.6161528045029
324.6161528045029
324.6161528045029
324.6529643723144
324.7224090159458
324.7267824927351
324.7267824927351
324.7267824927351
324.6556418933291
324.8683720049193
324.91205250750016
324.90607999655134
325.0213442383472
325.0863704409859
325.0906002408571
325.12770132845776
325.1048220826837
325.11072673260276
325.15298870779264
325.31729533940256
325.3188523322213
325.35541554824425
325.3077637771219
325.3140648849773
325.4031520722526
325.4200484911253
325.4200484911253
325.4237028383664
325.5049356930082
325.5156605018481
325.5156605018481
325.55459265403016
325.61659712273
325.61659712273
325.6466447578607
325.6466447578607
325.64467186476577
325.64734790568906
325.8033288913296
326.1345252260656
326.1345252260656
326.33356906788214
326.3340410212191
326.54682474508803
326.54835114412873
326.54835114412873
326.54835114412873
326.53125481878214
326.53125481878214
326.53145817617605
326.5574233085061
326.5826759619351
326.5944189111777
326.5415220543032
326.5551956932732
326.5551956932732
326.5551956932732
326.9477598345506
327.1441817483334
327.3599740696378
327.35864656787726
327.39015443499045
327.3935498314021
327.3962711314485
327.4306424242125
327.5601007215744
327.56827643650956
327.8252207764893
327.8252207764893
327.8252207764893
327.84230208400703
327.8333909691916
327.86322576378296
328.35674016049467
328.34844001025806
328.3653823395534
328.3915108761595
328.5347546807454
328.51491692731116
328.51491692731116
328.5345165066627
328.62365368117406
328.77481825292483
328.90916005615924
328.93467420620595
328.9418204441884
329.09384942598723
329.09384942598723
329.0452364486662
329.0391582002574
329.04796851404984
329.1029042291569
329.32392739946516
329.40455593750164
329.40832147443757
329.40832147443757
329.4137356491532
329.2748590291775
329.2617314535699
329.676746173544
329.5788085810948
329.48660469628027
329.48660469628027
329.5463258107927
329.49068699984923
329.4181174844109
329.4462854752921
329.4473100174731
329.4473100174731
329.676746173544
329.676746173544
329.6908073584566
329.6908073584566
329.7175039447435
329.72274457956837
329.73943543344893
329.7883590495362
329.7905529486663
329.77342921832286
329.76886668599417
329.7651048610166
329.7651048610166
329.83101944955763
329.83101944955763
329.81678174536427
329.8298608098915
329.8326804754102
329.84561076413286
329.8466931116424
329.862366566208
329.86527654108517
329.8666144080953
329.86587238055034
329.9857901354294
330.19725558522543
330.2305644946772
330.235360627015
330.2466498440505
330.24820326269446
330.27590923352676
330.2774298085709
330.2774298085709
330.33407678122865
330.32580770972794
330.66072445954967
330.69913577057713
330.71127241278987
330.72952324093677
330.74096385411957
330.7433546720836
330.7433546720836
330.7920885656463
330.79977879021885
330.8146211954714
330.8882413156919
330.95777945568324
330.95777945568324
330.95777945568324
330.9637138464518
330.9616778829465
330.9872898951343
330.98835802230224
331.03983581995726
331.0365881481399
331.0502668498848
331.1102004636049
331.1102004636049
331.11350830639515
331.12488731584756
331.1233306773155
331.1326142063616
331.1408721612097
331.1408721612097
331.2245767012323
331.2500642731029
331.2517607634719
331.25318797496345
331.275716957457
331.2719159556325
331.2719159556325
331.2719511686204
331.28807795660225
331.3131461581711
331.31403387108116
331.31403387108116
331.3740532200727
331.4278084321145
331.4433518991591
331.4546326444073
331.4608024104301
331.4619066434661
331.4631054501434
331.4631054501434
331.5280133854882
331.5262640176866
331.52812179948955
331.53157087884125
331.52193761520437
331.52193761520437
331.53077548302673
331.5438212589576
331.5523448098482
331.54696418300824
331.54696418300824
331.5464123025482
331.55148326947057
331.555001303523
331.5590804077108
331.54158667095464
331.5444042030781
331.5457374947092
331.54721957116305
331.54721957116305
331.557386235522
331.557386235522
331.55770338296634
331.54356125099014
331.5590804077108
331.5590804077108
331.5641928180936
331.6000636855648
331.6645378241959
331.6726563396438
331.6828423573691
331.6835468719792
331.682884315037
331.67836182716917
331.7125307438456
331.71373023343375
331.7264817190057
331.73167826030385
331.7456092252227
331.7456092252227
331.77509560930207
331.8113016551549
331.8113016551549
331.8113016551549
331.8508281667223
331.8540864105135
331.85434080961966
331.854496826422
331.8665314145912
331.8665314145912
331.8947503897631
331.99580093184153
332.0917469760071
332.0927176056496
332.0952048884709
332.0972450823109
332.0972450823109
332.0972450823109
332.1182330795215
332.1192127310986
332.1338827521046
332.1338827521046
332.13453601685165
332.136246395721
332.136246395721
332.175246656204
332.1750697087175
332.1782913017602
332.1875443931692
332.1878178666358
332.1977770363463
332.1940402176456
332.23295962241684
332.23295962241684
332.2289030595555
332.2289030595555
332.23627374285707
332.3375277093761
332.33841301815573
332.3425486012308
332.3434158434499
332.35388809491803
332.35388809491803
332.35415871948027
332.35415871948027
332.3543807638705
332.3546942333114
332.36295213742676
332.3686075049568
332.37272979602125
332.36874677029317
332.370153272688
332.37003107842366
332.37327399679594
332.37185575923166
332.38754921738035
332.3903389721398
332.4219052579412
332.55493151618526
332.55495853545034
332.55495853545034
332.5562464554605
332.61523384345935
