with mode=1, handoff cost coefficient = 1.0
297.65924167774756
298.21986465701497
298.47238674435994
298.67726624430804
299.0622503816055
299.1030168145116
299.42245099093316
299.9281878457488
300.10018380597137
300.3407009379758
300.5764610793657
300.80978300182846
300.9585476283909
301.12357101559866
301.3017845114957
301.33132998493693
301.45749594154034
301.57896243565506
301.6580470561139
301.86483272661985
302.0811329158848
302.2190195671998
302.4140568041299
302.74224101543035
302.770336314236
302.71571194390896
303.0755366538991
303.53833605974165
303.75524225129766
303.9691515013883
304.0229255404871
304.46047002946455
304.5317786254417
304.91124363371574
305.0353063359806
305.213765025978
305.3211076737073
305.375761415355
305.6010780064868
305.60476273456214
305.75044760860146
306.01153428074247
306.25087255075977
306.40825684476204
306.45093604362
306.8241092483262
306.89100464068804
306.9541091964928
307.163073824815
307.23875057702963
307.41137985968226
307.4715782164046
307.5806001009223
307.85885840969456
308.20314956107165
308.4160110844514
308.61068016827613
308.6906721861358
308.7324852230549
308.7090037852809
308.8476629668235
309.0984539854306
309.3561776754536
309.4496640890958
309.4765500903823
309.54932954497735
309.6189686036133
309.64536519626245
310.0847837311646
310.1402823943329
310.1464212039887
310.25065982449445
310.2874026501704
310.33913505907543
310.4581000757155
310.50468425030215
310.5001171908809
310.6364402152042
310.8528701043101
311.1218970177141
311.17996708578505
311.20987523138234
311.25326920746903
311.2482717130308
311.3570663778367
311.3848674560669
311.5607209604416
311.5908113147402
311.82747308987706
312.1534358801768
312.149973670724
312.3727346823446
312.3596677143475
312.3416036275339
312.5447497544392
312.7240731543407
313.1272495748921
313.20967598892076
313.4247062850533
313.473811098764
313.55276490292795
313.5242959174258
313.6575093145333
313.70676152538687
313.6679825624797
313.8189851234671
313.83307952911747
314.02586916006595
314.12896506261296
314.2005719946884
314.28396878727324
314.4343683070389
314.40609327127623
314.416732572383
314.3832326166109
314.4437013288945
314.5818940455074
314.77865953254314
315.04519798621885
315.0422132283355
315.07892692557095
315.0868438068133
315.25797809464115
315.2589195581745
315.3389014645828
315.57214879643243
315.6738059109792
315.8095539217965
315.82633495038266
316.1196426668044
316.11797464112453
316.13682397710573
316.4340725583839
316.51314974562973
316.6509748237502
316.6349632190387
316.751500492125
316.8388967302162
316.8893977489929
316.88263648640753
316.9907362674087
317.4557652605288
317.4397719375677
317.4722496078747
317.79265936599353
318.0385749350868
318.1961159828729
318.18557968696075
318.29611797850805
318.3159310764812
318.32097833512927
318.26665227644764
318.2718878130877
318.36178783110034
318.34372438189564
318.3946155542148
318.3942568830325
318.4427652808297
318.4828448003743
318.55704340190704
318.63481507690483
318.63051490982843
318.6988613399641
318.93556959927326
319.2454474308583
319.2672743275666
319.47594933503876
319.4932311437717
319.54626215541487
319.7479415569438
319.77973541712964
320.01092666821717
320.2224458770581
320.23078013596995
320.3471761120808
320.42808368714947
320.54632743504624
320.6331888646152
320.60819717796795
320.601482885704
320.6951437702755
320.7443712633349
320.77007207844036
320.7734934328866
320.7519199374028
320.7577829228017
320.820441339221
320.91811517050684
320.8921936414002
320.9447301534308
320.97218924342457
320.9776604371208
321.0980926114349
321.12626379027404
321.1389748799416
321.10476040830986
321.0737845449438
321.26322100455474
321.3540513957315
321.4070868645854
321.48978828886635
321.50515791208704
321.5638891627506
321.64607688044043
321.6700405461009
321.69820896116056
321.74329801437426
321.75446745779124
321.7593147468059
321.76530562992076
321.818437760276
321.91364017714426
321.9605628190264
321.94226103017644
322.07579419469255
322.17625539734155
322.2738428406706
322.23787867212593
322.2947521072696
322.27862677162034
322.30506032459004
322.3244821446434
322.69712397765926
322.69478843704775
322.71087051363713
322.7369655253717
322.8053686093385
322.80956892805773
323.0206469168279
323.0170694542924
323.3166629130961
323.31442223666636
323.46678617256777
323.66269826627354
323.68672730531443
323.7455940091437
323.75048643080856
323.8536816020264
323.943282344838
323.90472310099057
323.97757586473494
324.0143245676796
324.0646426892519
324.03513714187625
324.0445083261056
324.1363083529602
324.2116024746148
324.22716839243407
324.3065918078131
324.28214244383855
324.3357455842869
324.50129025612335
324.4632719847048
324.4613698196798
324.53540584699067
324.57958079961315
324.5840157394931
324.63423220796614
324.6746487922996
324.88806902187935
324.89365605060567
324.83194035727973
324.7856932775809
324.7683218203845
324.79787039434024
324.80207504461146
324.87552158878043
324.9236320179162
324.97955787473705
325.0283515677018
325.069435490129
325.10026017365
325.0443037959933
325.21541437528674
325.1765582039601
325.1706894507896
325.27625641630675
325.2890015731427
325.36025507532827
325.5157678037384
325.5271839111551
325.5983773942988
325.6695409292162
325.6623750623354
325.65446486275044
325.73854285171495
325.7140668302632
325.7054674797839
325.6510613341817
325.6746113682626
325.7628369891528
325.76027668752636
325.79229742596175
325.85715013087474
325.9389226210773
325.9954051280412
326.14042614528006
326.1696973169291
326.4369529146678
326.441750944954
326.5556909967002
326.56940293850374
326.57685243264274
326.6114623506602
326.6917739401646
326.697331678197
326.7413851134635
326.8254138460737
326.875324190763
327.05075014567524
327.1364970745369
327.174796925851
327.26471848702096
327.34092929422525
327.34672204684125
327.46178604936495
327.578198784437
327.5618505055455
327.61590602000194
327.6203098059239
327.6447820101237
327.8723499088456
327.85415837524164
327.8837647225865
327.9374496581787
327.92987562167417
327.99217274840845
327.9958633564119
327.99949105722055
328.13117791960565
328.18898698347823
328.2107704302246
328.22585519887605
328.3718876895127
328.42630316115617
328.44775395205806
328.45714485403795
328.4831665157525
328.4942693173807
328.6162586598683
328.62858594000573
328.6396718774601
328.7597493601325
328.7508017392367
328.7582356034019
328.75497794279653
328.8574546230121
328.84521957062356
328.89180488569747
328.9584892563623
328.96963432847247
328.9234243556085
328.9005791999602
329.0911625468657
329.07591265116025
329.080883255395
329.16176253067414
329.1604824446813
329.2274380871989
329.2348477945541
329.2201500859699
329.2820559140258
329.325210265285
329.3711076825049
329.3622128605885
329.5421468256787
329.6511919816838
329.64284097320143
329.7883929019326
329.84802418639373
329.8415268549399
329.96196008828133
329.99715207954233
330.07302361086175
330.11365757783597
330.2395745422419
330.42855953175945
330.6619593170216
330.655552352824
330.66389246384284
330.7357906324054
330.70808602959016
330.7544589701335
330.8414488439258
330.8584842286403
330.8965032960182
330.88639124098324
331.00177723034784
331.08363837729263
331.1605569281889
331.1708308300483
331.19716742444814
331.1981523073426
331.16671208856127
331.26709305491823
331.3755247591305
331.37095947491264
331.33597033999797
331.4021098074197
331.6088807197264
331.6220877798607
331.6661197747931
331.8633585660387
331.85819070233816
331.8499333980349
332.00112545985036
332.0059596541581
332.0224194349343
332.0307926093812
332.3947585316352
332.3672581065455
332.45451958658833
332.4710423162463
332.50105937610687
332.5426113240971
332.5703947889546
332.5842418877964
332.68387126504285
332.675668149219
332.7154017962463
332.76340257019314
332.77427159578775
332.86049749032856
332.92065264387696
332.899373377456
332.930931548387
333.05053982894634
333.1205819821056
333.1443000027544
333.201459860717
333.2262267079242
333.3091563170112
333.37832256971234
333.40984761298165
333.65234878388037
333.7375658518697
333.8456880052172
333.9238505258141
333.9779941870925
334.02326568530464
334.14192104679677
334.176962518372
334.18668886168206
334.2155318462639
334.35340288719993
334.2971894355378
334.26984471397424
334.2648058557892
334.31839147688765
334.3933631602068
334.45007983282
334.6874523863062
334.66801204068486
334.69119907756834
334.69203388243693
334.7166779303622
334.70924016782936
334.78953236747435
334.7878459773858
334.75157445526406
334.7385064456565
334.79594877484953
334.7875031552576
334.8226506999807
334.88037612220256
334.86783070685385
334.9544661103648
334.9523541118251
334.96244977221227
334.9658458224332
335.00503409025237
335.1009888201441
335.2816999092644
335.35859171231056
335.35202550582784
335.44601690486064
335.50247702697504
335.58442940682124
335.6861026967464
335.73967631829004
335.7681093449761
335.7905565240889
336.00907948157504
336.01422385568594
336.07861344470564
336.0913610206592
336.08624631062037
336.1237936072881
336.1206129997006
336.1797520816085
336.31367473796206
336.3378002126008
336.3559580209521
336.42299848500534
336.55723717790937
336.55774887121083
336.65105784283094
336.6672753374781
336.7383754031144
336.7354847305034
336.7671853829578
