with mode=0, handoff cost coefficient = 1.0
303.0895161914023
305.34745466716174
305.4554211016208
305.4394839737765
305.4394839737765
305.5522752346998
305.44966750216395
305.29148494491034
305.3078969681855
305.31198140479694
305.63391890407047
306.00782592904534
306.0571156440874
306.3334655743083
306.39862148186364
306.3997775810647
307.4784967929685
308.4244970805768
308.32854038813554
308.3205491185867
308.2112235322841
308.1202319841337
308.32381965138467
308.2844596562284
307.92844498304316
308.07450695142154
308.042823409979
308.4244970805768
308.60275240378024
308.60275240378024
308.7619851838446
308.7538525818408
308.90361620024186
308.86574426586515
308.91218854438347
308.93467259212684
309.2225944943183
309.25674769094775
309.32944757159225
309.40738838472333
309.4317143364309
309.61255682046135
309.61255682046135
309.70283561706924
309.71522847965633
309.688048163046
309.7039828442073
309.6840007672487
310.0065592976504
310.33546882594646
310.4157461864549
310.39378914664474
310.36179649110943
310.41302115837595
310.41302115837595
310.3700722809274
310.3765989124332
310.47249972147245
310.48793881338315
310.49546708265564
310.5905524455226
310.6808739810822
310.70239717571894
310.7357726447446
310.86187149423097
310.82568429185517
310.87979766624767
310.96047501103885
310.9251612161603
310.8936291822234
310.94204497924784
310.8906601605936
311.35961313657754
311.2097028870858
311.2051690185356
311.19638160107894
311.1665364563347
311.17310527663494
311.2214410346449
311.27319866022606
311.94060277705535
312.46944235904664
312.85978076750956
312.8835182060215
312.88372236352586
313.27367968416377
313.28357143771495
313.3446952952853
313.3739152847567
313.4306033721923
313.47992364401006
313.45359584658894
313.99097588643923
313.98643412247225
313.99950607457146
314.1301598383074
314.28910369471373
314.28630069720106
314.38607895221645
314.481372850866
315.20814953117184
315.1507605847746
315.1507605847746
315.2769137966917
315.3122278073594
315.3122278073594
315.34052817281065
315.3427529193585
315.42152695476824
315.3420062146545
315.45129094008854
315.4591840306605
315.86542040638
315.95513127786154
315.95372802212
316.30461998272557
316.7751000736143
316.7972023756964
316.7959501917464
316.82603953334365
316.824842178941
316.8636524849352
316.8636524849352
316.9651680411492
316.9706238437281
316.99636120550997
316.99003919444215
316.8927490723507
316.8927490723507
316.8618479177849
316.8756920109764
316.97419058494853
316.9548535851131
317.0007628441243
317.0113062897508
317.0224210713767
317.5854613499632
317.57597772861885
317.6839512450126
317.68866836318404
318.2533016786357
318.2692436012809
318.2966580470063
318.29834458819977
318.3033399091551
318.24110165978874
318.22869313663585
318.2920266251953
318.3912598414921
318.4609737917536
318.4792331398149
318.470953444181
318.470953444181
318.47339643968076
318.46747643923516
318.4920231529083
318.5046735142458
318.5171844020653
318.519906560036
318.5463757720976
318.5276097584353
318.5276097584353
318.5780894320065
318.63906967793645
318.63906967793645
318.5532303867844
318.55343454041383
318.5478032031704
318.5478032031704
318.52706368450515
318.9758023362014
319.8315529883822
319.83895177075397
319.87518491794026
319.86974957623454
320.704659834126
320.7450762434099
321.1119425885919
321.11743141888826
321.11743141888826
321.1038844521519
321.4652206096408
321.4925715403101
322.02363193424037
322.0363387807082
322.0608685533996
322.0751225773274
322.4496115736511
322.36411494221835
322.36411494221835
322.8088469325788
322.81213216593596
323.13444667501665
323.13977274821565
323.22545080327666
323.25736051666416
323.25465688642186
323.26029058155154
323.36220470554406
323.4327259474084
323.537144083396
323.9845355898883
323.9872190343797
323.98576365551276
324.05501546398216
324.06182285136754
324.4287095858722
324.3755273541055
324.39461464656256
324.44862061670517
324.74731745923395
324.75848457794444
324.8239610934098
324.8740564494159
324.8740564494159
325.05215175149146
325.1076284075488
325.1076284075488
325.4424883648062
325.43745047676276
325.4615446298664
325.41433498990585
326.0824930257428
326.2365960711259
326.23730106512687
326.2064464242623
326.2072740355233
326.2573019003826
326.19673558533015
326.2038383327336
326.18765632005636
326.16215713571756
326.564478573927
326.5556727694136
326.55683457145557
326.55683457145557
326.7136960823605
326.6229893668524
326.96551776520676
327.03711638372897
327.1773830623465
327.2621664470928
327.239093992954
327.26561475797985
327.28777292453066
327.234610337582
327.234610337582
327.61238848349984
327.66450711636156
328.1858226489535
328.2234394842245
328.214337196067
328.2554044306534
328.34210328707195
328.34367153709536
328.3355332158776
328.2748898447377
328.24401172941333
328.24406224269893
328.23535905301924
328.5603179891831
328.6166482407449
328.97409068607135
329.03942156652664
329.071581984237
329.0530884478962
329.19819927937067
329.17807891856637
329.08036031560783
329.45085162640686
329.5485702293654
329.56150752102815
329.56150752102815
329.55237890044157
329.54168891664676
329.87726359017387
330.27491675492325
330.2804439444834
330.37563658416803
330.3643486594017
330.3643486594017
330.5952217750187
330.61241469110416
330.9018682998426
330.7942604448749
330.7942604448749
330.8215975448917
330.866345510843
330.866345510843
331.2764102846886
331.2397580024054
331.2025352985993
331.23280685998657
331.21165770239173
331.3874412303982
331.3918389718823
331.3918389718823
331.3885345109132
331.3811935571117
331.5005131282968
331.5005131282968
331.5704241864756
331.87956451731327
331.87426085744494
332.30638426379534
332.30019411497113
332.5222188637676
332.51675152999036
332.6299126465767
332.6299126465767
332.6299126465767
332.6309389260309
332.6309389260309
332.60852794837336
332.60852794837336
332.657761639355
333.3793971230483
333.5611963666878
333.5638412453693
333.5638412453693
333.5531992318663
333.53010420363876
333.56335077184906
333.9728143274881
333.96398160500524
334.1033428464268
334.1261768074579
334.1442959828417
334.28187403288325
334.28898099348635
334.1961068346143
334.2664890388063
334.2664890388063
334.2499091545362
334.2377622976727
334.2377622976727
334.2377622976727
334.2644796651366
334.26618366620824
334.55052859989155
334.55052859989155
334.56270887675674
334.6064218524023
334.59090810216844
334.59090810216844
334.59090810216844
334.5895639474487
334.5895639474487
334.60177944044807
334.78435758420034
334.80909634583213
334.8021332301635
334.78301965537935
335.03787274408427
335.03787274408427
335.2278837137787
335.37155031188985
335.60013852244816
335.57752845907515
335.6213592512221
335.64055398135343
335.6105964409052
335.6105964409052
335.6251001909687
335.81862418666316
335.81862418666316
335.8247916658145
335.9860006515135
336.27517551388667
336.27517551388667
336.2948960009581
336.2589962892218
336.16841190486434
336.1126470547026
336.3669452470392
336.5653624533511
336.58573196987453
336.5850663369301
336.60019332520807
336.60510522904065
336.5792960424499
336.5792960424499
336.5868909064346
336.6151062215075
336.96199119465905
337.29177450311806
337.2886547817022
337.5041595324563
337.5199616874575
337.521805750779
337.54176877202434
337.54176877202434
337.54176877202434
337.54176877202434
337.6085277861324
337.620658682165
337.79418441396126
337.7973549081137
337.7973549081137
337.9771621288457
338.2775429105731
338.2775429105731
338.2775429105731
338.2874597618479
338.2598617183215
338.260507554537
338.260507554537
338.2582639288922
338.4186257931484
338.4343451197419
338.4834750292064
338.4677602827932
338.5636368257496
338.5896351700263
338.9366677387684
338.9366677387684
338.9366677387684
338.9366677387684
338.9366677387684
338.9366677387684
338.957973795593
338.97027320146066
338.9732650463826
338.9522777165192
338.9522777165192
338.9522777165192
338.9522777165192
339.00554709332647
339.1523882473626
339.1523882473626
339.1545937690805
339.1550280743229
339.1651029390588
339.14485279706236
339.1242849173315
339.129402171091
339.17810966930307
339.4734626475216
339.6927023309046
339.71484694948344
339.71484694948344
339.71484694948344
339.62500583466044
339.62900927112617
339.7866095683431
339.7866095683431
339.769632748088
339.7653870436576
339.7653870436576
339.82129951712426
339.82129951712426
339.8423876985349
339.8423876985349
339.8423876985349
339.8380606037725
339.85110652800904
339.8700590682613
339.8973996744726
339.8893646229312
339.9194439249879
339.94098076372603
339.9667994236202
339.9667994236202
339.9667994236202
339.9687015538724
340.12141702698614
340.102632329328
340.102632329328
340.1482808066579
340.1727159368482
340.20752941556873
340.26182766537903
340.2894390037116
340.28740526487167
340.3943225908343
340.4082065180806
340.4082065180806
340.3872624364317
340.37770320193425
340.41269621698615
341.11875579713046
341.27846691323776
341.27846691323776
341.27846691323776
341.30619952256376
341.26479940469966
341.2540977880123
341.2540977880123
341.2540977880123
341.2645411628112
341.23716285536807
341.2062001286765
341.2062001286765
341.46483433835704
341.46483433835704
341.62965101845407
341.62965101845407
341.6361149245424
341.63390940282454
341.88509822720823
341.88509822720823
