with mode=1, handoff cost coefficient = 1.0
303.0895161914023
303.3628754923472
303.5197644522101
303.5869293044911
303.91988271607505
304.01811714312606
304.4142710216195
304.6116271966166
304.9212839676988
305.2244704655107
305.4372689421077
305.90123870020705
306.1700359176683
306.54460893708796
306.6953052439371
306.89498573653145
307.1012177624595
307.21475696862467
307.50756448142374
307.7242051965964
307.80858777081414
308.18468380296594
308.30682241192
308.549649336841
308.64180040285765
308.7171465841161
309.22757098673543
309.3526860962475
309.5830110198297
310.0046003216193
310.01966670301357
310.1927356810207
310.2478621345357
310.58606317035657
310.6583056946934
311.00964757108164
311.3236154814408
311.47442761504703
311.6738910216292
311.78736913918056
311.8920794200034
311.86322541596854
311.8948589202285
311.9474509944869
312.01226791288497
312.14830413868833
312.32378468963185
312.50487958017646
312.5771287491371
312.7095577280373
312.86383791129657
313.03109109239466
313.3863148307802
313.6003769786468
313.64333413941284
313.844969697307
313.98278550475
314.034575376618
314.11148489593035
314.2736012891651
314.3497300270674
314.59718564932757
314.7893406597977
314.85625641273
315.0173589873929
315.32799895193017
315.3566318954696
315.366680374213
315.51567711121527
315.84961002536033
316.10919457115114
316.1787210686302
316.28230748093534
316.4365827776994
316.56255279713605
316.59227897524926
316.9490998543076
317.0363571580534
317.1297532727597
317.37800281355453
317.48260544224865
317.77249981819256
318.26592866945776
318.3480824663842
318.642692114358
318.64595077769854
318.72347592159474
318.86474114556984
318.87573795970536
319.006466136922
319.0077987106619
319.0160246699375
319.17576433552046
319.1950376329305
319.30993203184687
319.4687978663321
319.45673671578993
319.5390130366285
319.5414250072572
319.51581719702153
319.76049768351936
319.8990252142631
319.9208915150935
319.9278400697688
320.0096638036171
320.06146005849894
320.097818268729
320.2317080311734
320.27381908237413
320.628654169583
320.5916184164202
320.65999132638007
320.6989252227309
320.9918694298967
320.98650647188754
321.01521407828653
321.10303696831323
321.3071308856723
321.43951287524914
321.4270984891056
321.4202485852071
321.4993602405624
321.56737226631606
321.6404135359018
321.7384493514238
321.8359885086789
322.2556547986469
322.25612901976825
322.3161711873874
322.499064416501
322.45934286243596
322.506378195847
322.6082183161521
322.7136212498021
322.94414153722255
322.9805455891975
322.9997526091252
323.01090338565945
323.1279966722689
323.2304122512804
323.38843639672945
323.5867336995453
323.58704869263573
323.5757959493399
323.64188925217195
323.9024431638976
323.86599366498075
324.01881391197145
324.05846165833333
324.34568951097333
324.43314296371494
324.4127979712238
324.41801975416416
324.54958510637545
324.6145732334125
324.96153349091946
324.99608120504206
324.9780324603986
325.08898414181436
325.2589998397024
325.56864375407247
325.646605955173
325.843980215768
325.8594349193444
326.2306612285304
326.2288193887427
326.17347221344784
326.2083700555771
326.2299323416855
326.15724249169836
326.14502341870127
326.2866770650118
326.2636605186422
326.2545233113645
326.24240326620344
326.39364968516236
326.4020631021688
326.4833877622399
326.7185494846033
326.9356824150361
327.016328890385
327.2264605381259
327.2782761647373
327.28961584292415
327.50879275101875
327.58396505368466
327.8089479807411
328.10193005857093
328.1370221439402
328.2918976388894
328.30108450573175
328.301959080177
328.3051205763186
328.4157232494379
328.43836526914674
328.71811248975814
328.7519833032991
328.75800954012715
328.9263521322713
329.00152285292336
329.13113742542885
329.2024527862131
329.3594914812655
329.36652047594777
329.5494344458745
329.5817601761113
329.6792074749817
329.6899478777314
329.6365985680543
329.76005913889594
329.86308441970374
329.88093847405463
329.9083839517318
329.90988239062415
330.17189549135793
330.1611612976032
330.18064369085397
330.25011735431667
330.2939163129791
330.31088721894633
330.51583781152885
330.516869556333
330.6509435590336
330.6898718196089
330.7479147848461
330.7499084815955
330.8009313833988
330.8068323333208
330.89492399189487
330.8855514314091
331.1966105444666
331.34850267504333
331.50994671751084
331.77539244528697
331.74171952076045
331.7339506438884
331.8280809650562
331.84314958713094
331.92604320264826
332.1897390727616
332.1622041381264
332.2588286086348
332.3773429448728
332.37203023239994
332.3065184541016
332.3807636588311
332.48934220495215
332.554193422929
332.6478435157839
332.6362011083266
332.6557866091479
332.7328999120154
332.7887104663475
332.81805699096714
332.85130058675173
333.05048118151285
333.1689703530202
333.39164144652074
333.3919203297484
333.4735163388333
333.58544150096054
333.6524474061339
333.6384532399834
333.74966705461765
333.7918584176649
333.9084159762275
333.8890038703328
333.8722570892159
333.9048405720918
333.90722175053514
334.09093729602955
334.1368232549468
334.14310354513077
334.23093471018007
334.2289803356659
334.208929250518
334.37085841687775
334.5145393737546
334.6082369800579
334.6071955775469
334.7289277387788
334.87444910302696
335.0171590251827
335.1309608420138
335.1825661278714
335.26803600897546
335.3396484355493
335.3336755649555
335.32296600138665
335.46560216306085
335.50260927856255
335.6177946117095
335.64069367659016
335.6455233464379
335.6713760784003
335.8201239145382
335.991609865909
335.976168441673
335.9788398948057
335.9866532783443
336.02978323410764
336.03860604163737
336.10032536629376
336.1432220332216
336.1370679559219
336.1269526345744
336.33274662640497
336.3938378824295
336.38625488114667
336.40908561979427
336.4244279431756
336.4299380598044
336.6387245545843
336.7425321786605
336.8338145899637
336.93826038568795
337.03821994415574
337.04009837960393
337.1324928368238
337.2079515939429
337.4083880407289
337.5143952673675
337.6043423667066
337.95754954112095
337.97058900263033
337.97856854799653
338.0806732913934
338.2481399112675
338.47774611405856
338.49643318742216
338.4883421969258
338.69018237516235
338.7235954832625
338.7463750130257
338.7747326416951
338.8277896688436
338.87082381619905
338.88971744623603
338.8972790530566
339.0449399073116
339.06601299879577
339.06927779463746
339.25728247713045
339.40577517338744
339.4897510434201
339.506239177159
339.5696549543868
339.58646049150695
339.6909038270879
339.69228971041053
339.72531920959256
339.90488822341257
339.9250584861665
339.9843605538066
340.0755694813363
340.1569159536535
340.224117255508
340.22173031912206
340.250947720071
340.33700634630395
340.52960763444713
340.59918706392904
340.6281595783998
340.750067959571
340.7421058606417
340.7479766430813
340.7553380508075
340.81359095255243
340.8042060608393
340.8175266271139
340.8447804671704
340.8251553762178
340.8118277070209
340.83450999844064
340.95321326032524
341.0889191425214
341.09479388009953
341.0955826965229
341.10944912704724
341.14518315218976
341.2429846845586
341.24988617006045
341.2567541654591
341.2747556449779
341.36664028410416
341.40983576700506
341.55347202917966
341.5815813915928
341.82820242407234
341.8051711135394
341.81298284817746
341.91926175028476
341.9185519041013
341.91746020184814
342.00881391245275
342.0445701587938
342.1686145546395
342.14911826122506
342.2388405040242
342.26123719609484
342.3570708847509
342.35792822424435
342.46038847203516
342.47013707274454
342.6335419408391
342.62322355995656
342.64924668829906
342.88229302999594
342.9372875241029
342.9683493683606
342.97058466162883
343.0106639015565
343.07544124927824
343.0614236123762
343.1382830897619
343.29599128930397
343.4641744604846
343.5773853636555
343.58252883410404
343.5837390944045
343.6010875887151
343.6757677985533
343.6982349476826
343.6920289593656
343.71676064962827
343.6995616325392
343.7614871331872
343.8784962530443
344.140855346364
344.1576480331332
344.1539792809575
344.15818259386526
344.18939610343233
344.33313246376497
344.42422523160155
344.5908537391267
344.6536359110595
344.6186422266495
344.72533072303133
344.84316522783195
344.9439967410199
344.95577313904556
344.9541448129593
344.97565211010925
345.0868522875031
345.1688466852303
345.2336557813327
345.3085222517997
345.3188234897438
345.4173313351109
345.5599998499979
345.66243609239194
345.63142179024715
345.68109971511166
345.8142810957712
345.9441066449498
345.94498473311796
345.9374948818974
345.99482729978627
346.04967711091854
346.0282995554053
346.02752417097395
346.08431155136043
346.1665129262344
346.18584371215627
346.3127446021882
346.4762756301585
346.5572753059902
346.5528463702918
346.6126987013925
346.7210633552373
346.84506830252684
346.92712530630774
346.97021371018195
347.0037780136063
347.0093067892277
347.056130230544
347.0616699725424
347.08923486337886
347.1067069867045
347.08735426565744
347.15964377734116
347.1917959228529
347.2406098901656
347.2874873242501
347.3421873610966
347.36675490397283
347.3716896324664
347.4158873345354
347.4012326573764
347.4164921897038
347.46303530932903
347.585270627892
347.64124892146015
347.64706679385256
347.72411329893134
347.7965945263877
347.98574400914157
348.0709497476655
348.1133574390862
348.1211865414788
