with mode=3, handoff cost coefficient = 1.0
303.0895161914023
303.53228810302977
303.8011377934823
304.23194394690705
304.85831651557197
305.45495122862167
305.5321344003108
307.07542443517195
307.1819036066396
307.22507413179085
307.2030268602288
307.164281032548
308.29117957535635
308.7381696499354
308.7379292281463
308.7380140801204
308.7463212579088
308.780761418575
308.98991930547464
309.0027810110254
309.1501080047943
309.17466417720277
309.17939091442
309.46720510010033
309.48036940610154
309.5615739910185
309.57737638383867
309.57608784680167
309.6716053154838
309.7015557739569
309.7273595546235
309.9477881873843
309.8695082061976
309.92057574316925
309.90968105058766
310.36337650473433
312.0110070735916
312.0773665147893
312.02516681229326
312.03971873681036
312.0773542082016
312.0773542082016
312.09996303110637
312.1370059825234
312.14019423133175
312.1283468002571
312.14028217201013
312.24132198534676
312.2558273193894
312.24273824529183
312.60542355474615
312.61853823596505
312.694689757822
312.69306918251607
312.67021877927573
312.6877147821866
313.1574039053838
313.1404126010166
313.13942173011236
313.0848016550182
313.1263093871793
314.0584794960731
314.06975417126125
314.1280498620847
315.1371908926593
315.52413240407043
315.9469620537012
316.24547087179724
316.66223996990504
318.07931153542233
319.1799264812736
319.1961469195013
319.9472320183652
320.8171654504621
321.09840964921335
321.63207297051395
321.7091823634936
321.8121817422234
321.79411708046473
321.84396533811173
321.8981670991077
321.9416647899259
322.17654624961745
322.21347900655894
322.3209106375401
322.2991587608992
322.32047942137956
322.3559256798517
322.37860174868933
322.3905780955298
322.3875781732279
322.39141081705236
324.15434449295367
326.1322020942307
328.0071071643655
329.6152836355647
329.77515297272333
330.4617586301451
330.4250868614335
330.731190019027
331.76635490342056
332.50519539688634
332.53926165224044
332.5201652988856
332.4859638289677
333.2776190151142
333.31899312981847
333.22865782519256
333.4532920563549
333.94326953623136
334.1518821266697
334.21268201143465
334.5789775067183
335.5230519306502
335.54265008945225
335.50757224286224
335.61868407842286
335.6356264831148
335.9852650782411
336.0623049097567
336.1212467550664
336.20765792368235
336.700232784832
337.8843408864609
338.46723248603683
338.67552049292703
338.85816986198626
338.86439427916343
338.86587420799697
338.88184244699994
338.98456721555414
338.9319353073524
339.00808111124724
339.02207022655824
339.0494201618886
339.98707251598114
340.0786326866153
340.3332716991222
340.34934972357405
340.2852555381321
340.2328349399615
340.2328349399615
340.5709907102978
340.6096161669296
340.6492923171459
340.6482285190301
341.67453525843626
341.71249090418377
341.70751857755016
341.7646416330493
341.7592071104103
341.83639433360497
341.8459850671418
341.83752028651776
342.1371298140653
342.1506383705253
342.1825117081374
342.26100225821426
342.2526567892815
342.2597595502079
342.25591838495774
342.3001739698021
342.41570645845064
342.4347237963601
342.41337365460436
342.41652352848166
342.41652352848166
342.41652352848166
342.41652352848166
343.2189806494655
343.23125178853644
343.2304537367724
343.23190341484235
343.23190341484235
343.52324386450874
343.47288997883624
343.6914283666733
343.7224484803304
343.6883618288806
343.70445993637827
343.70445993637827
343.70445993637827
343.6971692540068
344.02652279293335
344.06612608419744
344.26253853496047
344.30492925787877
344.3315823026544
344.64122236320213
344.6583514268907
344.6278434208772
344.75384903519114
345.0103311317263
345.0338209822999
345.02857836063987
345.1027902500297
345.074700175127
345.2051299129339
345.2795250678494
345.2733105076523
345.3273010541025
345.36744600507194
345.36561864376927
345.37801961969785
345.39085136457345
345.4068409700926
345.4675899602167
345.4560084119833
345.4398288338081
345.4555341883087
345.4612252005846
345.4702644382896
345.53735919958496
345.55309907885345
345.5682789003941
345.60531539658797
345.6402984529555
345.6484950974346
345.6735845041846
345.7206734652519
345.71616645549756
345.7547487525664
345.7694371285069
345.75862128278817
345.9019436140932
345.92929002771297
345.9507560705959
345.9785883816902
345.95639208646946
345.95675482281627
345.95865147648556
345.98600335287335
345.9807872299631
345.99324779776157
345.98889166629544
346.01060780951457
346.0002390660843
346.12967210004604
346.2635135151994
346.26737529034176
346.2899019255774
346.251942731268
346.3314917564865
346.34723065382155
346.31355358651103
346.35561522244745
346.34475014698756
346.34475014698756
346.32423840708384
346.32423840708384
346.4016531530121
346.4293879158919
346.4168621714597
346.5786178336521
346.61963414466794
346.62090640849243
346.64192938983905
346.6291772061984
346.6336731485028
346.7035008231583
346.7240623494208
346.70767421737327
346.7116418820905
346.71640494306877
346.7343315024068
346.72682255667115
346.72682255667115
346.7295936290187
346.772992467092
346.7745516391042
346.7616525604425
346.7433131172861
346.7544967634754
346.7544967634754
346.7680260657727
346.7680260657727
346.7680260657727
346.7994806247188
346.9843637848302
346.99070599595655
346.99029223358013
346.9689412015377
346.9689412015377
347.03086842539017
347.1173226334586
347.11433937684393
347.1298935190872
347.1252687663979
347.1252687663979
347.1461099870896
347.1694423411037
347.18287274844386
347.23831014976747
347.2477283914059
347.24312473766406
347.2609945756793
347.2603595944743
347.2665880750114
347.2687829971222
347.26830979728993
347.26723899660436
347.2998520509823
347.2839753285551
347.28309485981674
347.28518277198253
347.28518277198253
347.28518277198253
347.28518277198253
347.2988578840168
347.2988578840168
347.2995179469921
347.304943237805
347.31573647982407
347.3148278870941
347.3148278870941
347.54667162743675
347.5534064165053
347.5503231761302
347.5578718136951
347.5727448578415
347.5915361510998
347.6201844700612
347.6207617078747
347.62787737922974
347.63607157809633
347.6354911550751
347.62703676236526
347.62703676236526
347.62703676236526
347.62703676236526
347.62703676236526
347.6462855526555
347.6513416481981
347.64191207079824
347.6404542408928
347.6404542408928
347.6404542408928
347.6482245923194
347.6468468126467
347.6468468126467
347.65141169886334
347.6525804790913
347.6570867278909
347.6602794919092
347.6622590450402
347.6560905564331
347.6560905564331
347.6560905564331
347.7049490918771
347.70503601800664
347.82205888363563
347.8471002183638
347.8633455735933
347.84834775981403
347.850597377119
347.850597377119
347.850597377119
347.850597377119
347.8635905014337
347.8635905014337
347.8635905014337
347.8623057876908
347.87965393841193
347.87680879518996
347.87189871590726
347.87723192401086
347.8886595209487
347.9496455740803
347.9495055691007
347.9622215567545
347.96748308051843
347.9947906153106
347.9984522848841
348.0009151518644
347.9951192723425
347.9951192723425
347.9951192723425
347.9951192723425
347.9951192723425
348.008795719066
348.008795719066
348.01148342300013
348.0724199690092
348.0843428421036
348.0818728156375
348.1170205873306
348.1137743811842
348.10643872288045
348.09499647204814
348.110538571558
348.110538571558
348.2584998003505
348.25755640742483
348.4201855326932
348.4233373113635
348.43175249950616
348.43616311088215
348.43290223424077
348.4335927618628
348.4588351108114
348.45729665792123
348.45508002154827
348.4538208755345
348.4538208755345
348.4538208755345
348.4538208755345
348.4538208755345
348.46053974295734
348.4616391093177
348.50467282644235
348.5022159340995
348.49513032153635
348.5000585579799
348.54080346695423
348.5483572192261
348.54998498327336
348.5451140470575
348.55973983193473
348.5596481467444
348.5571227446702
348.5586880383713
348.5648122180113
348.56358586825013
348.5627783637743
348.5671791036433
348.5671791036433
348.5705476705872
348.7328484844627
348.74174749899737
348.7460604904212
348.74032998766165
348.74032998766165
348.74752527483156
348.74752527483156
348.8396575685106
348.8484348106018
348.84623524650306
348.85432213951174
348.86470219863156
348.8705364670292
348.8627951456649
348.86608717191143
348.86608717191143
348.86608717191143
349.0193999628409
349.0310364333879
349.04870944745807
349.05081724157156
349.16887012142587
349.16601177753006
349.1622293303048
349.1680227489465
349.1680227489465
349.17109804551836
349.22145203223585
349.2195955313935
349.2284715392288
349.3892649870115
349.38766636523445
349.39049101609686
349.3927921731275
349.3927921731275
349.3923770957685
349.3923770957685
349.3923770957685
349.3923770957685
349.3923770957685
349.4019024508539
349.4407651579634
349.4397960446208
349.4458268964581
349.44645209972526
349.44957322913507
349.44856024551717
349.44856024551717
349.44856024551717
349.44856024551717
349.44856024551717
349.4515748478155
349.45766221313517
349.4577530732184
349.4558060330149
349.4558060330149
349.4558060330149
349.4558060330149
349.50979644583543
349.5073343647311
349.5024169124052
349.5035159542905
349.507084381174
349.507084381174
349.51090793513987
349.5114734225445
349.53318671387814
349.53559206803055
349.586144523681
349.59131799375876
349.5901912384029
349.5875982513455
349.5875982513455
349.5875982513455
349.6010406582853
349.60233627659716
349.6148560455363
349.610965041228
349.61486058529863
349.69190801994137
349.69189109569334
349.6733804787958
349.66404253662813
349.70976827577874
349.7117952559328
349.75468718131145
349.7543883524449
349.7558978527891
349.7633922333314
349.76056065450683
349.76072364377535
349.7701045272485
349.76717371903806
349.7654030050457
349.774712965313
349.7778466048865
349.7726050287264
349.7726050287264
349.7726050287264
349.7842843092453
349.78626112031384
349.78805730112595
349.8117177373696
349.8147384790858
349.80800460590126
349.8122555664146
349.8156229476708
349.8196716292938
349.8178721738774
349.81799201606026
349.81799201606026
349.83552634466434
349.82909011564504
349.8262096857816
349.8326509204432
349.88169123530577
350.05032123609305
350.05025505319435
350.0542256397541
350.05733404259547
350.0603757410537
350.05913480484526
350.05795761192684
350.06403071296205
350.06403071296205
350.06403071296205
350.0618776571424
350.0618776571424
350.0618776571424
350.0618776571424
350.0618776571424
350.0672885969305
350.0693071347877
350.070905662583
350.0670808285645
350.07014539680375
350.07014539680375
350.1579398940614
350.1618272995729
350.1604731679811
350.1554201773306
350.1554201773306
350.16040842604355
350.16040842604355
350.16040842604355
350.16040842604355
350.16040842604355
350.16040842604355
350.16040842604355
350.16040842604355
350.16040842604355
350.1722852095277
350.1695423385403
350.1667681319907
350.1667681319907
350.1667681319907
350.1667681319907
350.1667681319907
350.1667681319907
350.1728675037865
350.19797944965535
350.19553324904496
350.20009143075526
350.20290049655205
350.20290049655205
350.20044483155766
350.2037104033391
350.2442681660558
350.235764326026
350.22921384699157
350.23494456758647
350.23494456758647
350.2388557387733
350.23764354140985
350.2511393156375
350.2525966899385
350.2396946377205
350.2396946377205
350.2396946377205
350.2396946377205
350.2396946377205
350.24299000819576
350.24299000819576
350.25183255556607
350.2524992359438
350.2524992359438
350.2524992359438
350.2524992359438
350.2524992359438
350.2524992359438
350.2524992359438
350.2524992359438
350.25781961631503
350.2582454189486
350.2582454189486
350.2585022569275
350.2585022569275
350.2585022569275
350.2585022569275
350.2585022569275
350.29746172753204
350.2909121549394
350.29184203880465
350.2902486515669
350.2902486515669
350.2902486515669
350.2902486515669
350.2902486515669
350.2902486515669
350.2902486515669
350.2902486515669
350.2902486515669
350.3203898752058
350.3243728192988
350.32502212431643
350.3279098646537
350.3282866654718
350.3282866654718
350.3309451691649
350.3309451691649
350.3309451691649
350.3309451691649
350.3309451691649
350.3309451691649
350.33412193461527
350.34003859620015
350.34207437351427
350.33807806720637
350.33823355714947
350.33823355714947
350.33823355714947
350.33823355714947
350.37772318277507
350.37465566921225
350.3827295826939
350.39238931212356
350.389617088916
350.3887208030218
350.3895102535407
350.3895102535407
350.3934992857851
350.3934992857851
350.3937902175893
350.3937902175893
350.4321264800609
350.42613679210797
350.43189465774674
350.43547665950246
350.43547665950246
350.4347459410153
350.45128861783417
350.45505248689335
350.45066704116687
350.4554943776639
350.4554943776639
350.4554943776639
350.4546654011971
350.4638587967726
350.46390260007337
350.4637025179593
350.47087975102795
350.47073993771704
350.4691896159475
350.4706572476783
350.47801837550685
350.47801837550685
350.47945248950435
350.4759404174242
350.4759404174242
350.4759404174242
350.4759404174242
350.4759404174242
350.5098385744026
350.5097765905015
350.50987247550074
350.51848959632235
350.51829334754336
350.5185222524009
350.5185222524009
350.5185222524009
350.5185222524009
350.5185222524009
350.5185222524009
350.5185222524009
350.52226074865916
350.52226074865916
350.52492948643055
350.5222612092099
350.5222612092099
350.5222612092099
350.5222612092099
350.5222612092099
350.52926186951055
350.53305554244247
350.5324602183612
350.5351489039286
350.53854176128556
350.5458817478338
350.5525527797356
350.55300425859906
350.55116981992853
350.55410839572863
350.55410839572863
350.55410839572863
350.55410839572863
350.55410839572863
350.55410839572863
350.5571267180689
350.55884645801024
350.55884645801024
350.55793523274303
350.55793523274303
350.56323439257386
350.5627766842592
350.5627766842592
350.5656362555992
350.5656362555992
350.5656362555992
350.5656362555992
350.5692619193414
350.56911172260254
350.56866173428966
350.57344188952703
350.57344188952703
350.5729298096114
350.57221343359623
350.57221343359623
350.57221343359623
350.57221343359623
350.57221343359623
350.57221343359623
350.57221343359623
350.57221343359623
350.57221343359623
350.57221343359623
350.57221343359623
350.57221343359623
350.57221343359623
350.57344188952703
