with mode=0, handoff cost coefficient = 1.0
284.05428328955577
284.37544080384583
284.7270359364815
284.8737191827614
284.8826143138335
285.13187455081777
285.1262574471641
285.3198176527413
285.3096112628885
285.94818579982507
286.1741584443806
286.58207954807165
286.7598988930294
286.82746044979984
286.78515348694714
287.20441280082673
287.2630349532569
287.64684501879884
287.61355395604585
287.4259956349844
287.4709257847676
287.09150977369467
287.1933082976791
287.3033218995057
287.3375341371697
287.1593986929826
287.0878274609967
287.64684501879884
287.68834796949983
287.9069317954791
288.15374279764006
289.1218892886805
289.21056904030723
289.7161703026642
289.85216192887884
290.2434810754971
290.27006899892535
290.4199378953867
290.4213311513669
290.42059400108604
290.3847721962938
290.32228841057065
290.4287300259008
290.82194588267174
290.80771058149537
291.05637844297684
291.28752814839385
291.3259658984394
291.4231636776436
291.41890439495756
291.41890439495756
291.33862831965104
291.34623658705254
291.4544142438179
291.4770277463068
291.572742281109
291.8236543973029
291.82729326389796
291.8286830812411
291.88814228948604
292.08348074844235
292.10696617297236
292.1636710885665
292.1636710885665
292.1636710885665
292.17946730217034
292.16444741387556
292.16029710615135
292.3590809754713
292.570755300929
292.57992568218134
292.7238507662022
293.0545905145692
293.05935610351014
293.3255765960722
293.4083919414258
293.85264464043377
293.85264464043377
293.73124535889843
293.79065535550205
293.77500365443126
293.8492098933116
293.86064125979027
294.1286767792948
294.1705896534644
294.1789233607834
294.18592788539763
294.13571816358393
294.13571816358393
294.4182846020222
294.3950599118851
294.4777010856543
294.5921700086399
294.5656562325168
294.56479520812957
294.5633505592802
294.70149081434096
294.73543889177864
294.77052979411786
294.7621825642658
294.7721900208217
294.7945161931235
294.6473665240641
294.64762791119506
294.67239810081156
294.8143522630773
294.81932500098515
294.81971159840646
294.9063957850704
294.87477344588626
295.6336204514815
295.6336204514815
295.6577720100082
295.5995494057186
295.5995494057186
295.551296380599
295.6592468952987
295.6592468952987
295.66792155328534
295.722521325936
295.666442295208
295.6958307865451
295.663890316558
295.6791416804295
295.77424489641265
295.74882144563446
296.1206676558849
296.12291919442595
296.1377883740828
296.35001663070364
296.3575717545421
296.35587209091904
296.39294030557977
296.41036385028826
296.39786704366094
297.0660527990708
297.1641796805614
297.2163738607691
297.30579562174546
297.321585024717
297.48073491228143
298.1587135554858
298.17484020326424
298.54184281587146
298.6264696676617
298.6506195586818
299.1687713586631
299.1863349879799
299.3933432114346
299.39254830429843
299.6712168878746
299.67912439904603
299.67521690779745
299.74947998075504
299.7598046955957
299.7377414233414
299.6986130031416
299.7203289795073
299.68474243633443
300.0555307204174
300.07852276867834
300.0852144782077
300.1477076268184
300.1732164625653
300.2031130631298
300.57848300220445
300.65717130085056
300.6590048650304
300.63822990115
300.66845135871773
300.8021612356689
301.08650876230934
301.0983189579965
301.0209145549682
301.15288979216314
301.03728470917696
301.057590903556
301.11564956940686
301.29584267337214
301.3626880494145
301.37259172592707
301.37664170838667
301.68724403392036
302.417186055126
302.50148678159417
302.541593901842
302.76617225482823
302.79940503400263
302.802682725406
302.8161428054129
302.94054499713434
303.275823553803
303.3876772595111
303.42826544946433
303.430136439938
303.42095333362386
303.5708742535588
303.5005322078278
303.5538322513914
303.4166719074318
303.369522009671
303.39924197642125
303.41252718904065
303.4431344185277
303.4431344185277
303.46049225772487
304.1168229154561
304.1147080931081
303.9850144328138
303.97290295600857
304.0916417328428
304.2141579776071
304.28079008609217
304.28079008609217
304.29060372987396
304.32101519454983
304.32101519454983
304.34128189473165
304.34858011174634
304.8289801337217
304.8806326200035
304.8806326200035
304.9355175296385
305.1256414649877
305.6192460154543
305.6192460154543
305.6810647566023
305.68435547290034
305.8429725747384
305.84349695574696
305.85303211095277
305.8877567030041
305.9045815010702
305.95193345073324
305.9714952104765
305.9726863721701
306.3294255206285
306.3294255206285
306.72596941583646
306.72596941583646
306.8390685340594
307.2577422502621
307.2539187417881
307.23958857710875
307.23958857710875
307.23958857710875
307.25355351599205
307.3326315746391
307.3495354795049
307.3495354795049
307.4317660989836
307.44139994103676
307.43926865096887
307.44031228272854
307.5063944939124
307.49605547261143
307.50971634102217
307.4853325654922
307.4803531193189
307.64579901268115
307.64579901268115
307.5409031219073
307.5409031219073
307.5409031219073
307.5420641394292
307.5420641394292
307.534363989157
307.65885897244397
307.66153569770967
307.567863294738
307.783165456816
307.783165456816
307.8148031520825
307.78474229222826
307.82609692585476
307.86234071665933
307.83078573971414
307.7635565152541
307.7635565152541
307.7694476253097
307.7710217003085
307.7710217003085
307.85483312184823
307.8202389550002
307.8444167591533
307.8665029443012
307.86986096211166
308.02681106459977
308.2963713277462
308.4422615360293
308.4422615360293
308.46231213292265
308.46652923721405
308.4775865043809
308.4775865043809
308.4378575848687
308.7466477510743
308.7668809188382
308.80711205697764
308.81170715665047
308.91283597767165
309.15591693402394
309.06376207487426
309.0968352288546
309.10123555521113
309.19824047903796
309.1932049819261
309.1507485059051
309.1612463165418
309.1211109742203
309.08803782023995
309.0992333551052
309.3626438485151
309.3626438485151
309.39453429195754
309.4181315016701
309.56387829078943
309.55845214826155
309.5524949715894
309.8394840151402
309.8394840151402
309.87135172998467
309.8580681052053
309.8491694868754
309.8491694868754
309.81076612307294
309.81076612307294
309.99932411134705
309.99932411134705
309.95127091965946
309.852351961478
309.9311929647486
309.9491927009378
309.9342171298311
309.9671248089261
309.9838392616662
309.99819740169914
310.2027165071152
310.2652658443554
310.4977061237616
310.4959043896708
310.4959043896708
310.4959043896708
310.5003326536763
310.507364760611
310.53232720610094
310.54173805326053
310.56614603289376
310.6008321812387
310.62253958019795
310.7323601308608
310.7323601308608
310.98768224027503
310.8861311885946
310.87385602253244
310.86764888301303
310.9153542447509
311.34500946913954
311.4277896925738
311.46603278054874
311.47129673051575
311.4572216311085
311.72827302796
311.79791166489474
312.3549022692314
312.2775347794681
312.28332652202175
312.28332652202175
312.4505160739282
312.4505160739282
312.19492745769907
312.3715988571096
312.39129906180136
312.40529847410437
312.40411600806317
312.4253605081269
312.5160369774418
312.53984154569747
312.53310577266967
312.54758694469075
312.55370799955347
312.5556652108919
312.53915888408795
312.53915888408795
312.6930588237185
312.8259981147575
312.7612253444601
312.7911487652603
312.82659195609136
312.82659195609136
312.8329834361903
312.8329834361903
312.87819273797965
312.87819273797965
312.8794120144866
312.84335011694304
312.8476467911196
312.8476467911196
312.8476467911196
313.07109058767116
313.08201105613085
313.08201105613085
313.11131510961945
313.0746784889946
313.0746784889946
313.08447202479164
313.24486885419816
313.24486885419816
313.41703893861575
313.4080441600107
313.43229807430316
314.01201892287924
314.02866590828353
314.0345626233129
314.03731129825417
314.04203180108095
314.0505327067046
314.05162539340625
314.05162539340625
314.05941767854074
314.05941767854074
314.1314585591932
314.19148057679763
314.1850970456553
314.18516473309535
314.1896037849408
314.1752199822822
314.1503643635608
314.0393887936117
314.07834589320186
314.25735867251785
314.187123211212
314.44136876852514
314.42832924782306
314.4506680688966
314.4784108184953
314.60427408669534
314.60427408669534
314.59983503484983
314.61432007961497
314.63302170492113
314.5725051432134
314.5800512116658
314.71438949382116
314.7737814611599
314.8245165593477
314.8459247199586
314.8467809523421
314.8652702335053
314.8652702335053
314.8422571952019
314.8424265060937
315.06938590566915
315.0825288404762
315.104322310812
315.104322310812
315.76436749793305
315.78013092221465
315.78013092221465
315.78013092221465
315.8734408949565
315.88946144530763
315.88946144530763
315.95876483844245
315.93889244308684
315.9491566153641
316.0230076560281
316.03750749743494
316.027189568877
316.0077127376874
316.15022118225204
316.15022118225204
316.1777954888005
316.17810987825715
316.18227596206424
316.2723798603645
316.2422267593999
316.29048592863955
316.29048592863955
316.2980357752647
316.42048909888877
316.4444681761397
316.66265761364804
316.66265761364804
316.8769667868816
316.88777482678717
316.889591387619
316.96696839748773
316.9702103818636
316.98757441272085
317.00201182181826
316.99094162428156
317.09950544632443
317.09950544632443
317.09950544632443
317.0932418834626
317.0933881009893
317.07666997945796
317.04984592601613
317.1798754448233
317.1798754448233
