with mode=1, handoff cost coefficient = 1.0
284.05428328955577
284.52610770665245
285.2080017526101
285.30216202956564
285.6416320951824
286.01211332880735
286.309138884729
286.4957454295428
287.0611874867086
287.3396900843261
287.71277299739387
287.7844437689622
287.84731635890887
287.9219710068318
288.0827972552099
288.3066633686403
288.35717969350327
288.9063198097005
289.28056547064745
289.4107742910887
289.4830772893198
289.7701313709758
290.20262066922487
290.335131592255
290.500965050757
290.73630804002244
290.9667135509262
291.08742034935443
291.1313612640897
291.3996837187118
291.56873437954084
291.80100547697657
291.7753361508642
291.87019041411133
291.84606772029474
291.85747108229106
291.9377138403451
292.0364840366766
292.2151018148257
292.57693867405794
292.7145549594523
292.84637037765685
293.1080087297808
293.422356902144
293.602794465033
293.7202975443099
293.90693938478887
294.33244276890605
294.5599912600723
294.58454346986446
294.6921854983217
294.75999502288516
295.233007912781
295.4341465643062
295.54720105118133
295.61714825725517
295.80270393881426
295.94751076959517
296.12036382133954
296.17277949496
296.55027286613927
296.7067029912943
296.6919877569753
297.0395464602539
297.15641913916477
297.26584494067504
297.27455882203805
297.4249388027119
297.4515706005778
297.4966999340822
297.63886940278877
297.7109342498479
297.87366079528476
297.9756824201225
297.9671692037681
298.1242225297499
298.27631938021534
298.4244827331206
298.5698886854028
298.6744488156638
298.67467249429717
298.7695177823342
298.8646613277051
298.9696413346475
299.08055958345767
299.1957161456986
299.3141608344492
299.37050322235604
299.4778588925021
299.7425736794682
299.9994337506018
300.36834914783446
300.4497447774941
300.4835941961723
300.55176356407395
300.62426549760823
300.71028464328293
300.8657978897469
300.9469539774451
300.9482054489125
300.9796275674544
301.1988462394463
301.26068183850936
301.41825085681387
301.53115145998413
301.73391746453603
301.82378823325024
302.00463505606496
302.14474663199223
302.1484353275089
302.4260334078965
302.5027671595849
302.55172383528327
302.8181983204465
302.90212498202783
303.138320267764
303.2827018270519
303.4306729773223
303.69169034255094
303.7076043493372
303.7737942966598
303.8170710420744
303.8692745543833
304.061990842043
304.1571848783902
304.1461147986107
304.152561331161
304.27279020461447
304.3480984499877
304.345284344998
304.3475362618943
304.53091367531783
304.58263455839347
304.6457117363581
304.7094927507717
304.71227278493825
304.72579165404994
304.8958417214802
304.94183395025277
305.0543822661195
305.0759519507052
305.239673288141
305.251436630266
305.3337193187857
305.40945971103633
305.4877508734915
305.56945564250793
305.58854258270605
305.61537830700024
305.5986881145053
305.9089427610035
306.0377875750858
306.14153549836453
306.39955673936925
306.45598396410367
306.49774704414074
306.545375191771
306.60712228344744
306.59601359027954
306.6241954979001
306.6756189114795
306.78805418128775
306.8190448250222
306.8929760009715
306.92054925868825
306.9549654959183
307.03165747645005
307.16243814422904
307.1719582480844
307.2975392805029
307.2489880600681
307.32438180528106
307.3209760881038
307.38185276200034
307.43141311797837
307.48102427804815
307.500865025728
307.628057038651
307.7351655790137
307.8399965382116
307.8798381114384
308.0112434985642
308.1314538376588
308.30595333662325
308.31246244805743
308.37832293865137
308.4708179271847
308.5955978126567
308.7439460499849
308.7434195154998
308.7984923973124
308.8953325734853
308.97074270081765
309.04877551036947
309.02406544346184
309.0225603878483
309.1403861986007
309.15471755242737
309.44406802936385
309.62842618063763
309.655662773083
309.68794794549393
309.8281705847226
309.8769617346406
309.91350176652054
309.9359471119165
309.9515785414627
309.95855463313484
310.0168174990251
310.1254736515535
310.1461420377603
310.25035721106855
310.3659968825117
310.6302865174518
310.6773081192909
310.7233402713188
310.7134300057564
310.83986442371724
310.943282078547
311.10465998730535
311.1473436433445
311.2438347819035
311.5624627326093
311.710129339494
311.84934515232356
312.0416671841634
312.1109925544139
312.1919100785931
312.24113890676716
312.3006267895045
312.4764999402065
312.7042481970675
312.7268681389526
312.83616007487205
312.8972860153599
312.9399764388819
313.0443488626341
313.0786977199486
313.23740810176247
313.2089666994746
313.2173235308417
313.23593659781045
313.25461578584344
313.2057065613467
313.35376568430627
313.4009764016445
313.4156318120901
313.42960230075744
313.451103080065
313.4762896142021
313.5449009301645
313.637845088862
313.68091464188586
313.6786996282763
313.7548377183891
313.7302886093767
313.7672377948404
313.8858296844547
313.88441123260924
313.92748984187784
313.9325684831451
314.1021094684947
314.18222109141664
314.1807312639484
314.54843691521285
314.55182329387895
314.577544847032
314.7342558709234
314.698997879532
314.849023833947
314.9940856411259
315.1484467605627
315.28129180975515
315.312050424655
315.2787131728665
315.42633152519335
315.44107216773733
315.6490393551123
315.65722304051474
315.65629058821276
315.8319676885104
315.8761805495249
315.918721991144
315.99167706892354
315.99902447328304
316.0534803930702
316.1602902955245
316.15951347218817
316.3124558954179
316.3086455834207
316.29795928102703
316.2990396474268
316.3307629586125
316.2737929701755
316.2984392163946
316.3879104116775
316.51474106227425
316.52423771090247
316.7492574472672
316.841398736347
316.8576064084222
317.1322170287015
317.17244684943404
317.16678999719227
317.1561487073232
317.1309946097978
317.2497411764027
317.3045289043963
317.29153356426957
317.29608425049
317.31664371035527
317.3967802566875
317.46034729236044
317.4918287334052
317.5718044894329
317.69274586113227
317.69941414222717
317.6938590038815
317.7714010649775
317.8036866045552
317.8964006694543
317.941827050325
317.96707069912884
318.0186070664242
318.1099982652631
318.17081242310707
318.1869261161199
318.1952584165055
318.2342840093899
318.31690985452775
318.3441078258834
318.3435475676933
318.41232502746925
318.4461704323778
318.5003260863711
318.50701674530393
318.49799073090844
318.50345908839506
318.5092204324361
318.50964418545374
318.5222981295682
318.5821386912218
318.6005103359958
318.66146318410534
318.71100939041406
318.71581893580895
318.933307023281
319.0471447103694
319.02528030245935
319.11015091256644
319.125126776614
319.38463818799346
319.5066788667871
319.535139467877
319.62607118999165
319.746843012682
319.7250324396316
319.7300159411715
319.6894817142993
319.7682145279037
319.76116966535034
319.8033710856954
319.8429065365088
319.8707170883432
320.1026096595976
320.27105213740435
320.270932505131
320.26315803751646
320.29078766107676
320.3335830933091
320.3343559110972
320.3842081800047
320.4398221835432
320.4714031776204
320.69116157912134
320.79188727117486
320.81225997498564
320.79883512119164
321.0140387047721
321.013685749794
321.02017028619883
321.0267754061668
321.0555480125469
321.110154196322
321.2801224337353
321.34004416948216
321.3509765760627
321.3387457732431
321.35599582237217
321.3843014747315
321.46231710814726
321.49686911676
321.48638033562014
321.50711835596485
321.5185146232012
321.6693986914459
321.7278814812341
321.7744106403736
321.83824086484236
321.9480803697858
321.96371917362814
321.9640673213364
322.0309431658151
322.09412764217456
322.1524011017931
322.2089456069823
322.22618023473376
322.24321570126864
322.28674619927114
322.3088146186565
322.4058783599853
322.50322411277045
322.52321601187873
322.5360092183406
322.5675545015826
322.607725425133
322.6362260504399
322.6954678376078
322.72408700494316
322.76925658778873
322.7746470320738
322.82281992827217
322.7988606224644
322.9569076613251
323.0432501312378
323.0475365238406
323.09898112556345
323.14970956852676
323.19529128549084
323.206840906049
323.2360403046325
323.2557011426031
323.31724217724513
323.34085789525807
323.3125484247123
323.37366731978625
323.4268061948903
323.44380527959515
323.4661387143802
323.47835047879755
323.5051734390503
323.5015307235742
323.50466091155226
323.5121064581249
323.521651733776
323.5283969067689
323.5408845973175
323.5298334866197
323.55136340673596
323.56081135269966
323.60842671415895
323.6349828991245
323.635197406938
323.65441463060466
323.64088820377594
323.6565691134472
323.6775534131149
323.7091310616598
323.73266428785655
323.7344654554457
323.7755642687295
323.7993904221057
323.8194634398372
323.88623665126903
323.92617380286526
323.93793944904724
323.957649415466
324.13008495420144
324.24562538442717
324.2678541873256
324.3653703747604
324.3865127969347
324.48921530471654
324.4818455292563
324.5276062634379
324.5034244470075
324.56110754703656
324.54049344930456
324.62207917527644
324.64011010436997
324.6863188782562
324.71301279496504
324.7629418971294
324.90484354128205
325.01629466330735
324.99978233457443
325.07836133305824
325.10194473356205
325.1288126014614
325.1313417330822
325.1797812830476
325.2032314806637
325.2450930867418
325.28930437138814
325.28277743438093
325.26766564962224
325.2717933022351
325.27119943443194
325.2811372840443
325.3018501788834
325.33254440075484
