with mode=1, handoff cost coefficient = 1.0
295.8421879001574
296.1489335371299
296.6993491162164
297.16113959689415
297.66766572146486
297.9990976829333
298.29170562032533
298.5202752566698
298.7734061364664
299.11347662136905
299.4943998462185
299.88628664749484
300.53051647255717
300.9112287276478
301.2809108975113
301.37080989199336
301.7559695278438
302.24270567725324
302.5506735287226
303.094038331735
303.5099432291157
303.7650566924663
304.08823980058764
304.6210024801271
304.87043172873297
304.95006399151873
305.34533345761
305.5716310895552
305.7358873580726
305.7896302053707
305.97718125929794
306.1445386658179
306.3975804871815
306.6024848756094
306.9848059200718
307.15977243591976
307.4286652630507
307.972116351108
308.04698022648586
308.1979781272667
308.2875601640704
308.4844137037017
308.7476293606984
308.9800371084242
309.23365183271983
309.4127134182098
309.4572947507732
309.52338999136725
309.5881802389734
309.65084405811274
310.0421994962463
310.1018591473501
310.19636843987644
310.41408005381595
310.5308527559641
310.89731802278544
311.0896784727096
311.3802654018605
311.59136144479316
311.84272593215275
311.94862860447074
311.9618580189567
311.99897340394483
312.4024387817697
312.61000776791985
312.70761104232815
312.86591595072696
312.8597136742427
312.8779806518704
313.2271176063159
313.52504429280935
313.6334612568995
313.79121971585147
313.872034867259
313.8997032269014
313.94179623023734
314.42693244073394
314.51556041997907
314.6898219376466
314.68839011646895
314.8615070401962
315.33293363861856
315.37249627572055
315.85541303501634
316.02566563881214
316.05511317408076
316.38584097884666
316.5873801957004
316.93511595996074
317.23837825888376
317.37587022402937
317.4374519572513
317.47720750769093
317.4897335441088
317.5390520735038
317.52699152990675
317.6088510841848
317.6430095877567
317.82885778343825
318.07587159790637
318.24512222006405
318.31663400177916
318.4113570565617
319.0299101315102
319.11340430453396
319.22329140767516
319.24838452902316
319.502629918348
319.73400148000206
319.73431241696636
319.7475045780621
319.75028485097846
319.7462078918573
319.8063829572639
319.80529705500555
319.86558114392375
319.8731868774296
319.8755282998319
319.89337305963556
319.94154957601756
319.946676031107
320.3359833647678
320.5676944938609
320.5963898580608
320.9175362342245
321.0309751921703
321.0488891653532
321.3971550703902
321.5310965701053
321.57168959569526
321.5857602703764
321.7811667885636
321.7877550970877
321.77648028894384
321.78900046943846
322.0422866540413
322.2828604119231
322.3539091989
322.4720034867816
322.53967842317127
322.77528448823045
322.78395546839926
322.89486514653566
322.9453596329219
322.9562345573895
323.0117937637523
323.03219073323305
323.1826240172435
323.35533175307245
323.45289105489167
323.50656227905955
323.65688143635396
323.756147973915
323.8001695458953
324.07312166658716
324.12591868714946
324.2012113513298
324.49428706749507
324.4979407222094
324.58311454747695
324.83460873825885
325.2659108450512
325.2729945953032
325.45663042296803
325.5079119861766
325.5516312819701
325.73421974001485
325.9110677760701
325.91645209734764
326.1928467287317
326.29718642803704
326.3081586903163
326.3389492733693
326.3630660265371
326.47036791225105
326.45366444753023
326.75174336982843
326.8522621513773
326.9565832625613
326.9894251215603
327.2428233766103
327.48122192267687
327.51273860243793
327.67795282877347
327.723411560441
327.82433027843246
327.8973453092244
328.0989092183338
328.31150084884365
328.3777810926162
328.69198178179465
328.6797937765486
328.7065928102298
328.69397947825195
328.8670651634514
328.90871793987753
328.93926469438185
329.1235804795902
329.12752687614676
329.18849087716245
329.403244212769
329.45878592334617
329.47339608714293
329.559876544991
329.54516061356446
329.73622900879485
329.88774991135506
329.95729913717366
329.95057487442455
330.17421809185197
330.17362275271694
330.35408557951166
330.3487938966337
330.38787732386925
330.4100467531445
330.40330185595656
330.4427588370108
330.6082790555988
330.60337115486413
330.63537520359324
330.6837184592528
330.69974957874325
330.70560067957337
330.6923856920491
330.8516818967086
330.8258096235668
330.82701561070144
330.810839249212
330.8384876605425
330.9919894351429
331.0564496877384
331.0566563139633
331.10795509258776
331.3140487563494
331.57028315202876
331.6242267267201
331.6405133518094
331.797326920169
331.84196444371184
332.1369029719217
332.33918933789556
332.31062580875243
332.406120419251
332.44353668876954
332.4373043612719
332.5051387654297
332.5338793311134
332.52375004981354
332.5196478708224
332.5462997353461
332.6721142342991
332.61932177276253
332.72938750602367
332.7450656276923
332.7197849020175
333.2423478468237
333.26957852800706
333.3110774440648
333.4322175841187
333.4395930177343
333.4924574350328
333.48493994945096
333.53136891467295
333.7089469846146
333.74580974789416
333.75101928429996
333.8024398960895
333.8902352796865
334.0971046090299
334.37678839959335
334.3952648205236
334.41342184242586
334.4462734392189
334.4422835841384
334.49486441680324
334.468855570996
334.5679362496917
334.75880593560873
334.79484807688266
335.05694650421964
335.1151570056881
335.25928930439767
335.33382353936673
335.5718969375583
335.55080307945633
335.58704519442495
335.62423511441006
335.696503303363
335.6939928952254
335.8356471306111
335.91597397023156
335.89747442170324
335.96039669072206
335.96158710406866
335.9913573835117
336.0049811132457
336.14554969037675
336.1831233815086
336.2432192957797
336.29098392463686
336.26335805356507
336.357156877174
336.35532304162734
336.43513040732586
336.4442153539134
336.45902019823876
336.55174952825695
336.5804971958997
336.7023537055965
336.7678262244178
336.79987935771106
336.8206745668995
336.913317646247
336.9723901448571
337.0073761809893
337.01630538474717
337.23913009957204
337.4629609386047
337.50436254303474
337.5576107460271
337.64031195998024
337.70385144578546
337.91116496104985
337.95743475287753
337.99515680287476
338.213505319553
338.2436334260428
338.28279722418876
338.28136417321895
338.23435576400885
338.2421342989866
338.29690812735157
338.3014688015187
338.3167535924424
338.6126593865455
338.62402827893254
338.6058890131249
338.6294350583131
338.6745813894425
338.6670676866926
338.63539534462893
338.6358024463301
338.7329436934833
338.836223857177
338.86728470564685
338.884710843633
338.889502238867
339.0295748028179
339.0409034990973
339.00920006466544
339.12988672248656
339.19639265478395
339.264587260436
339.31360544044753
339.36430183457935
339.338533224338
339.354667198747
339.4762540987943
339.465893431688
339.6917333560542
339.68401347698614
339.7477037688613
339.7889434569962
339.8440063193321
340.0160414645114
340.05234812028704
340.0907734206369
340.19646370933293
340.199870747733
340.21229707351443
340.24753351151514
340.24013498651084
340.25239178036037
340.26182457722297
340.418361372383
340.5956449033218
340.6383955827133
340.78781514630276
340.83364114381203
340.8829391673921
340.9221530918208
340.9260118780726
341.09275722905534
341.2400889725718
341.27128865893724
341.2671123410688
341.29266097373295
341.2683359490096
341.41580018133686
341.47782316891477
341.4641352379243
341.51192847090215
341.5394834954262
341.6796934949938
341.6760226005897
341.71637652364683
341.90144033035114
341.8929974147394
341.9121090608385
341.9495523710123
341.951392132709
342.0656514561985
342.08472556819305
342.0853097436357
342.0821740423769
342.07722329327214
342.202479911359
342.23379961917095
342.2953320747846
342.2969254890312
342.453264959924
342.6062555975011
342.69948259981686
342.70575811912107
342.69750607812733
342.74876702831835
342.75726091820223
342.80982254717946
342.91261925881656
342.9853211192637
342.9900614139038
343.069395301569
343.13804401517905
343.14742888854465
343.1255332786955
343.13512723031755
343.245123962237
343.30364740247614
343.335503707435
343.3696904180301
343.3596623306335
343.5501742628396
343.570240287012
343.68534545755347
343.74076782303604
343.8358998664464
343.8478476967561
343.85918611075596
344.0672896309952
344.1906947819369
344.2596655307787
344.3431885280072
344.50130910191683
344.6061764423714
344.58658135918233
344.60597934539226
344.60774842085675
344.6566696878382
344.7834782320031
344.9050202773834
344.9453212365915
344.9651587921751
344.9497006203719
345.1108905604474
345.10921972928253
345.0814514477816
345.11983831002254
345.1472742262162
345.14725658987277
345.1476734050409
345.1453554892649
345.2379153650363
345.2545369968944
345.2291577119858
345.2349286362642
345.3895488682439
345.3801942843918
345.36369322410746
345.5095282752195
345.5621269774557
345.55674902863757
345.5342202498854
345.5542851258625
345.77968375602836
345.82703176097414
345.8570848642989
345.84345296772545
345.8990098891589
345.8781935678823
345.92604395161663
345.9329054816467
345.92014529040455
345.98656453425417
345.9735957704098
345.99524694570596
346.00832916567424
346.00634508291927
346.11042552634746
346.2459228127902
346.4511233442148
346.4598335236494
346.45095485146095
346.51380845463416
346.6900163298141
346.68246488727056
346.72538217962284
346.86276718238565
346.8657812336191
346.93068017279586
347.02798715978395
347.03034749277845
