with mode=0, handoff cost coefficient = 1.0
295.8421879001574
297.24362429099637
297.33079450246584
297.27203166070825
297.37726653211706
297.7002136410328
298.1265690174301
299.1737616576331
299.34489799076005
299.81884476031564
299.8236643784643
301.9346379218791
302.0512776006313
302.3079970256312
302.4228773165521
302.6823910087783
302.7568395950679
302.98088035004986
302.7764173505877
302.7721999286298
302.76649133627524
303.06131981552227
304.8285797891386
304.99318462666025
304.99369531691224
305.02207918397494
305.0849270648116
306.4569752834256
306.4218075955942
307.8812014582907
308.00730146127603
308.00730146127603
308.04624769879587
308.13913649212657
308.2483194381052
308.42207742893834
308.42207742893834
308.8085708484373
308.8085708484373
308.8085708484373
308.96969845175903
308.956297306219
309.18407562704226
309.665963054728
309.665963054728
309.49401856262807
309.500218507807
309.44500118451094
310.6611477888577
310.6329942889789
310.6329942889789
310.66631424052207
310.6468655414711
310.7607029632278
310.75731091580235
310.75731091580235
312.05995678413416
312.0309431437889
312.04868905966714
312.04868905966714
311.976019519075
311.98598255739887
311.98598255739887
311.98598255739887
312.42422350427825
312.52032247290157
312.5073837919032
312.7166359327524
312.5336607973927
312.6164872744786
312.64028993491723
312.71248487318377
312.71248487318377
312.8554898083717
312.8887233958413
312.8824062062702
312.65088227275965
312.7037199267683
312.7037199267683
312.6673754704972
312.6673754704972
312.9219987891574
312.9219987891574
312.8928473453561
315.46759168343044
315.48992074584214
315.48992074584214
315.375846137621
315.4341949573412
315.4825324907053
315.4945864628742
315.3051298854484
315.264876469281
315.4220604853819
315.40101423686355
315.63514479620056
315.63514479620056
316.8599354999849
316.9668604339284
317.3546299664793
317.34617890738286
317.14454035450586
317.5159075985634
317.47674458783604
317.39569957685165
318.1168761064342
318.1168761064342
318.0370408399748
318.0370408399748
318.0418205327307
318.1972520829829
318.22818197165145
318.2581978268881
318.59955769766543
318.4892103101385
318.52706683669413
318.6632686432832
319.54377451495424
319.21604985786735
319.22119563267927
319.38506945532157
319.38506945532157
319.38506945532157
319.3872783852664
319.3872783852664
319.3872783852664
320.3886783089629
321.9918365201311
321.844834088982
321.844834088982
321.89351834547745
321.89351834547745
321.89351834547745
321.76072516769926
321.76072516769926
321.91461556116906
323.20434113285546
323.05877788502704
323.0190508713096
323.0190508713096
323.2729778554707
323.2729778554707
323.36323197580026
323.6026363773488
323.6026363773488
323.76280522918904
323.65292464128527
323.65292464128527
323.47713364929393
323.47790107427977
323.5117936925971
323.9113147069319
323.81035569086333
324.1260317722157
324.0997836404362
324.0997836404362
323.56729216516186
323.56729216516186
324.7863050941832
324.7863050941832
324.767532556595
324.767532556595
324.80474521356956
325.12518090376847
325.12518090376847
325.12518090376847
325.12518090376847
325.13603965624395
325.06069192400315
324.85797021942517
325.0580098016732
324.95211664615215
325.16802180550576
325.1562600184372
326.2127225898284
326.31188845010877
326.4265188071301
326.57752831293067
326.9076123119028
327.50358180185674
327.89574803575783
327.89574803575783
327.9306354764817
327.9306354764817
327.9306354764817
328.346410193534
328.346410193534
328.5141973092721
328.6314400278258
328.77380224493163
329.04926236969663
329.04926236969663
329.14872776528136
329.160940039273
329.16204166262713
329.0840149881487
328.7027847369439
328.59719316006976
328.73105398765574
329.60772026378925
330.36123726778584
330.36123726778584
330.36123726778584
330.42551775527005
330.42551775527005
331.2320383621376
332.0140750061667
332.0140750061667
332.2702900138134
332.2702900138134
332.2702900138134
332.5544292409241
332.5853347281317
332.5853347281317
332.5853347281317
333.0940374876544
333.5018285890693
333.5018285890693
333.5018285890693
333.5018285890693
333.87522670986647
334.4916788476718
334.3389755537623
334.34026920804496
334.46933035728927
334.62609631041477
334.9201038780917
334.9201038780917
335.09831034092315
335.300509640343
335.6451538001212
336.4510304842601
336.4510304842601
336.4510304842601
336.4510304842601
336.4510304842601
336.4874412271861
336.4874412271861
336.73084509982266
336.78806020039633
336.54003219390387
336.54003219390387
336.7035993478474
336.53775641774774
336.53775641774774
336.5300377863138
336.5300377863138
336.5177424779752
336.58940336028803
336.78806020039633
336.80616799754966
336.8041267896423
337.5802065853357
337.58694192987207
337.88727891878716
337.88727891878716
337.9264231107921
337.9264231107921
337.9264231107921
337.9264231107921
337.9264231107921
337.9264231107921
337.8801190944752
337.88096207804307
337.97429102333047
337.9762925065694
338.14399332379475
338.14399332379475
338.14701836377475
338.14701836377475
338.1450400902553
338.1390885860281
338.1390885860281
338.19516404131764
338.20567560920637
338.20575675672336
338.20575675672336
338.2057890199072
338.38327813621595
338.3993822640737
339.1727469146022
339.1731271340749
339.16771067150313
339.2773215119422
339.41224020056836
339.41224020056836
339.41224020056836
339.4279575073041
339.6506196500408
339.7057070769721
339.6980373192923
339.6980373192923
339.6979392367699
340.027939725132
340.027939725132
340.04904077718726
340.0983630352075
340.0983630352075
340.1236458054985
340.1204946803103
340.3530836339126
340.3530836339126
340.35327813916274
340.35327813916274
340.3448647517292
340.3473029045405
340.34920820060546
340.34935958404714
340.3652262455055
340.3652262455055
340.3652262455055
340.3952050625311
340.4049495112718
340.4049495112718
340.8329630340037
340.8673195718954
340.958352968428
341.008455429426
341.008455429426
340.9923866323008
341.0471105862655
341.0412265220241
341.0708786794465
341.07165385462054
341.07165385462054
341.08735051655503
341.08726440062946
341.1932569297654
341.21156074000345
341.51407059107174
341.94104379362875
341.91674734865984
341.91674734865984
341.94039873664605
341.9437647230307
341.9430484677705
341.9430484677705
341.9430484677705
341.9227540742263
342.13764144173535
342.10298252763744
342.10398392883457
342.2699571976868
342.5699589649523
342.57653974736473
342.6380022360192
342.6329289393064
342.6800646369841
342.69592547398645
342.6886361868059
342.9042786392689
342.9042786392689
342.94651455674483
342.94651455674483
342.915962840778
342.91610658369115
342.91610658369115
342.9722213233037
343.4880116966123
343.49975851021054
343.49975851021054
343.56531316595357
343.5702929854296
343.6327040824411
343.73645212604566
343.72355128707864
343.74580656972927
343.74667804299355
344.02786770536176
344.8570573507032
344.8540682708572
344.8540682708572
344.88348312405634
344.87734121042905
344.87734121042905
344.87734121042905
344.87734121042905
344.87734121042905
344.96685255786355
344.96685255786355
344.96900106148377
344.9788553094225
344.98372290118886
344.9853593023227
345.29644777839184
345.28034306600165
345.2643648106395
345.3180173786066
345.31143058560116
345.4090008907215
345.3576304599798
345.3580943352877
345.3709665911463
345.3974186570461
345.3974186570461
345.4143971992697
345.51230884372586
345.5802305222447
345.5802305222447
345.5353438150533
345.5849069565069
345.68241918088734
345.9314344366634
345.93795266568355
345.9428436740356
345.90566831916726
345.87985287938153
345.87985287938153
345.93443875187677
345.93443875187677
345.93443875187677
345.9842621394255
346.0246177646976
346.0190156635723
346.2156428457704
346.215284798744
346.21639523797876
346.23767447308575
346.22803973960174
346.30540695565537
346.30540695565537
346.2955463291576
346.29586105795477
346.2972711265422
346.31912456243845
346.33040118664195
346.35708638645696
346.3236879459955
346.56615904964775
346.7493132715878
346.7988554361738
346.7977879956601
346.81662045904545
346.85094092611473
346.8442085892264
346.8442085892264
346.8464814445259
346.8823045240275
346.9199109211525
346.9199109211525
346.9199109211525
346.931542242908
346.931542242908
347.1046692012046
347.14501677883095
347.0876531879198
347.0876531879198
347.0876531879198
347.0876531879198
347.1445902605699
347.5068251533687
347.51944895478
347.5348364553351
347.5046492707114
347.5253535228418
347.5229162856945
347.5529762005278
347.5529762005278
347.516806490329
347.52654923155865
347.4787626631383
347.4787626631383
347.4791047545679
347.70820378137944
347.9621621466582
347.9756700046194
348.07126277872
348.07126277872
348.073439376249
348.20357510801904
348.19856588334363
348.2143866387219
348.21359238582033
348.21359238582033
348.2158688339206
348.65481734982956
348.65481734982956
348.6909322673063
348.7824002098188
348.7731982782211
348.77359928519206
348.77359928519206
348.8895790048052
348.95156294617675
348.963063280446
349.01108293284955
349.0359849045292
349.0517336597576
349.36033178397093
349.36033178397093
349.38820560792
349.40867885389594
349.40867885389594
349.47429734839096
349.47429734839096
349.4749158406232
349.4383883753338
349.427639217522
349.52154547302615
349.48789867384033
349.52154547302615
