with mode=0, handoff cost coefficient = 1.0
232.4441055482701
232.44146886900768
232.70439176126604
232.93766732009954
232.92669767548347
233.79164075202294
234.12746054552787
234.34456318372168
234.40686199085246
234.9168537360016
234.91773286603575
235.2012256412945
235.99435399677293
235.99435399677293
236.22929166780074
236.81798571382524
237.13000760139298
237.16783675057565
237.56367807768507
237.53642938068307
237.53636395908785
237.50198498529045
238.12445509580044
238.26047461554634
238.48143077197508
238.3606271556906
238.12411533057866
239.47927155455693
239.50164031782234
239.50135230233755
239.5000280777223
239.69558157537978
241.0058004118682
241.0187131145957
241.11877697655345
241.14823840968347
241.37784777155525
241.4827168373768
241.92582006765963
242.57823723294268
242.76442919527736
244.05741591260323
244.79553242122086
245.0593563060204
245.13622864426475
246.150277202011
245.9261163708958
245.9261163708958
246.57498167610757
247.7117888808074
247.7117888808074
247.75855422145432
247.75817094570894
247.62899003359945
247.65492241969625
247.59099518454167
247.52099419725823
247.61161319051536
247.61161319051536
247.90212322597262
247.9959070161719
247.9959070161719
247.90129067169022
247.90129067169022
248.17979391162146
249.059816376154
249.05988842282298
248.93951566470025
248.86063678985357
248.86075995376018
248.80966775454974
248.88097834399974
248.88107224155686
249.22278756184033
249.24194029104453
249.24194029104453
249.44774813403495
249.44774813403495
249.44774813403495
250.12954028070055
250.66253824608182
250.7125954424421
250.74465129468305
250.75216887373753
250.84050340040127
250.8371133753628
250.91640531975924
250.79505277231823
250.81573447212588
250.94327604482567
250.98130155099273
251.46320947538464
251.5462381692322
251.5462381692322
251.54550976144407
251.5453573175995
251.4918768169877
251.4918768169877
251.49717213108096
251.49717213108096
251.4967887672989
251.5402457631989
251.86522681510218
251.69415515843707
251.7097853746022
251.63350778547937
251.63350778547937
251.98784074302506
252.6646238253188
252.73726025889442
252.73726025889442
252.68309486723828
252.68309486723828
252.68309486723828
252.6832322398923
252.6832322398923
252.7148435971686
252.7148435971686
253.23116360516372
253.23116360516372
253.2814901258643
253.2814901258643
253.90575696604856
254.10207744072923
254.18984976472956
254.65190038797903
254.65190038797903
255.25677536010807
255.25691713612844
255.25691713612844
255.2398107196188
255.76295113247446
255.76295113247446
255.76295113247446
255.76295113247446
255.73261264504413
255.73261264504413
255.76295113247446
255.7630579613782
255.7630579613782
255.7206273198383
255.652850769187
255.63715798749655
255.63709435549703
255.97862183541667
255.97862183541667
256.2577495819734
256.28251717204864
256.28252342505874
256.1740771258126
256.1740771258126
256.5674959929418
256.5674959929418
256.5674959929418
256.6117595620043
257.14508714882083
257.4341468237928
257.5768567214113
257.6152943179593
257.6152943179593
257.6986187365493
257.6986187365493
257.7937792622295
257.7937792622295
257.7937792622295
258.4972694746543
258.41619217827395
258.41619217827395
258.41619217827395
258.41619217827395
259.7012440303602
259.72872142206944
259.72872142206944
259.72872142206944
259.9391046113053
260.27798820854724
260.27798820854724
260.28165729626886
260.89268825751765
260.89268825751765
260.89268825751765
261.1501625197149
261.1451513955706
261.1451513955706
261.1475007644544
261.1475007644544
261.3259894692951
261.3259894692951
261.3259894692951
261.3232607758172
261.4675343614393
261.5843644193526
261.75313355415943
261.75313355415943
262.1186345230185
262.1186345230185
262.1186345230185
262.1302363737297
262.1302363737297
262.1302363737297
262.13881924151536
262.1471024655299
262.2454076667965
262.2454076667965
262.2540845914578
262.2539814120452
262.20492501995955
262.2046276218524
262.2046276218524
262.20466217526047
262.20466217526047
262.20466217526047
262.00713527754226
262.00713527754226
262.2540845914578
262.3129046353161
262.46234401974533
262.4660381986129
262.7166339351073
262.7166339351073
262.7172259907602
262.7172259907602
262.75284899926316
263.0644346866919
263.2225775863483
263.17226162079567
263.17754865038864
263.17754865038864
263.190897901859
263.24481808580424
263.24481808580424
263.24481808580424
263.24481808580424
263.24481808580424
263.24481808580424
263.79419935925097
263.7943002022277
263.91015804515774
263.91015804515774
263.91015804515774
263.91015804515774
263.91015804515774
263.93891641801815
263.93891641801815
263.93891641801815
263.94416015350976
264.1075467773747
264.1317270485057
264.15993336365364
264.4041828513923
264.4041828513923
264.4041828513923
264.61842513572014
264.61842513572014
264.6160244190914
264.65125314202913
264.65125314202913
264.7874788310497
264.7877189135964
264.78160974839955
264.78164745865087
264.9618486515273
265.1879293933619
265.1885595088864
265.1885595088864
265.1885741510204
265.1885741510204
265.1886203897924
265.1899291152398
265.1899291152398
265.20860727839664
265.20868150206644
265.20868150206644
265.2437951458431
265.2387941649147
265.1878720105042
265.1878720105042
265.1871341506213
265.46340940060855
265.46340940060855
265.4601713327158
265.50583279226703
265.5284074059897
265.56042747631886
265.56042747631886
265.6230704565586
265.6230704565586
265.5995727128956
265.6988823113017
265.74775624230585
265.7171914581865
265.69814476166323
265.71154940212307
265.72222962510625
265.80503526590394
265.80503526590394
265.80503526590394
265.85247257064725
265.84418306663036
265.84734900970255
265.8427850934907
265.89475476882495
266.17241798963016
266.17241798963016
266.17493816083396
266.17493816083396
266.2458055936281
266.2951652509203
266.34555279146696
266.34555279146696
266.34481504950463
266.34481504950463
266.35233442392797
266.33077647039704
266.33077647039704
266.33325167099673
266.33325167099673
266.3397576826172
266.3397576826172
266.47195481212503
266.7440972427901
266.76230386702485
266.76231323493
266.86727015437555
266.86727015437555
266.85628232951325
266.8704173964575
266.8704173964575
267.04567871293483
267.0556686796261
267.0353302283448
267.0353302283448
267.01738298222955
267.04807006259347
267.04807006259347
267.0420190363447
267.05279824792586
267.05279824792586
267.02292164536624
267.0556686796261
267.0614931334062
267.0620965671647
267.07761083544887
267.07761083544887
267.0777541549134
267.07777462444034
267.0778667240616
267.0778667240616
267.0905035578604
267.1072375866989
267.1164011896049
267.1164011896049
267.12308265446995
267.1415989069233
267.28012106660674
267.2916201373037
267.2916201373037
267.3011556722159
267.30761878700173
267.3076835529953
267.3076835529953
267.3101294313161
267.2994122671457
267.32530259125855
267.3333485702329
267.3348481659226
267.3319446005139
267.413635095589
267.4193234310758
267.4141084367958
267.4197057344549
267.42883273777664
267.4298417856542
267.4206700790859
267.4206700790859
267.4404441480383
267.42461715667
267.4281198087639
267.4281222580043
267.428006149768
267.4261762663641
267.4474761108307
267.7683607727972
267.77408042395774
267.77904505734494
267.77904505734494
267.7647485347418
267.7553719859324
267.85967832129245
267.86208907326085
268.1812935508126
268.18131745862627
268.18584178412755
268.19090626516424
268.31668387326687
268.31668387326687
268.3254128930401
268.3238943715796
268.3617034987859
268.49182793972574
268.5935010551204
268.6012771325513
268.6093494093957
268.6092002172683
268.72488526129337
268.72488526129337
268.8173180167082
268.81734977131333
268.9286064604682
268.9202117664042
268.9143328710883
268.9352063695126
268.9352063695126
268.9489613537544
268.9489613537544
268.9489613537544
268.9494383330546
268.9494383330546
268.9494383330546
268.9482844307304
268.97627524574796
269.00692362002246
269.0084078341788
269.01057044141345
269.02768742890174
269.0323105333011
269.02925207287086
269.02959692975344
269.0224629100102
269.0224629100102
269.0248964782221
269.0370406274835
269.07575148092275
269.0820164517462
269.0892518468854
269.09148249172176
269.0918528077873
269.09654501647634
269.09819513442096
269.09793059816565
269.099757187657
269.0997573456409
269.1026575054595
269.105943788298
269.1158829499976
269.1158829499976
269.1159197242547
269.1163312398814
269.2626953567988
269.25492385858644
269.2720723192687
269.2855157817524
269.3198184147137
269.321516946726
269.33183715900833
269.3944902277418
269.4150712226571
269.4150712226571
269.4166901380762
269.4166901380762
269.4166901380762
269.4123109534247
269.4123109534247
269.4105500142002
269.4105500142002
269.4107973777962
269.5767134736826
269.5842454628362
269.5734936294587
269.5717130759546
269.5664648070091
269.566671903435
269.57387971957155
269.5775622868129
269.55145218165
269.5578706615568
269.58550497941695
269.60272257803683
269.5985481268206
269.5985481268206
269.60023395820104
269.60023395820104
269.5978482189485
269.5978482189485
269.6349669167872
269.65907538461806
269.65907538461806
269.65999909883044
269.7394428717513
269.7394428717513
269.8601821843438
269.8611424188598
269.9724717513804
269.9724717513804
269.98366182227136
269.98366182227136
269.98445453156256
269.99911881051105
269.99163338346045
269.99406942247975
269.99911881051105
