with mode=1, handoff cost coefficient = 1.0
232.4441055482701
232.79845262895745
233.0937251399867
233.5692273306922
234.0761895672121
234.5860895722858
234.93013256885558
235.1508512307032
235.53093942635886
235.86336534557807
236.30801983803383
236.7941748285499
236.92799686339077
237.16573986152542
237.3188441334436
237.50696665183395
237.7521341808995
237.9508503583856
238.1555783589056
238.52523653927426
238.7805512717835
239.07372231948457
239.29670875576926
239.59418820326488
239.83267838977127
239.97544234418805
240.3650659196277
240.64751007673527
240.9526105538781
241.1669413715051
241.41744123975417
241.62592529275818
241.81800510217832
242.03223238150343
242.29183580673475
242.41723484251781
242.666373248107
242.94348138215858
243.30727782783487
243.7637178363324
243.959278788568
244.27532186814153
244.38730920643508
244.48743949966865
244.534252864145
244.6344958391589
244.9482097955363
245.18509721876578
245.22450092955182
245.3047822628793
245.40489195965833
245.50490214888677
245.71537902557128
245.9200743044296
246.00127499756738
246.24971908282262
246.43251906548488
246.53920408433538
246.64761870379374
246.75815538497795
246.84014012180455
246.8968774456376
247.26709521818492
247.38352334481812
247.6159523081146
247.83504464176318
248.00029579781238
248.0740125734946
248.19686284995183
248.44561096980857
248.50542866586164
248.69455468102285
249.23427323881836
249.55231499245275
249.74604247425077
249.76307231359536
250.03015299453057
250.34137549218872
250.41725244955236
250.43435932774662
250.62824090044734
250.94501236293718
251.01864677685194
251.16886514096646
251.29032195512346
251.40376281896482
251.49337117879787
251.53990004895147
251.6888983446303
251.71816130869945
251.80953358543397
251.9506458656536
252.09534829447597
252.2579906274281
252.22216409955556
252.4542022746904
252.48936925035105
252.48462676618166
252.90499883062427
252.96252253128608
253.03080742620324
253.15078491692987
253.2699192411442
253.46630697344995
253.51658338777273
253.68941061491353
253.90178432037393
254.2087653244498
254.35283117019299
254.65048990224352
254.8242270798509
254.9937201185843
255.23015337896348
255.6740821083676
255.70083119540047
256.09967610179774
256.2900877396404
256.371850824344
256.38256600848746
256.51916943805213
256.55864212102
256.7419609908705
256.73940801679663
256.8001260224415
256.80088670108347
256.7999673873435
256.9341823354591
256.93956259120284
256.97032062086737
257.00744519392634
257.0989207730928
257.31712840501854
257.4516422113741
257.4415986143995
257.4837355946106
257.62582933116533
257.630085336253
257.68002364740676
257.67913895204737
257.7380615464507
257.75497287680247
257.7915950605057
258.1193456413835
258.2394441085781
258.2475487898015
258.28036597426103
258.33677763990374
258.3857244835535
258.51828706284687
258.55945179169186
258.597723250693
258.6927061424504
258.8207428563345
259.039134364075
259.0698805336069
259.1226671422349
259.18268265452144
259.26926242383416
259.3505804699342
259.4832022764254
259.5257062938761
259.5400197417985
259.69793407118965
259.70942794265846
259.71151714429135
260.0118291991911
260.26514834355504
260.3339904148496
260.44730609108694
260.459615742965
260.6681427006456
260.72727015819964
260.76310484520894
260.95072252978434
261.00819473700767
261.1229032645302
261.16197112023127
261.1907803866638
261.2134248547256
261.4470721411413
261.5092862347176
262.0009347669392
262.0953398916822
262.3240985616167
262.3673984170974
262.38691111110825
262.4526658217023
262.7315099863711
262.73250202676985
262.73300529359443
262.73712349078085
262.8260173844911
263.16156733705026
263.17240796320186
263.47881808568604
263.537641298615
263.54118807080124
263.56286728704816
263.66735487378475
263.7282802064107
263.9326187532211
264.02863722745917
264.0824242924223
264.0991047846252
264.16136259458284
264.1772712159204
264.2576906566185
264.526272993137
264.5443223141358
264.61572053633654
264.67127373225105
264.7050116993482
264.7286615442503
264.770629898991
264.8794648762536
264.9021088621736
264.8779899698643
264.88409421374047
264.9136881637426
264.9346454561524
264.99681894172636
265.01735027100676
265.1133658953318
265.18463368619683
265.5542955182025
265.73411880916655
265.81563703879743
265.8287878560635
265.84462172536524
265.9139033469313
265.9339061202906
266.14919973334804
266.29709972510216
266.40033111373714
266.4338899604924
266.6626693311162
266.6623963610293
266.74725442915343
266.7637696181265
266.7833343381383
266.7842679830664
266.84622377514336
266.912675131155
267.1613410356199
267.1392276741919
267.15206357862775
267.30188693095334
267.35936767165373
267.57188123167106
267.70980818186865
267.71074098659744
267.72507611990363
267.956912668244
267.94123656322176
268.0334574602978
268.1607892145584
268.3070724832201
268.3245817687429
268.361541072871
268.42170511690114
268.4258641108828
268.49908586978506
268.53471312509345
268.67153963639515
268.68579916774
268.7043530082614
268.75695796025934
268.8147872739248
268.783296285991
268.82356193949187
268.9949862079553
269.0114411712832
268.99085908315226
269.0222239648719
269.0281774819949
269.1819338841331
269.1962387588775
269.2766108663463
269.4179008574237
269.4393455321768
269.4386555732887
269.44232215968117
269.46057784017887
269.4733316311742
269.598288306458
269.68722630512053
269.67148264380205
269.6958776290711
269.7041549737561
269.70177835743857
269.7128782183786
269.78346004031
269.9797418282916
270.03524173011783
270.04457727544434
270.0351870438015
270.0351870438015
270.24952069217704
270.37379318888264
270.43610651559675
270.46692431341836
270.5860606463608
270.58563372686865
270.66685165349486
270.74927239517524
270.76009661563774
270.9235388242891
270.952180157862
271.05417824997534
271.047790747132
271.0931071118118
271.2466781001045
271.2547047674696
271.30456121387044
271.47679586482855
271.7095006777968
271.71834483642186
271.75867022937757
271.81218338431944
271.8206523849781
271.91863520920145
271.9395446046485
272.0308682280104
272.1381046612246
272.1579385888818
272.20278203219374
272.3153506510664
272.39596836143056
272.43200248542195
272.5283445319103
272.5665586183698
272.58102227428043
272.59856201778626
272.59395043036574
272.68248772370623
272.70105871447305
272.76040181486604
272.8252655129618
272.91103427355614
273.01129299522904
273.38362896341323
273.40725784070986
273.48438957696453
273.4688212885326
273.492672646234
273.52816123305456
273.57880935495706
273.58368097298825
273.58876720134174
273.65922232004635
273.6811670828952
273.68408544586254
273.6804101863948
273.77165146163367
273.77190279586983
273.91435879493184
273.9237649179742
274.0466334980355
274.06698345844694
274.02408129414255
274.01848769359714
274.04134942414197
274.0677752124025
274.1921624304497
274.1987759216766
274.21389521261034
274.26362651531457
274.3102507280262
274.361951306727
274.522270499461
274.5222872533844
274.62945154134223
274.641738484453
274.65041405352474
274.6461620799208
274.6824240415651
274.65570506920227
274.6723592093842
274.7354558183806
274.7878870555934
274.7888331350173
274.8226737426254
274.80946709627415
274.83471525656336
274.9760903988042
274.9884529286212
275.0571971904589
275.0537140661616
275.12596066165395
275.14930725204334
275.1434641371464
275.1167730454059
275.1377331937048
275.232855839909
275.3588305180471
275.4549918869887
275.4520963215902
275.44477597182646
275.43929734396943
275.4222677476887
275.470491397223
275.49386364791434
275.529648350755
275.7430697952083
275.79853656279954
275.90950906651767
276.0117089859234
276.0242625685098
276.02181878855515
276.0735152563377
276.0800226532278
276.14180067403095
276.16332265078677
276.1599715054326
276.1798114431027
276.17434617424726
276.21067685922316
276.2127859644084
276.1880439157421
276.3126602784627
276.3284776960858
276.3254682527326
276.3548563805902
276.41093194800607
276.48658396078173
276.4886671178235
276.5139338644793
276.5087013525129
276.55720723286805
276.5736883727622
276.5964904370538
276.60545649153994
276.654632636333
276.66419434369897
276.6840740597631
276.6671177315814
276.6651249471753
276.66023319578267
276.6618840647268
276.65118610955676
276.65249778765013
276.7568727815095
276.7671094113564
276.77788427522717
276.86088373625955
276.9242241391423
277.0078170346406
276.9965930719895
277.0680922369162
277.12412088774545
277.1842701804917
277.2322266429211
277.29371777877265
277.30086831322376
277.31165193348824
277.3575147576624
277.4373859569594
277.5837433008957
277.6605539498992
277.7053118333971
277.7144633130353
277.7568516208862
277.78006939696314
277.8409872206031
277.87600688896
277.88019662199054
277.9254255191163
278.06176925962114
278.0723651091543
278.1140075056878
278.1565305250271
278.2532250975363
278.35114940131905
278.34945766223063
278.48056678400235
278.50332229722267
278.5815856940696
278.57500971115365
278.7559751698107
278.73917284966694
278.82247829624805
278.86991819904597
278.88424175192085
278.909278096672
278.9821520501515
278.99115196317314
279.00712005780747
279.127384168708
279.17157447669337
279.17037575279977
279.19043207467195
279.2056819831523
279.2648501204647
279.28602366868404
279.2741227616071
279.4326375351137
279.4092151305756
279.51279471525766
279.5528051519288
279.54326856978327
279.5528051519288
