with mode=3, handoff cost coefficient = 1.0
217.94813548475702
219.05812081622113
220.05494621436853
220.55106693234072
220.80290626195668
221.28695917265733
221.55441052657986
222.10318634712874
222.56069306660524
223.37109133780987
223.426462538989
223.77763482337457
223.8987290574091
224.29983060734352
224.94145314063607
225.4077769926553
225.46801151145974
225.58700124641402
225.61873516577074
225.61857324657308
225.75965045360886
226.38286810166315
226.74618438610074
226.74510608670127
226.80023082727152
226.92628521421594
226.92669660256465
226.99921363596272
226.99932627597363
226.95131144599455
226.99380609749784
227.10228629752916
227.15332892429058
227.2920323163455
228.1022437945682
228.3865373090934
228.3391952385935
229.85926492402922
231.14709677732137
231.14631896701476
231.14613007881482
231.143625249244
231.3406407260483
232.34901089026516
233.62619606711044
233.9368847105005
234.45299555187486
234.61207023751723
234.61260706975816
235.22404004291008
236.0991766837884
236.09960127170717
236.12779739126404
236.3272742473643
236.32728951794655
236.417410888388
236.41629884860572
236.91548120389382
237.63971188700754
237.6398303578614
237.63952421389973
237.70649779984828
238.15120753235848
238.41606168076325
238.43505141918922
238.73260468590982
240.46455701085114
240.48603341766398
240.7786671594629
241.0903423148085
241.21331415035684
241.77743641947907
241.74407430459001
241.86792978058267
241.86775285895538
242.2391607571723
242.66341656766113
242.75869470666163
242.7449598888707
242.74474792085115
242.95823485886962
243.3025335987385
243.53017242105378
243.52873587314835
244.33296827833288
244.71075136470995
244.69907203622859
244.69949605353554
245.02386812766454
245.11932697029184
245.127131561122
245.12558298593737
245.10916169782874
245.10916169782874
245.11459976388446
245.11459976388446
245.11371981814918
245.60468877208112
245.60507687632295
245.61178651282282
245.6113981516456
245.64243272065355
245.63288307320065
245.63317654163754
245.67378693437772
245.6732150880819
245.67472654443824
245.67809697973107
245.6908730830364
245.70166971280352
245.7016988268265
245.7018960568879
245.72341053382564
245.72340739686607
245.73133031977144
245.92842671175825
245.92788942731315
246.1242494117294
246.12581428179857
246.36732248545476
246.40229410654987
246.49958285275346
246.49885589610665
246.55482140474248
246.5485320236662
246.71450858812625
246.73405889029317
246.7408239375157
246.75726327976432
246.75741159939454
246.7505724118279
246.78263081930137
246.7830747327557
246.83363632675557
246.84168455206932
246.84182169967667
246.8543776837557
246.8543776837557
246.85796191792414
246.8744186822654
246.89377116398248
246.90491078169248
247.04648744440468
247.03971503124146
247.04101959126473
247.11660430168098
247.12034433846134
247.12304405678245
247.2650939872816
247.26566792349058
247.292059922507
247.44981343197088
247.4614315138523
247.49724832475354
247.50650194512525
247.50650113729515
247.50637732743994
247.50636290332432
247.57210698373987
247.57137551770035
247.58218754910502
247.60796082181176
247.69504520149547
247.73161298365923
247.72939521340902
247.7436869342753
247.75904825449896
247.75904825449896
247.7506239873517
247.7506239873517
247.76097298369913
247.76097298369913
247.7692579184615
247.76751593323692
247.80205614119728
247.92044939310063
247.9329237685564
247.93344997777123
247.9474596413698
247.96407068772032
247.9708871082224
247.97190223941243
247.97884885486954
247.96912061317073
247.97954736331573
247.98620342965168
247.98626247979146
247.98029463778423
247.98029463778423
247.98029463778423
247.98029463778423
247.98899711681216
247.99099090748732
247.99102483839025
247.994745347784
247.9962714994429
247.99659074115726
248.0622051677443
248.08614493441576
248.08215930008004
248.08150702217273
248.08233410209868
248.08233410209868
248.10565475710936
248.41405861245352
248.4039468844646
248.40367885464414
248.6094468591576
248.6159707196829
248.61999895844187
248.6821255562708
248.6856947240586
248.6848389366655
248.68495273727186
248.75418012941807
248.76090526768255
248.7611885576161
248.77273784825903
248.7734423887852
248.8341047629586
248.85208301706817
248.85219111513652
248.86813092975075
248.88642680087847
248.88657028993666
248.88663256198527
248.95313505036938
248.96204688828527
248.9506205563045
248.94964126199676
248.94964126199676
248.9583779573012
248.95375476418212
248.95386253103416
248.95386253103416
248.95386253103416
248.95386253103416
248.95386253103416
248.95386253103416
248.9765953329143
249.00466362529204
249.00521890475565
249.0746180744017
249.0867358055685
249.08725621668714
249.09607108848382
249.1045563811549
249.10897479148946
249.14974593168859
249.20181285515335
249.19870312093002
249.20946012615204
249.20731470703177
249.2107246369907
249.21185238611153
249.21185238611153
249.21185238611153
249.21185238611153
249.22258266293267
249.22131371261736
249.21486447011281
249.21483800037058
249.21483800037058
249.21749447860404
249.21749447860404
249.21749447860404
249.22133708890564
249.2255133196347
249.23333322097645
249.2378280195082
249.23678587903177
249.24414367105203
249.24573863492415
249.24638221252425
249.245656352292
249.26419289054746
249.2669307502694
249.26658719764663
249.27592480946942
249.2838648514448
249.28405047313495
249.28707733323517
249.29595737667253
249.39091090414857
249.391931874654
249.3922062845943
249.39149771646473
249.42287753559427
249.43004222497925
249.4365985206543
249.42988310858388
249.42988310858388
249.42988310858388
249.43512268745212
249.44558929740938
249.4447923582351
249.4445159187519
249.44255789710903
249.44255789710903
249.44255789710903
249.44255789710903
249.44584790434595
249.45081923057356
249.45067440158388
249.4509315410676
249.4533776303631
249.45462726403468
249.45385376331308
249.45385376331308
249.45385376331308
249.45385376331308
249.45385376331308
249.45385376331308
249.46074020198225
249.459655943682
249.46063568043624
249.467193957938
249.46723081997433
249.46379599195402
249.46379599195402
249.46379599195402
249.47273561980614
249.4727323011932
249.4727323011932
249.47923575727756
249.4786829797865
249.4786829797865
249.4805727792394
249.4805727792394
249.48173181556234
249.48248981108262
249.48431977843612
249.48431977843612
249.48753615577212
249.488384748326
249.48801834256642
249.48795618312622
249.48795618312622
249.48795618312622
249.48795618312622
249.48795618312622
249.48795618312622
249.48795618312622
249.48795618312622
249.48795618312622
249.56255388055555
249.56060488170797
249.5573277755491
249.55803692159887
249.55803692159887
249.55803692159887
249.55803692159887
249.55803692159887
249.56171416682898
249.56171416682898
249.56128120235428
249.56161393061393
249.56161393061393
249.56161393061393
249.5840337681077
249.5768060542377
249.60400708918144
249.61233548163057
249.61234562012845
249.6124745176781
249.61973345698922
249.62047017169587
249.62047017169587
249.61737503138826
249.6235872137659
249.62470561636653
249.62470561636653
249.6274331433868
249.62774109585277
249.62774109585277
249.62768752919072
249.62768752919072
249.63396222171303
249.63397834183422
249.6341365124937
249.6341365124937
249.6341365124937
249.6341365124937
249.64861319240032
249.65054582928235
249.65175314648343
249.65447532655736
249.65336775244165
249.65336775244165
249.6555103893775
249.658460613156
249.660350556836
249.66232352715
249.66219087645052
249.66226355472733
249.66226355472733
249.68488017946547
249.684857815308
249.68488015550108
249.68391227845362
249.6871531713762
249.6871531713762
249.6871531713762
249.68686115461662
249.68766415524414
249.68912192760737
249.68912192760737
249.69774097194315
249.69893126370866
249.7032801850678
249.70176672113945
249.70037693456993
249.70037693456993
249.70037693456993
249.70037693456993
249.70037693456993
249.70151828262416
249.70151828262416
249.70151828262416
249.70804420916232
249.7078159133487
249.70788103041565
249.7079508106117
249.7079508106117
249.7079508106117
249.7079508106117
249.71577912132537
249.71286996997193
249.71303291877825
249.71317582621407
249.71789915048566
249.7284796579899
249.72855512956292
249.72667280971038
249.72907959230244
249.73817067995193
249.73958218724678
249.73597307585126
249.73614102029256
249.73614102029256
249.73614102029256
249.73614102029256
249.73614102029256
249.7391262893362
249.7391262893362
249.73880689073994
249.74071321346523
249.74071321346523
249.74071321346523
249.74071321346523
249.74779315443521
249.7545285102226
249.7550296063368
249.75064659200143
249.7524973311364
249.7524973311364
249.7524973311364
249.7524973311364
249.7524973311364
249.7524973311364
249.75629294442018
249.75498377130077
249.7553970258612
249.7553970258612
249.7553970258612
249.7553970258612
249.75880438221247
249.75947078829427
249.7594539908236
249.7596722957769
249.7596722957769
249.76255159074282
249.76222526523526
249.76222526523526
249.7622572398833
249.7622572398833
249.7622572398833
249.7622572398833
249.7622572398833
249.7622572398833
249.7622572398833
249.7622572398833
249.7622572398833
249.7622572398833
249.7622572398833
249.7622572398833
249.7622572398833
249.76907991928886
249.7681219645467
249.7681219645467
249.77716225932983
249.77547722118317
249.7741168958416
249.77805333240417
249.77805333240417
249.77805333240417
249.77805333240417
249.77805333240417
249.77805333240417
249.77805333240417
249.78697816286547
249.79037425688824
249.79606686826241
249.7957058737524
249.7970200656904
249.79678653394683
249.79678653394683
249.79678653394683
249.79678653394683
249.79678653394683
249.79678653394683
249.79678653394683
249.79678653394683
249.79606686826241
