with mode=1, handoff cost coefficient = 1.0
217.94813548475702
218.05912856394735
218.5572763535468
219.09948365522607
219.50241010240705
219.79938075490156
220.25842637872853
220.49926061365122
220.6519453069215
220.94369031413095
221.6128387278673
221.74707431822864
222.01349370432288
222.2712929222571
222.51434588233224
222.80824873929643
223.0126681395454
223.46187109460803
223.51195241674498
223.76366583115723
223.8832560160596
224.19881866458354
224.3654391146077
224.5204479316516
224.6281573074702
224.77636679980674
224.89421436211475
225.1430891361881
225.4066106453517
225.71264142391482
225.87839263167558
226.36550668586224
226.82344837162682
226.97823274977466
227.43078863315594
227.83500885079556
227.94982061799243
228.10437793384958
228.2826445110766
228.48268187039292
228.70936410546713
228.92633449646016
229.35052004197925
229.6736932046417
229.7369378316016
229.94257675645352
229.96291356372933
230.11544082258501
230.14948942857941
230.16548471150122
230.27472640392094
230.28898175045137
230.51598542925396
230.70773409344324
230.7598014257472
230.89961882879678
231.0251612786837
231.0566152628201
231.2701419593984
231.53727120321633
231.6998702214984
231.87422615114642
231.93035573706078
232.22280287320044
232.25798947991603
232.4144932246895
232.57365199407985
232.56983969850558
232.89645820773853
232.9085883179952
233.19805618681227
233.2670337794463
233.48709289268857
233.70535096859496
233.7621879599957
233.85885286990012
233.88881308028004
234.0472792857017
234.07578427529162
234.34025398974373
234.46968546605243
234.5689054863103
234.73494960985852
234.86844215993662
234.9375686946376
235.26610698493704
235.51517094994452
235.5441432881172
235.67690808879777
235.70585853069042
236.05225565212146
236.05668833048713
236.47372073072344
236.7574277265607
237.04853218183368
237.11254598798683
237.26295623688367
237.48489509626066
237.51733185015223
237.64355404993228
237.65285924167355
237.73697471376195
237.8802700780843
237.88656670400945
237.98528856234236
238.12422504148947
238.20601352771553
238.4184123701221
238.49238623871452
238.54650003820845
238.5483003797864
238.61288081553047
238.73377725068184
238.97059142816934
239.0339358653012
239.07030504654884
239.14063959829343
239.23952814088062
239.41834674944658
239.4504647710283
239.65763005942176
239.6596354839678
239.7973824332513
239.95405561558488
240.10273296340756
240.11630038803204
240.11457818562008
240.2690169493454
240.3627449060314
240.40542198601193
240.48938250321393
240.4958865968573
240.64773635393115
241.01646573171973
241.22213601576544
241.23153185496705
241.3553542000417
241.55184017692594
241.69727713608498
241.75712909456135
241.83892201175522
241.87803397404485
241.90753319749112
242.0181652478863
242.09061797163542
242.09886567805597
242.12545735966597
242.20834295603288
242.4733225487176
242.5359149726159
242.5571039680467
242.62631475453642
242.71703185815255
242.72763046618084
242.79132793324771
242.83379450821477
242.84567395211442
242.91663052156517
243.02952476990376
243.03088677269332
243.022784358015
243.095892000032
243.3251537012768
243.3558384901316
243.3687452434595
243.44713848794498
243.42996658270397
243.54440503401867
243.5907142644951
243.7359500179864
243.75440805736858
243.8390196478026
243.93119461759528
243.9353452085628
244.03136162877144
244.0150808857129
244.14455723739493
244.41053686735918
244.51991524703791
244.76087463249172
244.79426717048352
244.95181231301015
244.95754335235983
244.9947901554729
245.14312607629867
245.1965614976088
245.19474565102374
245.20922396250774
245.224305823809
245.229568939274
245.31902573926962
245.42718361047147
245.51179346958216
245.60253487536042
245.59869006123782
245.6117458197642
245.61882601012323
245.6228147187473
245.74319823937722
245.75297039328302
245.77419564016753
245.81467744126138
245.94934302900273
245.96374809680972
246.08444414827258
246.2100551583589
246.26216689230742
246.3636296392544
246.49839007130163
246.59082290174746
246.63056118668518
246.6670940578944
246.7623399470277
246.83231712298982
246.83485421635595
246.88206318202478
246.97568463471623
246.98910047241282
246.98411877882648
247.13060522716773
247.15632853539927
247.17996982732032
247.27081698127358
247.4355624488227
247.50257885259012
247.51904075641121
247.5444157676466
247.75699607808178
247.7955956265822
247.89772358620814
247.89620822065277
247.96885960375613
247.97283667943904
248.08239896096921
248.0809793759652
248.08070136436163
248.15791818017797
248.18190176933322
248.2241073118069
248.29426989374926
248.3068778892617
248.3965377313754
248.41602372328626
248.41678387245526
248.42929777671284
248.67621033090367
248.79506023656282
248.84928867336285
248.86602590191822
248.88158338758421
248.87244878357197
248.93335143492067
249.05100554523537
249.14111923057666
249.2205718970094
249.33975223275706
249.41941510098854
249.42226163589078
249.48574073560982
249.49678163393548
249.59356636813934
249.66261386706682
249.7455507996721
249.87959884213657
249.9132121940068
249.89217681335293
249.9055033006213
249.96115124761226
250.10046530723872
250.10453253124737
250.12887365926804
250.20150058348685
250.35385509597265
250.3657999299892
250.37602596039196
250.44447660716847
250.5616139703131
250.71756435850824
250.75435350392993
250.8237982127098
250.81766342530074
250.85444088086143
250.90568468439125
250.96406727067608
250.9692589897263
251.02103812598614
251.04168245695428
251.06012644383748
251.07012472211872
251.08138537470398
251.19950488801106
251.2495262744538
251.3096217240808
251.48667334414105
251.48519971874364
251.51713278521808
251.5391898590173
251.57888090285454
251.6212148791121
251.64688808202376
251.65145264593198
251.70528674363317
251.7382423502154
251.8617271225813
251.93758964288543
252.00888629279
252.0544336787293
252.0832895120336
252.26515335323882
252.35285675545444
252.52798532589256
252.64533552284132
252.75951168892183
252.79092940874648
252.87559862997267
252.9839807460831
253.02163278719914
253.16363742379957
253.14795433832927
253.32382405241998
253.4031706496822
253.40635040908373
253.4997313481381
253.53848865258462
253.54802671493562
253.53121113120645
253.5765758286152
253.59554497277833
253.76892274251435
253.7700862881568
253.80514285164236
253.82417327696976
253.93827760760834
253.9960848318523
254.07486274658896
254.1472068802823
254.17666596243086
254.26981982186334
254.2586986513086
254.26507255967724
254.3105969297527
254.40420452120185
254.43732583576997
254.45752404917323
254.54752158893214
254.53836014870765
254.54394299408233
254.54396845022296
254.54634046518072
254.63400336182096
254.61897502729988
254.67340933412126
254.66751790216713
254.86868112469878
254.9259761717374
254.94205774124987
254.92969604826928
254.9354963878172
255.0083332754259
254.9878750999621
255.0055607600078
255.11859683254573
255.119481221341
255.10361434079036
255.11863186321526
255.19305854999274
255.18696320394298
255.32200530763612
255.44781740257176
255.45094111649226
255.500484254014
255.5049212970738
255.50521911369478
255.6332483874802
255.63065168830525
255.62370784831793
255.69741502958732
255.7670277949537
255.8435948919847
255.88137070104344
255.88999645862168
255.89910505323076
255.95916518011077
255.97360584355266
256.1443905118701
256.33417034870763
256.4182318443035
256.53025425124764
256.5423340129061
256.55691209201757
256.7145232669388
256.7018759487693
256.7180051922834
256.79560158026806
256.83061489292993
256.8673587757611
256.8639000319347
256.8898538746366
256.91316712127997
256.9748849064264
257.11968817201233
257.1853953053887
257.2038891614994
257.1949417813096
257.19065133242657
257.1943531608451
257.2169886955578
257.2293911723737
257.24637152584137
257.2852283079921
257.2929855694968
257.32215028769684
257.356368512792
257.3606578233051
257.3555707525055
257.37459875740484
257.44964938587236
257.53386213090255
257.57191868644304
257.5663993538057
257.5710046063122
257.6141206829131
257.6435799363172
257.78879654137825
257.768529264043
257.7679674936004
257.8939143106678
257.9456749303239
258.0060072258405
258.02027292509763
258.0459001694456
258.0300244398139
258.03662816089997
258.0518393957466
258.0768152847277
258.0606306959377
258.14193962480414
258.1575707504023
258.1566141558359
258.2456681750708
258.26005626026273
258.30187251467663
258.2975082391966
258.3789456700899
258.4295893127067
258.45814614713044
258.44382274940216
258.569614707397
258.5572112610036
258.6295151872387
258.6934840140959
258.71918928768235
258.76855579177914
258.78005004582803
258.77482377824657
258.82754380799844
258.84452216044417
258.8611256980014
258.8473929115868
259.0378763356463
259.1801800219274
259.1847434240392
259.19634766038405
259.2322979997234
259.2430843367141
259.3808026240215
259.4408998521947
259.48468522893853
259.5410984569905
259.57940065791456
259.641793283868
259.6439258982024
259.64908601421547
259.68424702710354
259.7144799800062
259.82120448609606
259.9795794243722
260.0078196729033
260.07217812469094
260.07991715879024
260.0978037238051
260.2686087214305
260.28246725092816
260.33288764135045
260.327643592335
260.3755254138564
260.40065082966754
260.4512750070558
260.4887794948394
260.4938738458544
260.5425085944503
260.5983214244692
260.5965044168614
260.6146686839777
260.619435524025
260.62338706559706
260.6207614817688
260.73395303916413
260.7745565565103
260.8524954631157
260.9227142105409
