with mode=0, handoff cost coefficient = 1.0
217.94813548475702
217.9480506601264
217.9760436718945
218.2647949821572
219.4860747345098
219.3778693219841
219.35414869357655
219.96196437269904
220.4481212651912
220.44719314211608
220.44038512920955
220.99411943389418
221.10359368220625
221.10359368220625
221.28669627552787
221.80496220067843
222.56280999709463
222.60490085168286
222.66494525886853
222.66494525886853
222.66496539714464
222.7887083744463
223.45614277976648
224.806795862669
224.806795862669
226.07092611103528
226.06997741536742
226.32290725376535
226.32382536510553
227.39238534474893
227.39230240961763
227.39230240961763
227.32310556846235
227.35504149788468
227.35514329793926
227.3096056904255
227.2592170167447
227.293979461386
227.30340032868904
227.39238534474893
227.4374816500315
227.46813459870665
227.57698498558887
227.79984906765657
227.96265554227858
228.01912019671607
228.02228781702752
228.0207430974612
228.20904328183855
228.4470978992603
228.4865811123591
228.73560670083086
228.73561139344153
228.73167321757302
228.74506722510964
228.77391574245104
228.76846852514066
228.74816382589023
228.74780452163387
228.89625764392395
229.33435475389922
229.66269897695784
229.6673886170005
229.93587052555975
229.98987691534808
230.22762458133556
230.8344134315581
231.43101987112198
231.43104948831572
231.4285217233338
231.41308074302572
231.44927042924175
231.454736602414
231.4976714961273
231.68493085258072
231.79289653767142
231.79294619667834
231.78486527864914
231.78482050375393
232.17065638303652
232.28177679802943
232.42595919427032
232.4471955846749
232.49507412611723
232.49507412611723
232.4877633410795
232.6751741233554
232.67516927488225
232.65004891322587
232.65073174110765
232.66240715716165
232.66240715716165
232.66246740502766
232.9670667455082
233.01024028110805
233.01027262589363
233.0103647399722
233.0103647399722
233.11494629528679
233.08693891152208
232.7968694760419
233.0654871731829
233.3804876690755
233.38495533099436
233.4503999538094
233.4503999538094
233.64768729417673
233.81664140180567
233.83869214479932
233.838693258241
234.4244902246585
234.4244902246585
234.4218858430696
234.44510640239596
234.57006576691072
234.5757191951543
234.57574869813953
234.57574869813953
234.58253415061557
234.589776228856
234.589776228856
234.75151285936622
234.9277845974667
234.95175905202748
234.935061926582
234.99792445427192
235.00579396782905
235.0061106387705
235.05136240169475
235.72287234344145
235.74642449933614
236.0617040217691
236.05066398779638
236.03582220669753
236.00856674851255
235.97430590624884
235.96766114365735
236.00668944733945
236.00668944733945
236.48908053691207
236.54579289345673
236.54579289345673
236.569809999849
236.5633026453881
236.85444766931045
236.85444766931045
236.8590209843013
237.01786401562163
237.01786401562163
237.41908068289186
237.41916606863452
237.41916606863452
237.41916606863452
237.50554320747517
237.54762715811984
237.55055315125412
237.8177970532854
238.30473117968873
238.4767058283401
238.6203842646388
238.63260724164576
238.6432117639653
238.73496723851406
238.73507894029666
238.73479485680716
238.73664254811533
238.7401348317113
238.7844247530819
238.781332790212
238.99907098256273
238.99907098256273
239.06793751494843
239.1225559534778
239.14087004696165
239.160980409666
239.14428420638149
239.1482085780349
239.1482085780349
239.11676087967376
239.18032142909763
239.18032142909763
239.28830797771187
239.30571118084052
239.43056541648178
239.45512538978863
239.45512538978863
239.54480051653002
239.9620995105548
239.9527056877425
240.14825040411966
240.23831845344307
240.24103457518635
240.24109165348162
240.2504469368757
240.25392644192166
240.26197169818778
240.54750184278856
240.57700111605214
240.56937029471925
240.92516535170435
241.0171043792749
241.15023663393438
241.20861209728494
241.19842706255614
241.35113659168783
241.37453850160492
241.3619272992669
241.5774365836864
241.56471888513818
241.75310595127777
242.0087756241595
242.64948829623475
243.16257115593606
243.15780723660322
243.17847719731844
243.07991680632816
243.10990475308577
243.10990475308577
243.36729576461119
243.36729576461119
243.40488554627387
243.42838800395725
243.42838800395725
243.42838800395725
243.5934912412332
243.6093897676716
243.62095251821484
243.6259266335028
243.64949765697065
243.7891405249319
243.78260794931737
243.8103870285671
243.9898388206097
244.12536902599658
244.31020923902278
244.5099237348082
244.52286204754856
244.59665192967972
244.61773956237712
244.67119906945194
244.76056723139604
244.7735951684657
244.8017489333798
244.8017489333798
244.80179618384525
244.80986641040545
244.8313870559547
244.8406685606519
244.84198079116172
244.82402894787103
244.84597741543845
244.84903696503753
244.84906480399562
244.84906480399562
244.83154352674975
244.85423354894309
244.85423354894309
244.83265061468884
244.83736537092616
244.8688655032302
244.85924604719975
244.9554957488949
244.93313282159477
244.95424156776147
245.0785596303265
245.0785946224011
245.09104281634586
245.09104281634586
245.2857208430692
245.2983787154965
245.3189426418715
245.5593619331448
245.8168744018752
246.0905560967081
246.07873370820892
246.10690361154496
246.10690361154496
246.11745931743536
246.09349883195907
246.07482029222646
246.24350267854987
246.25922601317168
246.29121512944096
246.36547521571498
246.67014803587946
247.05074077357867
247.09315240936655
247.09315240936655
247.10717752464325
247.11209520802828
247.39255309493458
247.38996350316575
247.3792656378769
247.3795182430896
247.3877840685412
247.36974770815985
247.37516495469256
247.37528882976713
247.37528882976713
247.37595413589312
247.5712824562979
247.57089148513282
247.54648157379378
247.5624808962684
247.52814423095757
247.99355241344446
247.94639512620412
247.97734702664152
247.97734702664152
247.95924198717407
247.92910476797587
247.94070331202087
247.93509304063966
248.03874919824645
248.03874919824645
248.0643491272987
248.10814689977542
248.0776363158398
248.0776363158398
248.13997806371646
248.25374137685014
248.31223285499047
248.34733963161742
248.34733963161742
248.32189525528068
248.40565793265947
248.41364324579843
248.42367509413612
248.40070495990702
248.394560194528
248.39458382360462
248.37405884111232
248.51897131027334
248.48926314723371
248.48631653860508
248.48354169074108
248.5343217425972
248.53434261013427
248.53460892674906
248.5891753498723
248.5891753498723
248.616017463608
248.78046914558368
248.83009432686913
248.8768568623335
248.9548966258614
248.973796278035
249.10238241438088
249.10238241438088
249.10238241438088
249.3202817333488
249.32101271069746
249.6161230378206
249.6161230378206
249.6161230378206
249.5506279563926
249.5506279563926
249.71609319511293
249.7366103048882
250.0350288278043
250.23590915427746
250.23590915427746
250.45491218272457
250.45491218272457
250.50245946173447
250.53704490483693
250.5695318964177
250.5695318964177
250.56496177778064
250.59625848995358
250.73956282197435
251.08747923916712
251.08747923916712
251.0874403849853
251.0874403849853
251.11086004288063
251.11086370184302
251.11086370184302
251.13835813576503
251.1539251554443
251.443936370855
251.44176251354963
251.42205368907457
251.45417814411172
251.4796201430404
251.4765360571966
251.45447251040417
251.45447251040417
251.45447251040417
251.65867697656967
251.64315682580474
251.64322476952555
251.64856281350615
251.64856390015
251.64856390015
251.64856390015
251.9529441697812
251.95295029902837
251.95295029902837
251.9746984525777
251.99098896856125
251.99251425039353
251.98443896229787
252.00766103930388
252.0265855793177
252.12714013634695
252.13227529287246
252.13367071970524
252.1178976903876
252.16034734969148
252.16034734969148
252.45762640031253
252.45315682283896
252.45315682283896
252.4599154054129
252.45635799305293
252.42400925453657
252.5797387009296
252.5797387009296
252.59895121952698
252.74068629920507
252.74068629920507
253.00852275526952
253.01523430448782
253.01523430448782
253.01523430448782
253.01523430448782
253.14233896003293
253.13801806040868
253.25014854096793
253.25014854096793
253.2506721076661
253.2202817414984
253.23615732710567
253.20642426062489
253.21944184758433
253.34561215834725
253.32475038862225
253.32475038862225
253.31573814954652
253.3109348152505
253.3152809301796
253.28527713261303
253.3279703261197
253.32810348535915
253.32810348535915
253.40551413619443
253.40551413619443
253.41900401114725
253.41900401114725
253.41900401114725
253.6445726112503
253.8014689855027
253.8024172915849
253.84569163800916
253.82995050048618
253.80053180218158
253.80053180218158
253.81248310883933
253.93422803488934
254.03291084016993
254.0355329246265
254.02463293821714
254.02463293821714
254.04799991512607
254.2163750226378
254.2163750226378
254.3572034301536
254.34030888129732
254.336465612617
254.336465612617
254.336465612617
254.33754309444836
254.33754309444836
254.53550999864538
254.53550999864538
254.53397167576227
254.5521157518573
254.7247090662819
254.73420959092812
254.7366872068107
254.74201378081074
254.7589249400288
254.7589249400288
254.96097843746293
254.9612987283681
254.9431145725648
254.94854309864888
254.9426337674485
254.9426337674485
254.95353645589057
254.95353645589057
254.9932526766107
254.9932526766107
254.99326710785934
254.99326710785934
255.01373999098067
255.01373999098067
255.0009373658515
255.0009373658515
255.01373999098067
