with mode=1, handoff cost coefficient = 1.0
206.6096537217651
206.78123815892582
207.3405220251743
207.51730105964748
207.93504269381216
208.37775090008915
208.79033536883966
208.8641667042086
208.96311428570908
209.11352754417476
209.44999224758593
209.6413399245572
209.86787239724873
209.90163972080234
210.06951275028885
210.19816775456695
210.43433425850156
210.52885480094994
210.58306700856306
210.8973896552488
210.92390768631984
211.01391633026256
211.25570301843726
211.3430933997225
211.39927358868493
211.5355523535464
211.9066363373674
212.05339756937232
212.1856061573973
212.24734063639963
212.27632118078282
212.40827345915432
212.7124581179049
212.77607822135684
212.84019654616202
212.93731793860943
213.05442326359776
213.12086561827795
213.23828546778387
213.58119380703502
213.70333722682315
213.75280160311542
213.84844223543072
214.10538528147498
214.30438389045213
214.39486980640015
214.6710724737342
214.67599661689366
214.76011775730055
214.81304927548496
215.08729715073585
215.31740349012424
215.59408040064537
215.95108083345843
216.02136773079593
216.08992050432025
216.58630674916088
216.81179811894447
217.05954345476428
217.39350602200608
217.8113000259111
217.86036393917692
218.02075129448286
218.2350323088473
218.43731651111437
218.52649848934513
218.55372334386612
218.67232390750615
218.70746069512418
218.7456165206857
218.78688787181997
218.89702920335904
219.16292274908784
219.30504302347347
219.3737213938243
219.58087890236456
219.67173605839588
219.87573811218715
219.90610701705188
219.91849680998814
219.95911888142624
220.05609046821098
220.10354457995754
220.1725760995979
220.4452224398566
220.58609883553356
220.71645680370247
220.86433218996834
220.97917797542834
221.0806321687416
221.287156586395
221.51292688970082
221.8560898120194
221.88066715281838
221.9677987262002
222.07041980196408
222.14282038387782
222.29175200088383
222.31251298382517
222.45445188146354
222.59387190060056
222.5926406659638
222.8645652756513
222.92298605502282
222.96062046179372
223.059529268879
223.1411894787095
223.31928305878915
223.30422246354232
223.4412804106788
223.61241177085182
223.71135568223522
223.7452091118692
223.79698038944747
223.92973222635905
224.07521743295862
224.0960203556601
224.1296159204728
224.17433310780925
224.29985166733582
224.4186922673837
224.44320710369797
224.45591479581614
224.53213109343287
224.63087480993397
224.84091523528565
224.86900331263124
224.99964075764717
225.03074086834204
225.26391277303625
225.31572252765045
225.3708747489271
225.36927531926915
225.42466176872935
225.57506282719882
225.60577243045142
225.63487040904369
225.6444071335627
225.67868083650976
225.6761370808897
226.04048406154465
226.0829725333382
226.09957177800933
226.13455283780962
226.29649492683876
226.38250999892392
226.40251039365882
226.4139127926387
226.44383726379297
226.55191734033858
226.6447569837212
226.70225644250573
226.89086661510666
227.01109981825408
227.1156994034543
227.13437864508236
227.28984135148303
227.37161483508743
227.36981968637826
227.34898462863652
227.35951079895963
227.37300471472952
227.44994194472017
227.52946850080394
227.6525192936823
227.66848115159044
227.71194278653994
227.78380984867047
227.84173809919906
227.9450628046426
228.03103561645256
228.16308078549216
228.2984102801762
228.37182120198491
228.43718905762523
228.5127249948682
228.50985374446051
228.5986031253455
228.6133670149776
228.62979961031766
228.7291464414058
228.83723179660967
228.90853280817907
228.9163653633876
229.01553022164694
229.02378412815978
229.18933576186882
229.24687847254742
229.44752306057745
229.47826803082685
229.50639076771657
229.5675652847846
229.56017349334775
229.67680110585968
229.67619272547526
229.69036038279916
229.72281184044496
229.72352756489371
229.77660544311613
229.7601093365016
229.77842577954863
229.85952674044964
229.8692122124664
229.99647349948984
230.0240757713533
230.05183240887249
230.0675794896773
230.24092306429026
230.2541740221314
230.23812367564253
230.2707860337304
230.38357542899644
230.4744595216349
230.64905521095176
230.73207367283663
230.74058657955774
230.86754795709885
230.87582999126386
230.90457852062326
231.105476744243
231.15721847195346
231.2531823503741
231.27432803535498
231.39283184872866
231.41746899308865
231.5039398135572
231.69490997963152
231.71629256770623
231.87022303215886
231.86272086159198
231.85865649758694
231.9783609195989
231.96744531734902
232.0316013894825
232.13488617659107
232.15294746822602
232.25457517865468
232.35870390113635
232.39902971528278
232.57016801378424
232.6407528182835
232.65851224740612
232.71095148959228
232.7039010656045
232.7087576810266
232.71149364610295
232.74103913462758
232.82234995627866
232.8727873058343
232.9484775748186
233.0248179396053
233.07029149697024
233.0835347000326
233.09583531946726
233.12062213366363
233.23990460331825
233.25742837075322
233.29408965772106
233.27852611587863
233.29568123743604
233.34760845916338
233.38514487765602
233.3836331770319
233.4318216294206
233.47353099850702
233.5853854139981
233.59418955470753
233.65926423816464
233.69855099762088
233.7158820529568
233.75508826518404
233.76234538265857
233.7654531313782
233.81907007974183
233.91081733250678
233.97632820947865
234.0145407975993
234.0687213599732
234.08100572556617
234.0825117379383
234.0980198692738
234.10903296529403
234.11240189605047
234.13399609123152
234.1508553056717
234.14589217834586
234.13557557809148
234.1829440859333
234.20159437665606
234.2323386969385
234.32426271997227
234.30430608147802
234.4967966864
234.52735949341553
234.5498246989971
234.51935902551384
234.5273135153766
234.577533239379
234.58820754420955
234.59642830126324
234.6246933562003
234.63183496705133
234.6880871049282
234.78843467266054
234.80555492969313
234.8705484602827
234.96655669047763
235.05824955435781
235.1076615293154
235.13331208780858
235.15485621656939
235.15801914109173
235.19302408291804
235.2188619733457
235.2989698805244
235.34003434434328
235.46059062519274
235.596464328714
235.71708360192721
235.88016333178282
235.9457921816828
235.9543536025775
235.95935402534843
235.9617264906196
235.99402740226685
235.9740353094657
236.0384295088169
236.128866249449
236.196858971033
236.36146581648143
236.38694213602994
236.46655864666485
236.51519096562245
236.51100231914344
236.51116472264502
236.52730328181676
236.51386087301137
236.6633467888973
236.72386467327735
236.72845792511475
236.73520586442442
236.7842043711356
236.83945377033228
236.8372888093345
236.8364691735389
236.92920494777022
237.02913997556578
237.10849737758036
237.10873417776162
237.1121392585817
237.11092644595558
237.30531078770164
237.3805767443151
237.49259298303744
237.5434933150858
237.56133297367782
237.57295273689218
237.57982432869835
237.62160926994775
237.6849130636832
237.85049034528654
237.8846885714597
237.90484990398727
237.91089372485516
237.97479932533494
238.04901971646876
238.17384095806432
238.18586804950579
238.21490671589527
238.21652443294465
238.39722895755244
238.40795324076342
238.5712592067852
238.7388067314458
238.8938461596923
238.9911803949189
239.08125959716608
239.0634722924168
239.0741882660064
239.03921671391663
239.15794304186252
239.1663695816034
239.18995496039489
239.2788319368178
239.38714416797055
239.39686385882973
239.42700689597734
239.61532720230278
239.65646190420833
239.7232204625359
239.8838352602247
239.93421866157286
239.93261763522773
239.9361199087324
240.05327047240422
240.14629679972094
240.2308989359805
240.33974968006007
240.420831982021
240.53126888313582
240.70295640500666
240.7263755086443
240.77093635756495
240.81455788502217
240.86087849680757
240.95727729597547
241.17415601097878
241.24270935561705
241.29995253503762
241.38828954918935
241.58355577080272
241.69173006578353
241.75153879544337
241.91961652183426
241.9460561449397
241.96768316177557
242.10307636112398
242.30579041608925
242.36900208913994
242.44733874406913
242.49599805263918
242.6539394652594
242.73223878412043
242.87894020907552
242.9334699393973
243.03955211785618
243.30256295359035
243.30917853724878
243.43589292294683
243.46841358585263
243.57116436646672
243.61492210601023
243.63337071559806
243.749622216567
243.77431298692306
243.80576093374134
243.8143682356905
243.80365736026795
243.7954281401525
243.8435010252985
243.9606066352186
244.05971453922882
244.1435697824511
244.21577985782778
244.22776508802502
244.22428002498094
244.29251042364422
244.37538394238015
244.52193754515912
244.6416099984133
244.64788912300108
244.67252640118818
244.68002989394665
244.80606922379792
244.82352692671864
244.83283925188528
244.99253181608617
245.0686242060833
245.1256467871413
245.125982101156
245.200173557987
245.1855055076358
245.2348419218753
245.4503277303103
245.53772786376294
245.58622219266624
245.5960722409465
245.59893953467457
245.60971253486244
245.6429561839081
245.71358952129117
245.72748740209593
245.7656906981119
245.88941034881123
245.9727282171845
246.01576952079932
246.0639029939321
246.07033176916315
246.0592195558011
246.1096484238239
246.24021333362887
246.35825940149226
246.35594308492622
246.3620736260273
246.48010505458618
246.4911717281046
246.54785926637493
246.55132795651804
246.594615651326
246.62285183758684
246.65758953418464
246.67003412419305
246.66223382484065
246.66330804161876
246.75090787444788
246.86846183073465
246.88918578455258
246.9211722300046
246.95988754521468
246.96099012653522
246.9690756068296
