with mode=0, handoff cost coefficient = 1.0
206.6096537217651
208.37787990173197
208.37763583438038
208.5177780317828
209.5603532700565
209.8159486456071
209.79965225815977
209.8405927026995
209.93891313193683
210.02273387900968
209.9956206270761
210.52046239448148
211.63380143128234
211.51020533830587
211.52436069747566
211.52436069747566
211.5548013093256
211.66346122414433
212.13090886961854
213.06121787473563
213.15333906109095
213.31342926400333
213.39828127567364
213.4760680233142
213.54758867378456
213.56800022744193
213.54576434504827
213.40868199145672
213.40839105435765
214.09055395475093
214.0568252271919
213.93256467125372
213.93196557961087
213.92744248941503
213.89765324865684
214.01430846225338
214.097936241002
214.15610829402047
214.26831487525507
214.22260206942534
214.22270397072577
214.20196876873004
214.20196876873004
214.93567837559874
214.7183945689729
214.94139584404817
214.94139584404817
214.96866706209312
215.02494494440828
215.02494494440828
214.9265689855615
214.9265689855615
214.9265689855615
214.92586355303226
214.93649322968932
215.68677822120588
215.66424472823167
215.65026486018846
215.65026486018846
215.84259407031928
216.43603440387656
216.50223216326538
216.6106108414724
216.80933567986662
216.94115646043736
216.91759008813688
217.26159993605398
217.26159993605398
217.48200881868067
217.50768709975372
217.529445434961
217.529445434961
217.529445434961
217.83643929672002
217.93569392316036
218.3198692322558
218.27905521397233
218.5481005927201
218.5481005927201
218.51600776965265
218.51581643708133
218.53597003353
219.06669956178592
219.06747515728318
219.6588389436001
219.6588389436001
219.6588389436001
219.87318597650417
219.95175283548642
219.9709983274656
219.9713219108139
219.97499354164003
219.97347070795635
219.97347070795635
219.97402967611953
220.5002457562165
220.8245192788456
220.99052991066446
220.99052991066446
220.9772897075026
221.00944654752965
221.23345843740904
221.4635270907753
221.4635270907753
222.38619917564188
222.42379652649095
222.5927595557286
222.8565805467404
222.9846764364457
223.09578301486025
223.25188611268803
223.6857864331002
223.70217540590107
223.71267451961927
223.71267451961927
223.7126542643856
223.87612918958894
224.74984132284624
224.84209176012692
225.1717664132529
225.0601213165852
225.0605709035004
225.0605709035004
225.3326366350778
225.44375192588961
226.26944582884212
226.3099047122354
226.56803085232008
226.5693199033444
226.94936485655458
226.96032777202333
227.3980027084987
227.3980027084987
227.5347279659474
227.64673374139616
227.66028909954943
227.69163525002207
227.69163525002207
227.53738378298388
227.512736676574
227.36468276050155
227.51838585812095
227.51838585812095
227.51838585812095
227.51838585812095
227.77066139071377
227.77054520604315
228.31216394030116
228.35446604276228
228.3667979711019
228.37483166752793
228.37483166752793
228.99604609148034
229.5300762319959
229.54550658079094
229.36676716028438
229.2808118743858
229.280657639874
229.280657639874
229.280657639874
229.7136625262034
229.8024399947782
229.8462678893797
229.83966126180184
230.06353591930056
230.06290811662262
230.06341460719023
230.1984169108419
230.54115564813745
230.38378265269844
230.38378265269844
230.38335485158947
230.68620987642672
230.67280542959386
230.66050082326493
230.66050082326493
230.67300149263966
230.67300149263966
230.97791672719777
231.39923657165852
231.39970125416036
231.48310929005595
231.50968763908025
231.53192387387978
231.636057683929
231.636057683929
231.9276260778362
232.00178026866857
232.00178026866857
232.00178026866857
232.19366298408326
232.32490220708675
232.32490220708675
232.32490220708675
232.1400398912111
232.29363009882562
232.65170499249564
232.65170499249564
232.63888570406436
232.63888570406436
233.3616674375212
233.29493201186847
233.26389510251687
233.28787306943485
233.42853061188117
233.73000009042357
233.73000009042357
233.90920846155768
234.09103617488648
234.09103617488648
234.1050964981382
234.1050964981382
234.4197815997042
234.4197815997042
234.4197815997042
234.85545612221415
235.31808942810449
235.36260245819625
235.36260245819625
235.59723054479514
235.98211084080356
235.98211084080356
236.57873491251405
236.57873491251405
236.92958570025655
237.03501889918635
237.36183012045962
237.40515125246338
237.40515125246338
237.73373371733743
237.73373371733743
237.73471277888308
237.73471277888308
237.72331531303217
237.80185931485408
238.12894210194406
238.95878679424948
238.8692206340287
238.8692206340287
238.8692206340287
238.83797396339253
238.8505291517131
238.8505291517131
238.84976987998942
238.96424005715033
238.98066438409126
238.96385324602488
238.96265843923476
239.47218302641124
239.47388001441846
239.19396701863678
239.19875587024546
239.19875587024546
239.19875587024546
239.2112922869738
239.30907872450507
240.21156911038196
240.16790830636776
240.1456046111986
240.1796399924888
240.24197330794715
240.24197330794715
240.24028166431037
240.24028166431037
240.24028166431037
240.47319616394054
240.47319616394054
240.47319616394054
240.47319616394054
240.47319616394054
240.47319616394054
241.1893372157703
241.19720058711732
241.19720058711732
241.08899552705424
241.51714745444576
241.69076875996853
241.69076875996853
242.75901311706872
242.71968267118712
243.20866866507123
243.32417732412335
243.32417732412335
243.32417732412335
243.32515661985462
243.3558507700041
243.48655815472256
243.4874241863467
243.4874241863467
243.4874241863467
243.58221747128573
243.525476400128
243.525476400128
243.94166920451192
243.93857137853354
244.2673191003168
244.27782671419686
244.27782671419686
244.74904071389741
244.77930339470353
244.8092039348376
244.9705636182705
244.97069001366776
244.98034096718675
245.12337303194647
245.12982798746444
245.14274195456593
245.02583756770863
245.07970866715885
245.07970866715885
245.07970866715885
245.1120996273477
245.22317935054616
245.59689017378435
245.6726335784062
246.43985771276516
246.48824623820724
246.48824623820724
246.48856211848215
246.54333323292963
246.54333323292963
246.54268824767064
246.51386552282702
247.07943808048566
247.35361409640583
247.4767208052204
247.476793223918
247.50254719109526
247.5201451741085
247.9506829803016
247.94217578418167
247.94217578418167
248.31357885292473
248.12443077838932
248.0809891093015
248.15349401914258
248.18605877011686
248.3519432438722
248.3519432438722
248.4496478751551
248.4627244483905
248.795091900585
248.82781619013628
248.82781619013628
248.91907998669836
249.34741983289135
249.34741983289135
249.37511743182372
249.31378781457445
249.43229710572353
249.7023542348465
249.65217614754042
249.79698836105933
249.79698836105933
249.79698836105933
249.79698836105933
249.83746714145124
250.00846403241488
250.05941995980962
250.05941995980962
250.05941995980962
250.06879285932976
250.29178372701588
250.26819292232622
250.31407957945336
250.31407957945336
250.31414872603253
250.31414872603253
250.6642803974957
251.29305212759766
251.6020963687934
251.57176565619204
251.9745321995012
251.9745321995012
251.9745321995012
251.8864387395614
251.8864387395614
251.9335217429139
251.97254186046888
251.97254186046888
252.10046718385104
252.10046718385104
252.12048037715107
251.94804407196895
252.0067477414134
252.090777265327
252.090777265327
252.10830265177376
252.10830265177376
252.10830265177376
252.10830265177376
252.4072613437756
252.4072613437756
252.49653339716716
252.69863963277777
252.75233896511827
252.75233896511827
252.8620383529031
253.07120262424536
253.12738806750528
253.21124554621426
253.30151546979897
253.5701553312113
253.68541983437444
253.4221994873171
253.77568774727547
254.20353926156545
254.20353926156545
254.20353926156545
254.20353926156545
254.20353926156545
254.19645441928174
254.28766413518935
254.4890975543266
254.4890975543266
254.4427944747982
254.42720024223686
254.42720024223686
254.40247052222765
254.74969460691338
254.70842418398064
254.74921914264556
254.75800126534102
254.73822024294347
255.03155881878962
255.03158391457106
255.04350283041418
255.04350283041418
255.04350283041418
255.25522444409916
255.2547758207386
255.2547758207386
255.3350634809281
255.3350634809281
255.3350634809281
255.87693443689793
255.87693443689793
256.0603772030084
256.4581741971993
256.4547053091512
257.10360229887175
257.0069834702316
257.3431795593098
257.4447810786116
257.4905595315626
257.51097039907444
257.5274464231282
257.5274464231282
257.5274464231282
257.8810159976584
257.8810159976584
258.0609196677238
258.06184888573335
258.17072986195257
258.17072986195257
257.97731127878717
257.9627207600214
257.96310445899053
257.9499781117314
258.2674439831307
258.2674439831307
258.2859883017499
258.14675764985657
258.14675764985657
258.14675764985657
258.38479568999117
258.39055753467966
258.7571924624689
258.7040324021297
258.7712680233638
258.7712680233638
258.7712680233638
258.7712680233638
258.7712680233638
258.7712680233638
258.7712680233638
258.7712680233638
258.77132591328
258.6415174024319
258.6415174024319
258.6587367569929
258.66329220010425
258.66329220010425
258.63014549670214
258.6605487533882
258.7217113566922
258.7664574268673
259.0846964456021
259.0846964456021
259.0846964456021
259.0846964456021
259.08323812113406
259.0853568213199
259.06349343750213
259.06349343750213
259.06349343750213
259.06349343750213
259.02787657651186
259.02787657651186
259.02787657651186
259.0853568213199
