with mode=0, handoff cost coefficient = 1.0
217.52893796957306
217.69969919638007
217.6929565187189
217.87535390810842
218.2020900320858
218.1953285396122
218.24177887562882
219.0780620766106
219.7121867209527
220.45599478655137
220.48263156359653
220.45616203440707
221.60702411211784
221.60491969128523
222.70691011184041
222.71518861281268
222.69076474092785
222.69076474092785
222.69883832446797
222.9366661598685
222.93646990243107
222.93653487596075
223.0402338504283
223.7217092655311
223.7719385777079
223.7698805667639
223.76473574850522
223.76484536429402
224.25979606170094
224.28602982102925
224.46836224590962
224.61580924328123
224.6910244320126
224.86723240806757
225.0788087208546
225.02394911057004
225.03840011639878
225.16914297590014
225.16092169197074
225.56462099679257
226.10949565736254
226.68049076626752
226.6903394736564
226.73696334606697
227.65719158242823
227.5643421765421
227.9948130778845
227.9643066437736
227.9198119436488
227.9198119436488
228.2216869633652
228.2216869633652
228.1925945125038
228.25928459714427
229.39244421535565
229.90367725749618
230.10434263313738
230.10503699830906
230.1175958647733
230.76021989139613
230.76021989139613
230.76021989139613
231.5624087157964
231.6543166870694
231.72807900586915
231.7279746287637
231.7279746287637
231.9062439526928
231.94459867301262
231.94459867301262
231.94459867301262
232.56302483918577
232.94542741352683
232.9455595249051
233.29223419838877
233.67175172023573
233.67175172023573
233.68030105875184
233.68132340640105
233.77386463857397
233.77386463857397
233.74332674028074
234.8335444540275
235.23692812452663
235.4030609288965
235.53127231411474
235.53127231411474
235.53127231411474
235.53127231411474
235.7070592170396
235.7070592170396
235.92749039763092
235.92749039763092
236.85416743299712
236.85416743299712
236.85416743299712
237.5264711391654
237.52649272014722
237.4839735319956
238.30594519390647
238.30608828961886
238.36653550195467
238.36937275826864
238.36937275826864
238.4497470654363
238.25315314058324
238.25315314058324
238.64904124660654
238.67159295941724
238.70610772633353
238.80346984996606
238.79800391258138
238.7997034134876
239.32389218721715
239.92801287083537
239.9297972032883
240.18201755994957
240.1694413865183
240.1716902032331
239.80669940031723
239.85131515637462
240.3500195734002
240.35013263678925
240.27351637517003
240.68244868222658
241.16327993946402
241.50997620243598
241.50997620243598
241.51038235485044
241.51038235485044
241.57410145457263
241.6533218009424
242.35214560617814
242.4428107542464
242.50353058050322
242.49622686477127
242.66965480676598
242.72916080416326
243.3909875939726
243.4051498147735
243.61637893141713
243.61637893141713
243.7150941606932
244.00894179161963
244.00894179161963
244.09122916974133
244.09122916974133
244.09098441170778
243.8571743697791
243.8571743697791
244.02243114419468
244.02244526072968
244.43881875673384
244.5455138322152
244.76708867730142
244.76708867730142
244.91165770560661
244.91165770560661
244.91165770560661
245.04257453308824
245.04257453308824
245.04257453308824
245.14575403433298
245.4252044593036
245.4252044593036
245.4252044593036
245.43043187764317
245.83665797299878
245.84443041308265
246.4546390378591
246.4566476200318
246.4566476200318
246.47490833896887
246.52116231754385
246.53362635493065
246.65551948679493
246.66023002226885
246.66023002226885
247.0253814496401
247.0517392324371
247.0517392324371
247.0162317880831
246.8525845123159
247.09238785680975
247.09417215399887
247.06685560320219
247.5261464597555
247.52606690910937
247.52678884146616
247.5322722386479
247.54884719904172
247.54967969553374
247.54967969553374
247.54967969553374
247.54967969553374
247.61616502084206
247.91311680704075
247.91311680704075
247.91314835953222
247.8501152323655
247.85012831853984
247.86346117995922
247.7934937876868
247.79345085027055
247.93814432638513
247.93814432638513
247.9621167383119
247.98643127053074
247.98642375540575
248.02863248538395
248.67192314469318
248.61316903529072
248.61274932255012
248.61274932255012
248.6842884637476
248.9448710462456
248.97105704850142
248.97105704850142
248.97105704850142
248.97105704850142
249.45434376499335
249.83695182422238
249.83695182422238
249.83695182422238
249.83720543063546
249.83720543063546
250.12791910805734
250.12791910805734
250.2803510181208
250.29705470766515
250.29705470766515
250.29705470766515
250.12237428264763
250.12237428264763
250.11935188137141
250.12999173783905
250.26349410403841
250.991173752224
250.99602110133944
251.23872357145953
251.30292622708842
251.36339884946864
251.36339884946864
251.3635693391942
251.43519729410292
252.14623173383058
252.14623173383058
252.18316440789948
252.18315178475393
252.18315178475393
252.1630035818411
252.62164893632468
252.64920477222046
252.7093776735976
252.66317910391166
253.13539902772266
253.31772372754386
253.38601738798297
253.38624012124262
253.6587275156673
253.6676782262977
253.6676782262977
253.6706046421658
253.6706046421658
253.6706046421658
253.6365439696392
253.6365439696392
253.6365439696392
253.6365439696392
254.17992816650778
254.44610559322328
254.44610559322328
254.44651032082749
255.18471315528146
255.20387850867974
255.45065320655291
255.45065320655291
255.45065320655291
255.4986907222633
255.75451065919304
255.6269499439531
255.6269499439531
255.52702656131152
255.56660980959816
255.91266334610822
255.91591427433906
255.91591427433906
255.91591427433906
256.0235356539737
256.0718697395639
256.32077151452404
256.87360171449444
256.87376662395616
256.87376662395616
256.87376662395616
256.86042355139585
256.86042355139585
256.86042355139585
257.3303586544602
257.35665500677936
257.35665500677936
257.35665500677936
257.66340283938314
257.66340283938314
257.66340283938314
257.66340283938314
257.6698758201978
257.6698758201978
257.6698758201978
257.66190000261327
257.66190000261327
257.92751737442063
257.92751737442063
258.05339025402463
258.0795447627524
258.079456946856
258.079456946856
258.079367070629
258.08018371051037
258.1006996894856
258.1006996894856
258.1006996894856
258.1006996894856
258.4278492637693
258.4278492637693
258.24088807910783
258.24088807910783
258.13166601978713
258.1954590763318
258.1954590763318
258.1954590763318
258.1954590763318
258.23398968960834
258.4278492637693
258.4278492637693
258.4278492637693
258.4973503791444
258.5060385069139
258.8727784661396
258.88496624305407
258.9900518667916
259.1645001092006
259.18933746523186
259.31196011442796
259.34198133595
259.3830507986561
259.3841383386985
259.7521693469729
259.99224625217056
259.99607742390185
259.9992311073268
260.11583898054204
260.13959883920865
260.13965728792806
260.1346795464066
260.1347150310628
260.0575300238224
260.35786146532337
260.3623133963843
260.3623133963843
260.3623133963843
260.36231370341596
260.36231370341596
260.36231370341596
260.36231370341596
260.36221026175156
260.36221026175156
260.36221026175156
260.41217599662576
260.6361948746932
260.6361905710309
260.6361905710309
260.6304502064328
260.6725843021029
260.6872648181595
260.6872648181595
260.6872778694566
260.6872778694566
260.6872778694566
260.6872778694566
260.6781049868236
260.6779942322222
260.6779942322222
260.7134844667224
260.71356988750347
260.71356988750347
260.7231599859005
260.7284817593146
260.7284817593146
260.7284817593146
260.7284817593146
260.6609955191815
260.674725885627
260.67808016311545
260.70874141994454
260.7282188465499
260.73151054748047
260.7168167247432
260.7408665401249
260.7341317834234
260.6457547874738
260.8036267804276
260.8036267804276
260.88087311072644
261.1225308609083
261.1225308609083
261.1225308609083
261.1225308609083
261.29619965150266
261.2974606607307
261.3269293924532
261.3269293924532
261.3270244195552
261.32707938649287
261.32707938649287
261.44115475415435
261.52269938811855
261.5307834008302
261.54141562001365
261.5413562713665
261.5758284379638
261.5758284379638
261.5758284379638
261.57778989396564
261.57778989396564
261.7614569199819
261.76620207686136
261.85149110467785
261.82271592793444
261.82271592793444
261.822759842815
261.8193062813207
261.8193062813207
261.8978454448479
261.8978454448479
261.89758231449815
262.13047681924934
262.12994532915246
262.1036103129803
262.1036103129803
262.10814217304466
262.10814217304466
262.1102284215901
262.1532569269561
262.1532569269561
262.21532353673564
262.21532353673564
262.2002109076068
262.1515684920446
262.1515684920446
262.1515684920446
262.1716901426512
262.1716901426512
262.23013393345667
262.23860059542574
262.23860059542574
262.34025062019947
262.35908266437116
262.5381711783176
262.5471803694257
262.5613229773768
262.5613229773768
262.6801366771008
262.63934576355865
262.65734174740953
262.7203234657806
262.7203234657806
262.7203234657806
262.7275552848315
262.89060057831887
262.89060057831887
263.1133921602364
263.28749893096125
263.2871582686727
263.3091647994645
263.2569256778915
263.26522231997706
263.26100176979185
263.2624920027112
263.2624920027112
263.2623746690203
263.2623746690203
263.2623746690203
263.2623746690203
263.3091647994645
263.33548815731433
263.3410909255861
263.3679944762787
263.3731469489369
263.43438794443307
263.4335970458535
263.43360400502917
263.44023701536486
263.441948709836
263.441948709836
263.4419570270371
263.55278123134343
263.5580385669038
263.6104130474087
263.6567411611919
263.8110142471632
