with mode=1, handoff cost coefficient = 1.0
217.52893796957306
217.55156638667017
217.82272324466206
218.2357502095684
218.338876988388
218.44417475524605
218.46247896125095
218.5273148207948
218.81218197796167
218.97641114020442
219.59929562670285
219.78884322989347
219.82465731109798
219.9561750251573
220.18678207894774
220.34207241513806
220.5661524044703
220.9227204344831
221.08204292381708
221.399477128143
221.5691322616436
221.69270506278085
221.7707410005367
221.9932049098471
222.3343536688624
222.62311105573744
222.89924306013089
223.05211801527307
223.243996790466
223.30364269434526
223.5634439192299
223.86335713632528
224.14078750938256
224.44666734272278
224.58890308845938
224.69315909078986
225.01408635536202
225.12763620009113
225.2092226393339
225.38816924284265
225.56161833195478
225.74706400247013
225.81915586017772
226.13873716455413
226.27562074226617
226.36230074262784
226.5759845477074
226.68004770216737
226.94036595108744
227.0741092570054
227.1077310869093
227.4109980008484
227.6112508304221
227.71487991348266
227.88595280385573
227.8940337398634
227.90056622920372
227.9551588762987
228.0981531909626
228.1070380035069
228.27619705094065
228.71897781717615
228.83497620772957
228.88075932382333
229.0193634090475
229.07604575037354
229.1140757093429
229.33005490047577
229.4283135838381
229.55553701284126
229.59242170296233
229.75387341742476
229.96387706227105
229.97185375564408
230.04299845511676
230.16215779592235
230.38655232858042
230.4315459363465
230.53742864981342
230.77122672934033
230.91914247780042
230.95458143012414
231.00750491620536
231.12120385126332
231.21700258303443
231.27805869136412
231.3104177324608
231.46863648470537
231.88382617172502
232.01984874808306
232.1569536943139
232.17526674365928
232.4320978923073
232.4414108308612
232.58980387980674
232.63300661596256
232.9429001413138
233.08997573408035
233.09700140142382
233.09507349166446
233.21423760904972
233.29366335318485
233.3102408413988
233.47496781075594
233.58441759242814
233.79509167510372
233.97617500051763
234.14162005785687
234.14860246033174
234.18780926645576
234.30849203884537
234.34432961839585
234.50342663571408
234.6185985972423
234.7547261039233
234.8822555814021
234.8938948885678
235.02158993942427
235.0180381436583
235.0678324256879
235.12955635835343
235.14294693724574
235.18644248252775
235.40289795868432
235.53735132499688
235.6743767322196
235.6769046660409
235.71473777151826
235.76769954385009
235.84379999209798
236.01479502338455
236.10804754174617
236.16762487812062
236.26713776697144
236.37090625460897
236.39045451014726
236.3841640722169
236.4892239519012
236.763628224508
236.78176513356695
236.8608364693545
236.88455352401894
237.15166253866448
237.14865223073855
237.1540835407405
237.17782830641914
237.22245020481813
237.37273364076054
237.5074718552931
237.616173641498
237.688183810123
237.87003596390556
237.9115000212474
238.0169364658816
238.0176731313767
238.09148024916362
238.26102665535416
238.2801156501219
238.31660613267815
238.38167429526868
238.41770976884965
238.4244480965998
238.51038364648582
238.5339466761597
238.55728933127693
238.61570849361092
238.70696783152232
238.7803142625716
238.79455592593007
238.84942143676392
238.89455137687378
238.96375807808155
239.00825556173908
239.0633404812822
239.2192363760372
239.369352589077
239.40121573792217
239.500996345391
239.49146452705963
239.5162820419676
239.52550240812627
239.57999565182052
239.5968464231303
239.60924127839854
239.6101658026616
239.60902271967055
239.6506593446466
239.7349060264902
239.8730303611115
239.97948444542794
240.08385574551974
240.40714544512014
240.45141539199622
240.4470482283336
240.5379685762175
240.57072019803553
240.68683960945128
240.76760139389975
240.92005187148987
241.07272428115846
241.08763187165476
241.19054635830355
241.35123626758187
241.37666120165375
241.3946349726132
241.4827764214348
241.60156842059592
241.74288918767414
241.75035006832024
241.8339751412395
241.85378929198538
241.857515313953
241.85927017722503
241.8726145086327
241.91113909726363
241.97514738741444
242.11860898795737
242.14672075658746
242.13285810298987
242.15919988426432
242.2044404750287
242.29591283220472
242.29568408973086
242.29422317267284
242.36294920267727
242.36527725759885
242.45889721466773
242.46560430291422
242.47428087891063
242.5222823188868
242.5151653362002
242.50640591093278
242.50677203250657
242.5353156793551
242.6127310825992
242.79441815026104
242.86749294457357
243.0686742348044
243.07027976655257
243.22901373821736
243.23701907315186
243.33293951686744
243.4227005492279
243.48458871818124
243.50857940979617
243.62152290542403
243.7060354416386
243.83502410498093
243.88446874242496
243.8883720841711
243.87626158378254
243.9588216198856
244.09878813929055
244.15627931746113
244.17225804670022
244.22571197764483
244.21147947702417
244.2060380467039
244.19585260631476
244.23869952507442
244.30257721495119
244.38257657802268
244.40393923290165
244.40645218582497
244.47587668085336
244.49159917251853
244.49146967722467
244.52078639788581
244.5123747556264
244.57175498626341
244.61147235008613
244.76364337699823
244.75490662096135
244.75832054036348
244.78556661372437
244.83148454485388
244.88163756925812
245.00482246839894
245.17683543232968
245.24110662083845
245.31177662647798
245.4798877648755
245.4809339355093
245.4915970760309
245.60922948001
245.6131248346429
245.74018376143565
245.79934937296508
245.8814617276914
245.90368236487163
246.01931881920507
246.11609620934695
246.1149464834512
246.13109329495387
246.11596890272074
246.1523215360736
246.34265073152494
246.3508695879895
246.51351921202115
246.6055929951192
246.65803883065067
246.8036118511204
246.7965807874144
246.79136192556237
246.86112517917235
246.9244371029798
247.00427079320863
247.12012735260316
247.12230225689376
247.272108172635
247.4033239894465
247.40083150705874
247.41798375467786
247.47499665950372
247.63643155300028
247.7206886076131
247.7777832864352
247.84588954859103
247.87753429726496
247.87428135864835
247.89046360438067
247.97326838627242
247.9877288760569
248.03341346105424
248.07159241141412
248.10828297939818
248.3248274462262
248.32584502046393
248.42192830446726
248.52063278036428
248.5224612719303
248.61472897231667
248.6485299108501
248.75367361362484
248.8828926746295
248.89630747304432
248.99953332642446
248.99543725808596
249.02251312904082
249.08161817000934
249.1447774835878
249.20565102591803
249.20765179345844
249.247865336419
249.3676547890038
249.48696755922245
249.56964912526757
249.64636621139212
249.6856576405356
249.70943560269097
249.75616501141138
249.80558952131915
249.8418449570831
249.95423354157057
249.9767639963406
249.99976556956574
250.03188899496493
250.19009929528846
250.2544305267904
250.265542558772
250.4473585979191
250.59382388421798
250.5657733790539
250.8281569939418
250.9544988846541
250.9238328754024
251.0363979805703
251.1675806382399
251.1902062557958
251.17332337813056
251.15386545765162
251.25171009621036
251.29666345281294
251.30896506912998
251.45703840201196
251.4576560116971
251.55043481666473
251.5756347949868
251.577295594815
251.72400628335456
251.70065625695108
251.7206376309343
251.75851528182025
251.78943727627055
251.8068202049706
251.816366600303
251.84203855963662
251.92582015890937
251.9279746419789
251.9572244740088
252.03079308986676
252.1129108354572
252.15178022531404
252.19487749328334
252.28360693349245
252.3617198967712
252.55130849380294
252.53880445943616
252.5490325371577
252.5532350402734
252.60823664532305
252.58940016565356
252.59409997661604
252.89002655518658
252.92388881341557
252.95669012510146
252.97194309194984
252.9637990175192
253.16851125395158
253.18358381846818
253.26695087519798
253.40976916175765
253.5443770205972
253.57922020347036
253.5719735464812
253.60986290626937
253.60375655697828
253.60204289859908
253.61382190275012
253.68680601625454
253.82192800960112
253.8272005679144
253.82451626090403
253.87671800063765
253.89995839217423
253.91559740347034
253.91206406021308
253.93173866202966
253.93064422438604
253.97647997486342
253.993873479651
254.09865061367216
254.1666312927223
254.18470599705086
254.26290760302163
254.3372583034292
254.36854619799237
254.50319206186003
254.56580478114827
254.56726487456586
254.7027063135134
254.7633327063919
254.79133673498217
254.92824076269912
255.00658830926417
255.0687117127066
255.07487847354267
255.12470671709295
255.12279149007193
255.117482145322
255.13310614895968
255.2247509020215
255.2556387220166
255.26851244039628
255.28557655735685
255.28551611059325
255.27458005104708
255.32528903247382
255.32623437146523
255.3180151842617
255.39987130889756
255.44205920385363
255.47615181351503
255.58827630084608
255.59391265208768
255.59638410866333
255.5929822692326
255.6302067922568
255.60805493561202
255.61740811821025
255.60894834607655
255.5773725607534
255.57961709912564
255.6106791518752
255.63019595153304
255.63634453423322
255.59863153656727
255.76000075875368
255.8876821352665
255.97279066700472
256.03305095339607
255.99861167449805
256.10812738416644
256.12756573150256
256.14052449816694
256.15892475792054
256.164880037488
256.34423402197353
256.3618685820813
256.3875396190701
256.4594687394331
256.46356018576137
256.55038274517455
256.62226342060234
256.6964692993942
256.75464364648053
256.86471042383687
256.86590036504185
256.90591215941424
256.9291348126176
256.9767525618845
