with mode=1, handoff cost coefficient = 1.0
175.06487558035948
175.15582780683252
175.43454605212415
175.58967426410143
175.79430707707456
175.86832023370619
175.93202681013622
176.06543684279399
176.1379722542235
176.317805816495
176.52277270408183
176.56304852472422
176.64336723684985
176.86687359634516
177.02326354838024
177.10569825446586
177.34261200046777
177.4853666822421
177.62191623550487
177.72271616390017
177.83062169669748
178.03868292750585
178.25286959503194
178.49263807456745
178.67188168771483
178.80576970052968
178.99941638134976
179.11434401195717
179.23733560593737
179.370600284446
179.59467339737026
179.89685660753042
180.0327415180836
180.28690637684133
180.40805444165352
180.52825098149964
180.6403735722975
180.78598143137992
180.813726104675
180.8882738703072
181.03914574467822
181.1804714406932
181.26651884214343
181.30003513380868
181.38036253356512
181.51020292257996
181.58113674624667
181.6902090425271
181.7869629684871
182.00906433514353
182.09867038860165
182.3536852389792
182.42201520431718
182.5452661933321
182.71049438820222
182.73682941307533
182.81764424154056
182.95737310885042
183.00790213750167
183.15836002474504
183.27886228493898
183.4483861297311
183.59312073197833
183.68106909248218
183.68690938343036
183.67725845923437
183.7233466359227
183.8081907831981
184.00872640478502
184.11115176334852
184.21549045792162
184.27358845342897
184.33842899902626
184.44868450244283
184.4950616833232
184.51378162363054
184.5488565563458
184.6377151594649
184.7664329957628
184.90538577739093
184.92536895488948
185.01142514960708
185.051589886017
185.2124656307966
185.33984343901957
185.34092299492596
185.50839534975546
185.65092618032796
185.66575823177718
185.81988270905057
185.9307551016952
185.9392145482869
185.99748760714414
186.30541254326002
186.35581953385585
186.4184404302463
186.4913345103044
186.55977527440945
186.69373910634047
186.789609612631
186.85230383811304
186.85903347870246
186.86570697710624
187.0592279355521
187.14339039625332
187.20856369056017
187.22236931325835
187.2133333604474
187.29073304642307
187.3738212287622
187.4280730705051
187.43937925119036
187.50074670569225
187.50447906074834
187.5491586004502
187.72152986394636
187.93620914971396
187.94155194181477
188.03551425400772
188.21173462405054
188.28527281537887
188.4178566608035
188.4332882046516
188.50735344563572
188.61338236723935
188.74181648065837
188.76147577449876
188.8146160552874
188.86804622276316
189.09857079073558
189.15026773825278
189.25282476582046
189.32265551690767
189.41079203536378
189.594179721709
189.848755891713
189.8506208651821
189.90254451306527
189.96764588231338
190.17649512009638
190.21355563624425
190.3438409682029
190.36745523574695
190.43885451113454
190.45472416935627
190.5298861826101
190.63354955358784
190.70577214933886
190.70871520204415
190.8189587898504
190.95074547774396
190.95980875430672
190.98059250128895
191.1537392917712
191.21753302561288
191.42525099536243
191.47618208709218
191.5571757702307
191.60390422993908
191.63688006919838
191.6698654796039
191.6728719411536
191.72081493596227
191.73666749801916
191.757410645969
191.76265531497725
191.81329908639577
191.81614081890788
191.8820703751798
191.9063319958977
192.0046078578915
192.0132048414702
192.0247435777294
192.03398891249006
192.15345264704573
192.1473544665793
192.2825879459788
192.2851431134496
192.37288961339695
192.44801139020575
192.69207624192208
192.7532137288289
192.79672398867893
192.91890483722057
192.92963154221854
192.98471552361053
193.02130810871904
193.0215398323467
193.04556505961958
193.09470934257772
193.19898910209722
193.21666249726835
193.33792902432282
193.34356241994863
193.4590319622904
193.46289498883274
193.50934521215743
193.53527386504027
193.5368353128136
193.54984135260096
193.65121750047845
193.6918254256943
193.75725089105458
193.85678136682736
193.8947978640233
193.95801358621785
193.95841880710853
194.04583413363304
194.0322454418594
194.0837316074215
194.08541848588698
194.10541596582405
194.12554434594406
194.1909117939512
194.2839329757942
194.2914748213568
194.34989270118882
194.3406769532377
194.37015549750234
194.3751666198291
194.36244142270627
194.40308644250558
194.4196999776362
194.48950508228683
194.52032802609622
194.5570102762432
194.566252597984
194.6040084992702
194.66402278629278
194.726528823914
194.8517903680677
194.85825088592142
194.92309759673273
195.03658449199335
195.11518929403633
195.1764415829463
195.28697756343269
195.29638409993768
195.29267738824194
195.38636757458676
195.47269346791154
195.48067246598458
195.5637123901687
195.65872929842908
195.66525015453976
195.73934735028965
195.7697286110582
195.79197733975852
195.8238719054824
195.82467051575844
195.944495177367
196.00028364780638
196.11720076367106
196.1159495543169
196.1061469970408
196.12030938388133
196.15180293258
196.18794779265602
196.2109877105366
196.28519597985488
196.28697379487966
196.34316023633392
196.41617580131256
196.48501832810084
196.48306277109225
196.4887593076845
196.4874280507066
196.50947165574502
196.57224416950186
196.59819962821345
196.61646657541246
196.62155638648468
196.61972516626463
196.67405355922054
196.75404777489865
196.74833104770693
196.8173377955778
196.8200318287942
196.83703529577588
196.905459601376
197.0156060419063
197.0386261946044
197.0930267498988
197.19643947452238
197.24277187548293
197.25891134099948
197.30081942751647
197.30626656806527
197.30913572902128
197.32418182895245
197.42015352296127
197.50974307218428
197.61285457152405
197.65821551442718
197.65949302694085
197.72923362578612
197.72159427508672
197.72438261014554
197.72119547709372
197.79120331057766
197.89139333978034
197.95661074313114
198.13910096712874
198.1894757157567
198.24433349731174
198.24978429315215
198.3054197952875
198.3336039573032
198.38359799789882
198.39358621378972
198.4176908424016
198.48991683661094
198.61378838372448
198.61445153710633
198.64252801735708
198.7646307568266
198.82281837504792
198.8224424728745
198.8691253290654
198.97708850306432
199.0372328578652
199.07255618489387
199.13364709105372
199.1352191285043
199.15176186662677
199.15294184646507
199.1624435279409
199.21546336251137
199.26736612487926
199.30293380849727
199.35850947284052
199.3445187943586
199.4188192231404
199.46448368914153
199.53821286212963
199.6038217492107
199.6429558945316
199.69960582536103
199.81231417498873
199.8053134665891
199.86253823956434
200.03636532378295
200.040828552107
200.0622633087004
200.06772674934524
200.180472598007
200.31263858662956
200.38318075457934
200.40948985144988
200.47627634729218
200.4773761639575
200.4801469218828
200.60537347121036
200.65241651058716
200.84825463955417
201.02351213907266
201.03323304215678
201.03281296973114
201.0407119440403
201.0436973008603
201.0940595180358
201.09551431880172
201.09999568372126
201.1523587191663
201.26253071823194
201.36626425506594
201.4319908225833
201.45196628215191
201.52575299159076
201.53341212937525
201.53261312103905
201.52574382205285
201.53477953055278
201.5397523645745
201.53456089172133
201.6032849004217
201.600413954929
201.71350614500068
201.79660813453197
201.92094792556878
201.95049356733102
202.00696241673685
202.15403440214
202.18984021992955
202.18221531502613
202.18220493304025
202.30414600781003
202.34784363518685
202.33512518716148
202.33808848868014
202.40163899585102
202.46600717978754
202.55340210211264
202.74108451497025
202.77930614546065
202.82829763088793
202.82538962031222
202.88310508457008
202.90178832871607
203.02263389238618
203.1335488142665
203.288023260912
203.32382844555778
203.3884254154878
203.4009233037896
203.49279586849642
203.59061389814445
203.65789366499857
203.80188469414037
203.85217950236142
203.95858446967586
203.96343027878177
203.96557161098374
203.96981471273088
203.97469268908407
204.12168079781668
204.17994765229867
204.24886780247127
204.30764085458927
204.3232990953115
204.33085993192225
204.3684221450921
204.42371428065587
204.50637309740247
204.52060296166826
204.53926079817606
204.6368751218816
204.72609079143794
204.83848683996845
204.82540179188072
204.85929780930928
204.8614823757611
204.9014928523175
205.07982026144632
205.22678598819746
205.23349090395703
205.2427282606115
205.29979750010926
205.3301444298571
205.31265441561678
205.43982809285063
205.452596152817
205.63831709297187
205.83767577982354
205.8631238579876
205.95841108910568
206.0114085180948
206.0327693317758
206.06373988587887
206.05653268407852
206.1048678644635
206.10949031226042
206.1552061188238
206.2016312796043
206.21270071001427
206.28521426385106
206.3832930457968
206.38869089738046
206.41644333847748
206.629320264317
206.6297917134611
206.66851962415004
206.84271523859064
206.89705663484395
206.93091738958742
206.9304659571002
206.95800132714265
206.94919284268647
206.95271976531902
207.1220897987572
207.18206364640935
207.21252601186023
207.2249065374594
207.22560723672424
207.25847103713312
207.27144624594357
207.42199400744244
207.4451975628942
207.4608223462828
207.49449105419964
207.54617056428344
207.6278834856481
207.6589650395669
207.67385820127205
207.67672788850817
207.69980917524475
207.68151014047078
207.66926423274276
207.68154447710714
207.71403346733376
207.72024478746187
207.7619044594589
207.76071270390565
207.817428099456
207.84590853534377
207.88005861389897
207.96525391991634
208.01367098505767
208.10265513610165
208.11011957899194
208.2059611033329
