with mode=0, handoff cost coefficient = 1.0
175.06487558035948
175.10326294880173
175.10791812331286
175.10020721089668
175.10020721089668
175.14210094588694
175.34295589670975
175.96262625371762
176.4177623345316
176.47856766096845
177.10343091084312
177.16383533064126
177.60939242661107
178.0721806967509
178.24129896841302
178.40974272322453
178.42023996161905
178.41813780311585
178.33426851501932
178.3305322151402
178.37039963647462
178.96353587434507
178.88776620183606
178.88769880703953
178.90336512891972
178.97913480142878
179.50903616120775
179.7549594119884
180.4373519622827
180.55398553680027
180.75375866102934
181.47646062428691
181.961160013706
181.96113990410782
182.1192842515574
182.16242656858358
182.16242656858358
182.36812923230266
182.77248281556942
182.95943956853495
183.01281151361152
182.9997353724178
183.0668463875355
183.27938232463387
183.28522430612128
183.28522430612128
183.69132560091873
183.6723452314058
183.71036618833
184.48555070376887
184.46539533121233
184.48597813029107
184.48504346996785
184.48477929384495
184.48477929384495
184.76860106431306
184.90250920393635
184.94094028254784
184.97084898827478
184.97084404862994
185.3296642491233
185.3296642491233
185.54928168658387
186.25770944599674
186.31444788033826
186.3178830770225
186.32857781388736
186.56520918347408
186.56566802816192
186.57449707947725
186.63087533250754
186.63641658129515
187.4380987081989
187.43450533539365
187.48366397468988
187.51516032745843
187.96300408870135
187.96300408870135
188.1920662445551
188.7623718194927
188.78217467310557
188.78217467310557
188.62701591570024
188.62701591570024
188.62701591570024
188.62701591570024
188.62701591570024
188.79569508351236
188.79569802401008
188.79569802401008
188.7763857290088
188.78456533665505
188.78456533665505
188.80457170262395
188.7789354311052
188.76948963895984
188.7694545007784
189.02429489330456
189.02814444894153
189.0871274377442
188.9586373922761
188.89651958344427
188.90823458440423
188.93683517526102
189.075708051427
189.0906960449879
189.13983748775394
189.18072497722272
189.3551414111937
190.13938517505932
190.07525573873238
190.07523358258305
190.07523358258305
190.07461453528964
190.07411265945882
190.07877311762815
190.07877311762815
190.07877311762815
190.07877311762815
190.13938517505932
190.24659186126348
190.25449888016203
190.2410169376436
190.327524164087
190.35646510049145
190.41570534621056
190.64244944561182
190.70276176232105
190.72543804763455
190.7423143252913
190.88566995733368
191.0815999975038
191.2079258135669
191.1835475528293
191.1535336998506
191.15344065159698
191.2824848161959
191.28239554550692
191.29497072129823
191.27633806838242
191.27633806838242
191.2795501645183
191.2795501645183
191.27953106758486
191.28358360395953
191.40118648368733
191.40118648368733
191.41791326077626
191.41791326077626
191.41791326077626
191.41791326077626
191.52435183348766
191.54804454660493
191.67693791967545
191.67693791967545
191.67693791967545
191.68560992206457
191.6881776167653
191.6881776167653
191.6916888398958
191.6922302439353
191.6955974758585
191.77078843330074
191.78992796772647
191.79007672765684
191.79007672765684
191.78193280612354
191.8041597021306
191.8041761252617
191.81093292473096
191.90798678052667
191.9929659053386
192.00821130726493
192.1449032580066
192.14492235494004
192.2944548719154
192.2921810451914
192.58183341762924
192.68495537353456
192.95003034899258
192.95006470765503
192.99227896604927
192.99227896604927
192.99227896604927
193.2519302999634
193.3979535291269
193.39798992738773
193.52876484826126
193.52876484826126
193.61949623161286
193.69106189915883
193.71213614300123
193.71213614300123
193.72722360782424
193.989555850102
194.0079745868025
194.11470895289818
194.22610848918183
194.22610848918183
194.37772432954867
194.42808589248165
194.43726920284058
194.6865377211849
194.6865377211849
194.68656120267175
194.68656120267175
194.73896787152987
194.73896787152987
194.89557707130587
194.98437465065805
195.26139535540685
195.32522109429547
195.35062505906453
195.35222612790167
195.35224402922475
195.3522100204821
195.35619430855573
195.3640797410168
195.3640797410168
195.3409416814517
195.35824965959503
195.36237562671818
195.37161511628887
195.38490649762122
195.39890909818843
195.4204341841662
195.5643628652478
195.745423962396
195.745423962396
195.745423962396
196.00994866665235
196.00994866665235
196.00740443789994
196.0603488167245
196.06304049741465
196.06533165142736
196.1053498526787
196.18238310278164
196.18238310278164
196.18238310278164
196.25775174769353
196.25775174769353
196.2613696077279
196.2613696077279
196.2643246918563
196.2643380198453
196.33768142623472
196.34393262451187
196.40168645660899
196.40168645660899
196.40165511635897
196.42676634269984
196.42680400147898
196.41723680401913
196.41804090943484
196.42374911090872
196.42474846871502
196.42925127752557
196.42942959910275
196.56045936735742
196.85344338783958
196.85344338783958
196.84766579135697
196.84766579135697
196.84766579135697
196.84416589534248
197.07497276227852
197.08530016810178
197.08528283712843
197.09374596800194
197.10501676859136
197.13231259772513
197.13231259772513
197.12235435605464
197.09661062664242
197.09550704251504
197.1159116535907
197.1159116535907
197.11590586611507
197.1328906228688
197.1328906228688
197.12871895932741
197.14388697074844
197.1448843232161
197.15509985608054
197.40189254674388
197.40189254674388
197.40356260518843
197.39934277988095
197.41677565990182
197.41269635496212
197.41269635496212
197.41269635496212
197.52454035736463
197.51768931836307
197.65815014800637
197.65815014800637
197.65815014800637
197.65815014800637
197.66613398570524
197.66613398570524
197.75978979243874
197.7860507817453
197.7860507817453
197.7860507817453
197.78771912366904
197.78834013077926
197.84048833526944
197.84075545601598
197.84076530470006
197.84083869091643
197.84083869091643
198.13965565690592
198.1398562237178
198.14222952386683
198.14319557791026
198.14319557791026
198.2298996020725
198.36309501420268
198.36309501420268
198.37737074829462
198.37737074829462
198.51381600524488
198.74748481956635
198.7475369002846
198.7475369002846
198.7475369002846
198.74754161505163
198.88542929657422
198.88542929657422
198.88544698336486
198.88544698336486
198.88544698336486
198.9980307704199
198.99787124067342
198.99787124067342
198.99512290913094
198.99598383460153
198.99598383460153
198.98911234557698
198.98911234557698
199.03546228145515
199.0796651530628
199.0796651530628
199.1092475380909
199.10398582625768
199.10398582625768
199.0815964087776
199.08073548330702
199.2251604502472
199.40599440021867
199.40895969265605
199.40895969265605
199.40895969265605
199.544035412182
199.54404760251128
199.72082471392594
199.73206381774074
199.89949812099093
199.89962864870208
199.89962864870208
199.91838191967565
199.97823316848158
199.97818866608984
199.97818866608984
199.98246164762523
199.98524929546127
199.98524929546127
199.9529750800371
199.9529750800371
199.9570038051638
200.02704597377965
200.02953125363848
200.1872997704384
200.34925506002077
200.34925506002077
200.46061945937333
200.46061945937333
200.62238629867323
200.92695551647503
200.92531334586832
200.92531334586832
200.92531334586832
200.92531334586832
201.04984609871195
201.11668000482243
201.15249351565222
201.11976284414928
201.11841393028746
201.13094419695094
201.13094419695094
201.14313844078484
201.14530629044324
201.1671919345098
201.16493053523433
201.14175165128572
201.23239469032504
201.22666899813933
201.22638019392687
201.39661173537624
201.3934493267422
201.38777784054417
201.43550767189635
201.46773795738721
201.6471248607176
201.77424702051246
201.73133549129773
201.78194645260578
201.791161669867
201.75805313332177
201.75805313332177
201.8324972367613
201.89254787077408
201.86154148906314
201.86339338410374
201.8782092218916
202.03711520145745
202.03711520145745
202.03711520145745
202.03780417518578
202.04254894832508
202.04259960441752
202.04477223539192
202.00578032632794
202.0041269208709
202.05538659546488
202.25090542719033
202.39514367026726
202.40345910661583
202.43034874604862
202.4392698482895
202.44102575927462
202.66420925702263
202.66420925702263
202.91965791902405
202.908271979624
202.90415495621082
202.9063125582959
202.89907439968394
202.89907439968394
202.89907439968394
202.9245178050714
202.9245178050714
202.9229264050401
202.92294477471975
202.92294477471975
202.92289916647846
202.92447809675878
202.92447809675878
202.92445868243968
203.1403163464184
203.2732427815361
203.2742357054243
203.39516730381777
203.6287322158417
203.75748308279665
203.76043801358617
203.7654716369513
203.7654716369513
203.7654716369513
203.82740011626828
203.84607716395718
203.98491540584294
203.98491540584294
203.98491540584294
204.1837187129881
204.27020518330698
204.26838574899054
204.26880433287863
204.48767915277486
204.44831457378362
204.58670027606982
204.61440774587146
204.61440774587146
204.63345436729594
204.64090618123328
204.77365589916297
204.94726212768265
205.1655514547785
205.16630081393558
205.1406553065672
205.42684545400743
205.64497328255618
205.8720603889703
205.87208150066675
205.86441336321536
205.86441336321536
206.12689623468995
206.19313470662
206.36152297506604
206.3862446417819
206.3880229255917
206.51857767584556
206.51857767584556
206.51859132070467
206.51859132070467
206.51857365604448
206.50631516498427
206.50631516498427
206.50626220854642
206.680469411707
