with mode=3, handoff cost coefficient = 1.0
175.06487558035948
175.4694078855118
176.31582592478097
176.78652009791804
177.14044663681116
177.4579844552069
177.86294261212765
177.8820816040025
178.43974565122414
178.43974565122414
178.95583792050576
179.21587367867363
179.53885877667992
179.64888040604592
179.8706061656797
179.9309273955717
180.10466757705288
180.52480495211617
180.72797810384557
180.7279599986042
180.83880539318912
180.83786279688888
180.91956048702002
180.91953860658725
181.00516812701113
181.00516812701113
181.0051493699738
181.0412234579006
181.04081294401712
181.07065513147762
181.07062491214285
181.07065896969897
181.10411988617986
181.55436612399728
181.58167283457942
182.35584690706787
182.612848287161
182.73127198685395
182.73127882356735
182.79463585885293
182.9726314408864
182.97269640471245
183.70120808984086
183.70105066636475
183.6980090959906
183.7053110154459
183.72094099865535
183.72125697697862
183.76311849986322
183.7946208332464
184.3095381459157
184.30933092501866
184.3583543152885
184.36886560946434
184.383799570552
184.44011957930283
184.4401028672867
184.99021387406927
184.99711815991625
185.32527569952697
185.37317093399315
185.5268138671878
185.75061788146803
185.75059964054844
186.13923138891505
186.36453218217017
186.87515806579586
187.52664546166872
187.74789149251754
188.40640853186463
188.83713274736897
189.45134730479003
189.45146501639442
189.64666763327926
189.70198296276584
189.76290930116
189.84078617050113
189.96159064810894
190.71663007341144
190.75024667511522
190.82307329612843
191.15736927793452
191.43975553608672
192.04301239584362
192.08709556628747
192.08959680024748
192.08948499349015
192.0891858889786
192.08931566845047
192.1270070748857
192.19356271256916
192.19356271256916
192.21604376467775
192.87979794794467
192.9045913952139
193.3644016781746
193.48495893444135
193.52410541777533
193.52402172619014
193.65353026774076
193.79659396536147
194.29125063245635
194.3231301400279
194.3692743045633
194.3927755399032
194.39283424400975
194.40056547961183
194.4004197053194
194.40430446526813
194.404378876654
194.46683515826592
194.51397918127012
194.56785538744668
194.58583103587077
194.61425380698586
194.66443954240037
194.94313557876188
195.54615254814018
195.546381026276
195.56454782001822
195.5960818709164
195.61233282079328
195.61527329616752
195.61972810732726
195.6071906366958
195.61937986392869
195.6281521447843
195.68064423155843
195.67129662641298
195.83431883122617
195.91199343430597
195.91760776167715
195.91854511544548
195.91852759159292
195.97668430200645
195.99605364786316
196.00704723783315
196.43346770174696
196.434471204942
196.44108893877868
196.44102824760057
196.45759252160224
196.4643985172235
196.464403180348
196.57813484087987
196.57897177378234
196.8814434660484
196.88141808506066
196.87054175694257
197.10919155330873
197.11721100980455
197.11757631112164
197.12013005650755
197.12014184054044
197.14175219227155
197.14221193881383
197.1436659577407
197.1446408905001
197.25077243727273
197.249941728649
197.25361119707938
197.27130188152748
197.31633250680716
197.3548744918092
197.35486107252308
197.36387661881417
197.36738042317364
197.36784194502127
197.36781538852296
197.36781538852296
197.37173753739955
197.37150864947745
197.3756368497597
197.3770310602302
197.37732824190516
197.37823833660445
197.37801848305406
197.37801848305406
197.37801848305406
197.37801848305406
197.37801848305406
197.3827910018278
197.3837769711467
197.46947346313442
197.46941926851852
197.4693134779981
197.4802775967053
197.53096875696392
197.56286246018382
197.56888723989312
197.57188243712278
197.57256662096455
197.57539820055507
197.59955929322098
197.59785322633982
197.60455728966096
197.60484358431526
197.6045953212232
197.61995953007218
197.62011041823575
197.6222010378671
197.62236487298955
197.62239740519638
197.62938037648414
197.62973949477143
197.64767402923567
197.64763175044286
197.65637987166835
197.65882107480857
197.65885752784052
197.68929533435656
197.68630633706155
197.6952717237729
197.69642713766106
197.7026190614662
197.70255866942065
197.70240269730792
197.70231290317017
197.70231290317017
197.72491534608633
197.7250059464332
197.7244959969305
197.72451054680613
197.72451054680613
197.80774388663406
197.8111550567614
197.81719046981527
197.81606106932708
197.8212315418878
197.82091376007952
197.82091376007952
197.82091376007952
197.83166480465124
197.83404916353754
197.83599120973858
197.86988936105672
197.8658490596288
197.93547031298422
197.93537257422608
197.97090734146485
197.97158264333567
197.97921838424926
198.0925064464983
198.09214407610975
198.09214407610975
198.0921448297319
198.0921448297319
198.0921448297319
198.0921448297319
198.0953689082342
198.0953689082342
198.09536995017345
198.09534775242307
198.09534775242307
198.09534775242307
198.11291559765317
198.1124854532094
198.12590654687486
198.1259972212009
198.12601019824194
198.12601019824194
198.12601019824194
198.12601019824194
198.1283632467745
198.21836302466613
198.21869943574913
198.2186424451968
198.21882108874226
198.22540787304897
198.22815647156537
198.2438041935884
198.25392397309923
198.25135436330302
198.25146054657068
198.25148979403787
198.25532057567705
198.25473142479044
198.25794256302555
198.2585299715263
198.25903963001977
198.26415689367923
198.26652638421723
198.2641262750067
198.26411492578433
198.26411492578433
198.28052699823058
198.28043805182875
198.28039642005544
198.28272618519946
198.28461046325626
198.2841463930898
198.28621449149185
198.28607239814502
198.28879202339286
198.32013784318534
198.3201215034085
198.35627647972998
198.35683073714424
198.3598790474635
198.36839198587225
198.37163669800813
198.37140846521115
198.37172516803818
198.37172958895715
198.37172958895715
198.37172958895715
198.37172958895715
198.39271472770892
198.39286141868342
198.39292453569124
198.39236206361537
198.3953704929541
198.39544846374824
198.39544846374824
198.39710560147853
198.41313909249712
198.41277850252197
198.41277850252197
198.4144441683734
198.4144441683734
198.42438623315667
198.4216675733067
198.4206770617203
198.41947592401203
198.41947592401203
198.41947592401203
198.41947592401203
198.41947592401203
198.41947592401203
198.41947592401203
198.4318753221397
198.42870971377585
198.42870971377585
198.42881247272823
198.42881247272823
198.42881247272823
198.42881247272823
198.42881247272823
198.43137214856895
198.43124989329627
198.43133452815928
198.43126275846495
198.43126275846495
198.43126275846495
198.43126275846495
198.43126275846495
198.43126275846495
198.43126275846495
198.43126275846495
198.43126275846495
198.43126275846495
198.43126275846495
198.43126275846495
198.43126275846495
198.43126275846495
198.43126275846495
198.43126275846495
198.43126275846495
198.43126275846495
198.43126275846495
198.43126275846495
198.43126275846495
198.43126275846495
198.43126275846495
198.43126275846495
198.43126275846495
198.4340620214423
198.4429270183252
198.44175166795165
198.4469248929718
198.44697280413104
198.44725041958057
198.4743889608727
198.47558267592035
198.47584586384275
198.47579934957923
198.4909848311997
198.49107439877736
198.49195895877395
198.49179335700293
198.49179335700293
198.49179335700293
198.49179335700293
198.50321190568374
198.50393237556992
198.5039474168453
198.51752084561642
198.5215097122666
198.52303100508757
198.5230744119011
198.5230963724531
198.5230963724531
198.5230963724531
198.52630456583276
198.52700940755184
198.53034412132132
198.53049510826017
198.53045844128917
198.5326185839766
198.5354373683261
198.535573809678
198.53536562858616
198.5353144885217
198.5353144885217
198.5353144885217
198.5353144885217
198.5353144885217
198.5353144885217
198.5353144885217
198.5353144885217
198.5353144885217
198.5353144885217
198.5353144885217
198.5353144885217
198.5353144885217
198.5353144885217
198.5353144885217
198.5353144885217
198.5353144885217
198.59706445177326
198.59694265278677
198.5956359190452
198.5926206775888
198.5926206775888
198.5953653260781
198.5953653260781
198.5971477342611
198.5971477342611
198.5971477342611
198.5971477342611
198.5971477342611
198.5971477342611
198.5971477342611
198.5971477342611
198.5971477342611
198.5971477342611
198.5971477342611
198.59786561356094
198.59786561356094
198.59786561356094
198.59786561356094
198.59786561356094
198.59786561356094
198.59786561356094
198.59786561356094
198.59786561356094
198.59786561356094
198.59786561356094
198.59786561356094
198.59786561356094
198.59786561356094
198.59786561356094
198.59786561356094
198.59786561356094
198.59786561356094
198.59786561356094
198.59786561356094
198.59786561356094
198.60103105322216
198.60181332902792
198.6018103905841
198.60255522975132
198.60255522975132
198.60255522975132
198.6845523243774
198.68499635127964
198.6861122354963
198.69056927521086
198.69056927521086
198.69213308457083
198.69213308457083
198.69336219655509
198.69386216473566
198.69386216473566
198.69386216473566
198.69386216473566
198.69386216473566
198.69386216473566
198.69450508840745
198.69450508840745
198.70531772697822
198.70642584989034
198.70647302642928
198.7115373466061
198.71185428204865
198.71210106440265
198.71222582743715
198.71222582743715
198.71222582743715
198.71222582743715
198.71222582743715
198.71222582743715
198.7141284098873
198.71611742205954
198.71555191752364
198.71566972469185
198.71566972469185
198.71566972469185
198.71566972469185
198.71566972469185
198.71566972469185
198.7220533867567
198.7220731981898
198.7335378381429
198.73759666769521
198.73759666769521
198.739658740789
198.73964083269314
198.73974395814088
198.73983005574465
198.7463138699882
198.74707003970647
198.74708311831975
198.7470733516564
198.74918447923153
198.74991050327623
198.7498981685286
198.7507454288735
198.75228481147573
198.7522881374946
198.75221940847993
198.75221940847993
198.75221940847993
198.75221940847993
198.75221940847993
198.75228481147573
