with mode=0, handoff cost coefficient = 1.0
183.69798406671194
183.6502310070863
183.65003157691353
183.6223330480014
183.74132589275257
183.87082903391777
183.94077390095453
184.33458006577837
184.5289064609163
184.63683277637367
184.4948312480507
184.766853841584
184.86833417180816
184.79241969082443
184.87898092736265
185.09146105880995
185.7340266940215
185.7338623922269
185.7338623922269
186.74411693395243
186.74104567964665
186.73447177920434
187.45732397566093
187.9080205105321
187.80603738229874
188.05660897748155
188.05092225766876
188.05092225766876
188.23805993204553
188.2166703385614
188.27670995614702
188.64887589938886
189.1805003771004
189.26576430418913
189.27874552800483
189.2752701765801
189.2752701765801
189.9607649058529
190.51440187191955
190.5612765212176
190.54332358889445
190.76215167463573
190.76215167463573
191.59148622675255
191.59148622675255
191.66706135199632
191.60685544229455
191.65296966054908
191.65754910569547
191.65754910569547
193.10214878685787
193.11271562264932
193.2977470651928
193.3960442195539
193.4017309393667
193.4017309393667
193.40179791695647
193.43930382984183
193.84198384765432
193.81117047050176
193.91461126214165
193.91461126214165
193.88448759890252
194.11901637381104
194.11968168443207
194.45617678718435
194.8446286906538
194.8446286906538
194.87527841258975
194.87527841258975
195.1715996671553
195.4525309123777
195.4525309123777
195.4525309123777
195.90154612955837
195.8528027267052
196.5624324509236
196.5624324509236
196.5624324509236
196.81441014087434
196.81400777308633
197.15980455637788
197.19100117876022
197.35172542940916
197.35172542940916
197.66600564698223
197.66336454720113
197.66180403888802
198.09402121919422
198.09402121919422
198.97427308821955
198.98468722175846
198.98468722175846
199.40053022977034
199.382980783054
199.4974381036003
199.80603705499016
199.80603705499016
200.25113812852834
200.18230745761844
200.16079379034045
200.16079379034045
200.20105041160707
200.2018770642913
200.16422236160525
200.11204076117693
200.2300230118501
200.26520039029748
200.26021853340717
200.30120172403593
200.2835208190133
200.4159456367058
200.42055275521062
200.42798792157112
200.42474207551038
200.42474207551038
200.6604890171754
201.39507764763215
201.88921521567883
201.8677829035979
201.85344102653713
201.85344102653713
202.08421907775104
202.14290757072885
202.86553463663319
202.83235641980306
202.83235641980306
202.8333856542757
203.00197295875623
203.05490928262915
203.2898782168
203.2898782168
203.29218954212993
203.52793918577666
203.56029333585982
203.56032332812296
203.56032332812296
203.56863943580518
204.2940560878259
204.26082407298966
204.54814737469135
204.67443972672393
204.6802847480113
204.88687424695837
204.88687424695837
205.09835750035026
205.14012890488698
205.14943030895432
205.14943030895432
205.35230596828865
205.36210100899635
205.35494806394857
205.35494806394857
205.35371439183072
205.48499750939388
205.4126545591751
205.4126545591751
205.75507170554602
205.7980289031123
206.07062772632335
206.105259222553
206.1051251371157
206.1051251371157
206.10863091420887
206.10863091420887
206.20887874093054
206.20865163316904
206.78462811942077
206.78462811942077
206.78461468480597
207.01197352022757
207.01197352022757
207.01195727897687
207.01167010386348
207.04420843295037
207.04418434483094
207.09782669671327
207.06421405593565
207.0632226835092
207.0632226835092
206.97589688473073
206.97589688473073
206.95533930324478
206.95533930324478
206.8953867376914
207.27899791257647
207.22133738121852
207.70951204659195
207.70946534326794
207.70946534326794
207.91255744181126
208.09850440757214
208.10397850287148
208.08061365859248
208.08061365859248
208.10600892718634
208.10600892718634
208.10600892718634
208.14656135701614
208.14656135701614
208.14656135701614
208.16409121619978
208.40622989513582
208.68797392983
208.68797392983
208.68797392983
208.64560706445147
208.7631378970441
209.0680872590684
209.08836255408445
209.05175899728908
209.2112313151871
209.29660876496726
209.47651725575534
209.47651725575534
209.4721399602482
209.5038506725407
210.0606740709439
210.01671660390613
210.01671660390613
210.32200171908988
210.32200171908988
210.29917723263662
210.29917723263662
210.56444449864173
210.56444449864173
210.5212736016993
210.59917099187217
210.65171630177073
210.55626191076115
210.55626191076115
210.55626191076115
210.68582427966572
210.68582427966572
210.96444698068353
210.8683549195755
210.86838487998793
211.38949651903243
211.76904898243262
211.76910565828084
211.76910565828084
211.7930729803453
211.79309880093865
211.58200559421533
211.58200559421533
211.58200559421533
211.58200559421533
211.66157498648204
211.66157498648204
211.74849724987808
211.74849724987808
212.073373196867
212.073373196867
212.5942987512358
212.58374461077855
212.58374461077855
212.58378268840653
212.56706718960345
212.56706718960345
212.56706718960345
212.79757429473148
212.84343078796428
213.0161980135884
213.01463182276268
213.2547427442003
213.2547427442003
213.2547427442003
213.26514828326862
213.38828306578318
213.38828306578318
213.40990752467502
213.40990752467502
213.7698348725595
213.82105323620124
214.17576469347983
214.16117569865716
214.1462831903998
214.08538938965987
214.38733057504183
214.36442951336872
214.36448299755423
214.3188939484298
214.3188939484298
214.39557388153392
214.39557388153392
214.66086993085815
214.66086993085815
214.66086993085815
214.9877561362418
215.01497798442114
215.34901033403503
215.65420441756913
215.65420441756913
215.65420441756913
216.1852160626648
216.1852160626648
216.1852533591399
216.3922715301648
216.61986874611918
217.24869713712303
217.24864361474485
217.25567752463084
217.25567752463084
217.5749995418784
217.5749995418784
217.5749995418784
217.58918994139984
217.62074578516936
217.62074578516936
217.6579369349115
217.6579369349115
217.7322772168065
217.93379184925152
217.8887047337689
217.90419963583687
217.903389236365
218.30957616598954
218.32384647129254
218.32384647129254
218.32394492557137
218.32394492557137
218.32394492557137
218.3620477468861
218.61798427986602
218.61798427986602
218.61798427986602
218.61891443857903
218.7739977765913
218.7739977765913
218.77560917249568
218.78861360713208
218.7884534345138
218.7884059795896
219.19087041333788
219.39933453527397
219.33208739318763
219.33208739318763
219.64672510850193
219.65891408621223
219.65891408621223
219.65891408621223
220.09675934355965
220.1062961193219
220.12012344920967
220.11058667344741
220.11058667344741
220.05578285625575
220.05578285625575
220.0662314819003
220.0662314819003
220.34240161656746
220.34240161656746
220.34285804345157
220.33312611873578
220.33312611873578
220.75027542013078
220.75027542013078
220.7410864662544
220.74117473927555
220.74117473927555
221.070378107923
221.45124121732317
221.45124121732317
221.45124121732317
221.45125061370788
221.78596520418273
221.87525981393142
221.81665676564012
221.87020250153515
221.96637292626338
221.96637292626338
222.03356851750996
222.03356851750996
222.06154768766348
222.1969854965254
222.21039895588964
222.52287063723273
222.52287063723273
222.52287063723273
222.93059533151407
222.93059533151407
222.84292868538373
223.06729455392033
223.4335324168908
223.90946784072779
223.90946784072779
223.90946784072779
223.90946784072779
223.90946784072779
223.90946784072779
224.63861611870678
224.63849631069533
224.63849631069533
224.69861610263294
224.69861610263294
224.69861610263294
224.6857662179515
224.6857662179515
224.68615350297833
224.68615350297833
224.68615350297833
224.57499762082534
224.5435446572872
224.69861610263294
224.7004200914565
224.7004200914565
224.7004200914565
224.75160714945568
224.9242778397079
224.9242778397079
224.94418023986856
224.94418023986856
224.94418023986856
225.07890257544852
225.2820410475591
225.28241535133415
225.28241535133415
225.28241535133415
225.4074536496645
225.5376398611079
225.5376398611079
225.71251947669623
225.73560793430434
225.73560793430434
225.8502359701743
226.07149203860598
226.06963317124453
226.06268933527
226.0610144993503
226.0610144993503
226.0610144993503
226.0610144993503
226.0610144993503
226.06112365204578
226.06135323873914
226.07149203860598
226.07953465134494
226.09983230934634
226.10036939212574
226.1164572657027
226.1164572657027
226.115077534845
226.11621537551196
226.11621537551196
226.11621537551196
226.115077534845
226.115077534845
226.115077534845
226.11453481571863
226.12650119536164
226.12650119536164
226.13727453667184
226.14165458120755
226.30690514864648
226.30863018965238
226.31570955439722
226.3136732192495
226.3136732192495
226.36943955830515
226.36943955830515
226.36968993582502
226.36497413732872
226.3626109608495
226.3626109608495
226.6060404321836
226.60617097743634
226.60617097743634
226.6847224446832
226.6847224446832
226.77886356567217
226.7789727679328
226.86199400396137
226.86199400396137
226.87474007119067
226.8978282385979
226.89517714444565
226.90976950904394
226.96089217359088
226.96046757465228
226.96046757465228
226.97138695562566
226.97138695562566
226.97138695562566
226.99610652096698
227.10629288487107
227.10629288487107
227.10731373022733
227.10830938571652
227.10830938571652
227.11703219171247
227.12513637989142
227.12277372417054
227.134811721156
227.134811721156
227.2382528122027
227.24109166635967
227.2357409433699
227.23599449973273
227.23599449973273
227.23602871484061
227.24109166635967
