with mode=1, handoff cost coefficient = 1.0
183.69798406671194
183.96609201073187
184.0687813298254
184.2330543580295
184.50749645984453
184.6663309134402
184.8068601222676
185.09439948760547
185.33971939862127
185.72764219756283
185.81088827350243
185.8856279229915
186.23827356020539
186.3957338577276
186.5589755082937
186.79613062172226
186.93860399745918
187.1187097229304
187.39402237322568
187.7674073254951
187.84017288571602
187.99192754752707
188.216010453095
188.30397443389643
188.59244538164825
188.97313337535422
189.18138786320796
189.2896240324797
189.55491867594566
189.92774655258972
190.0706055566124
190.33706445047602
190.4977437590673
190.58083187929478
190.76715731146535
190.7731762605889
190.90627127558596
191.26429586482303
191.27910015367425
191.47931400490563
191.493390534736
191.71747852521395
191.75540299335597
191.80885467459552
191.86111690476372
191.94281511988845
192.20638218793934
192.28163343826577
192.31000345984822
192.3948809810121
192.49805245058016
192.59419351133732
192.62547576494686
192.83966134652024
193.22229516361907
193.28263923817465
193.36292913360018
193.51996060295454
193.61336123778855
193.75180899513714
193.7704587971746
193.8080308355481
194.09537370202654
194.1359617171196
194.39134345923102
194.4576350225925
194.56417687284312
194.81995256230806
194.96506872542824
195.03776383302034
195.09491328700952
195.3243891085601
195.51450883876402
195.62289512078394
195.62796258972784
195.64682905128748
195.6768574337483
195.7076304967522
195.77507805765583
196.0891858598721
196.13589079284506
196.2535409815996
196.27289606730102
196.31753294417
196.60796677055905
196.8353736587606
196.90828678649186
196.9630844127473
197.0176857002179
197.21862263947844
197.2463009878785
197.43106161222394
197.45222264622186
197.56351953878257
197.67634632866728
197.68537351191037
197.71408171821705
197.75684258747137
197.7735560489776
197.83736952370742
197.98839923848175
198.1236225284303
198.14436799587918
198.21126487263254
198.2806098841845
198.3104584904559
198.43113930681287
198.48807421930152
198.61085297885464
198.67436945145778
198.73588743847475
198.86298915085064
198.94054342259597
199.04930952142578
199.21752401192717
199.2536774965047
199.31682419022448
199.4082754630015
199.44053249745258
199.46704885408843
199.55418327280597
199.7350693309789
199.79410992837293
199.84576789621102
199.907539640128
199.99632260325666
200.0945560622651
200.2085191028394
200.21018580843116
200.20510294792348
200.21043199762838
200.32300188660074
200.36965394982823
200.43840975732837
200.48693831176385
200.60582805601945
200.6678261132802
200.7399650542313
200.93146553744276
201.06674715640378
201.1064808779734
201.1500577472871
201.24636759588918
201.27402570343367
201.33948102690454
201.49940603010322
201.570138086369
201.81529044114615
201.90252412260378
202.0117673905217
202.05114838662683
202.08410725517962
202.0923188464543
202.14843209645358
202.26045875429273
202.26135533896533
202.26301047751895
202.42966682022856
202.42850111740182
202.57998432266118
202.60966326093293
202.6856546556697
202.74526219283223
202.8345159375347
202.91153705338257
202.93322251996446
202.91103808598066
203.00326188161446
203.05087455856287
203.09969002320975
203.1540533873076
203.3383876528423
203.3963520517792
203.39886630772318
203.63688781817692
203.7582304073027
203.77783298405004
203.84513568138541
204.02465746774402
204.11121914556568
204.15490430447417
204.19294596366709
204.19544440318683
204.22601684344593
204.29716371975232
204.3639981249854
204.45702520575415
204.60394774971596
204.65499768288973
204.6679592126149
204.6757841333511
204.69393812735473
204.7486133878222
204.86788745299214
205.1035162478106
205.2487572050607
205.36988807213362
205.51428804386677
205.55545787139442
205.58954915432415
205.62465925721045
205.66269736106753
205.70612958911323
205.79685923354103
205.8958121914469
205.89492047885477
205.9674415748721
206.0635033255057
206.25641305138964
206.347612751663
206.51542040917053
206.5251762282729
206.63845657513411
206.67342407468664
206.8452193829488
206.89871505468136
206.9042276742033
206.9118039908206
206.96612317945983
207.0043725245475
207.02089788125744
207.01663542255068
207.1577782243546
207.15772326284883
207.3503031834773
207.4186393556113
207.48486615171032
207.56468610625927
207.56172315789237
207.5688062578328
207.5819985819714
207.63540495789718
207.6382310591974
207.67168882505317
207.74865705019263
207.7988517382881
207.8370707263454
207.83227269338084
207.86765614485347
207.941037427016
208.0640668760742
208.10157625733024
208.1260548641494
208.28853955293545
208.406486743591
208.52908577261303
208.58849881227445
208.58886598661718
208.5982400156113
208.64469838573297
208.6651835016018
208.69049124716116
208.69698079962836
208.6918565342654
208.8445686519109
208.84388950504837
209.09191554441912
209.2200711698446
209.26682426749454
209.42423526332854
209.54081370513424
209.5500080189765
209.60553490859635
209.62012695886952
209.670352232818
209.74855944516094
209.7486559311253
209.8328952184101
209.91902982501583
209.97643814494612
210.03428748022588
210.09006750323903
210.25034146375276
210.26741329515835
210.28735720500075
210.39065387983436
210.40259875082398
210.45593446682858
210.4652302448571
210.55631791913115
210.6067647651262
210.6486721250782
210.6656622562749
210.81300510575704
210.91877192854292
210.9787170071799
211.08051811759591
211.07747166577568
211.18108609900924
211.2023133200742
211.23238397805986
211.24655569115626
211.24488531529494
211.2348628880125
211.2492244822787
211.246575938507
211.23838222446184
211.29457423067626
211.3397439603879
211.3389239082048
211.38346579375053
211.38140949271477
211.42794423367974
211.43928652098924
211.48555976505054
211.48940481608778
211.5866483818013
211.6246223761823
211.67147333317953
211.66689343373977
211.71301383739063
211.81814355032049
211.8649792549923
211.9408529777529
211.97653314032442
212.01206356865848
212.1502195419526
212.22457512811204
212.2600961052805
212.26060184416386
212.30134844920693
212.35429696610555
212.47960719798024
212.49604243009165
212.5576710637934
212.62646802797258
212.67407052758625
212.70071116359975
212.7939046306703
212.79254206161733
212.80964482918043
212.81522454068732
212.85806001676832
212.9088202729487
212.9362435264593
213.10705006135615
213.11312045633989
213.10136085874626
213.18286314673844
213.2592787048206
213.37018788198438
213.36380757176804
213.36493653485522
213.4464775617742
213.4435863842325
213.45504897964813
213.5091326439758
213.5060889668197
213.5527165975309
213.6404407886593
213.75571633171293
213.80760855273505
213.88972279535207
213.92967343544015
214.0320537397241
214.08210504917648
214.08959357725232
214.1498569236128
214.15809807667384
214.19645662871574
214.21491495072016
214.21255322281377
214.23642323387313
214.248070576213
214.34869759324434
214.41532935110118
214.44443014437505
214.47928611089344
214.5244439065287
214.55874897291093
214.6915410002499
214.76613113134027
214.7392720682302
214.89034361432897
214.88973607918905
214.89798170604226
214.9587708467047
215.10826303211456
215.16333218514575
215.16936230536578
215.34829250653357
215.44066943180044
215.58769928047008
215.65464760241048
215.7222723181444
215.81612825230687
215.91469634306932
216.00129262456514
216.06721432847866
216.12798199869604
216.16430700482587
216.29471044142844
216.29644289253972
216.29811159026184
216.56402858150977
216.67888703083383
216.77496587350458
216.90802893587136
216.90847959186323
217.011709409954
217.04977003017592
217.1536702432169
217.17808209568506
217.23154643985626
217.34868287338682
217.3612376708737
217.4952290115074
217.54783164728272
217.59721179621408
217.61538618897984
217.72185433833613
217.73749628670092
217.77596443188625
217.76154296387276
217.76614361751936
217.86232315742512
217.912199423364
218.00982453790863
217.9929678319541
218.12353913172936
218.14737665308863
218.26890632020033
218.26856622587388
218.3347782888161
218.4823066485576
218.50379120177757
218.5073636985516
218.6820391124416
218.68001520558138
218.85249126204727
218.96393517138327
218.96516743940168
218.96955712260078
219.0604518855267
219.06826253185855
219.07546522621084
219.07166889036435
219.23958176700532
219.2889864704729
219.4721149718058
219.4776613884218
219.5019530308154
219.55644977303322
219.54323448869764
219.62572111891993
219.72325619941066
219.73774251106514
219.7316776308544
219.86076544084818
219.9836261309905
220.10222184266
220.10796397506104
220.2796048473203
220.33749603072133
220.4677778212523
220.50380321766846
220.50629870416645
220.65058732067226
220.65122030238936
220.74661865555646
220.89187238482037
221.08152668835513
221.08754707063332
221.14742495794164
221.14603744263508
221.16643625174513
221.2032410798479
221.32904503805162
221.38373472064973
221.42467956178987
221.419246851848
221.48547561836457
221.5452171586329
221.77828259007367
221.80619426404104
221.92106402209447
221.92808780422212
221.95714934249347
222.11967881062165
222.12950368787065
222.13785281474395
222.2619052891447
222.2764315169747
222.26831867287746
222.36672479322368
222.44457014069366
222.49577409316672
222.5634992439925
222.55853727944023
222.6474592984565
222.74371082169583
222.77070552050725
222.8137282087952
222.8774855835141
222.93049808783033
222.98132068091937
223.11885353247453
223.16589720730678
223.1650284191602
223.183823703624
223.2015436407063
