with mode=3, handoff cost coefficient = 1.0
183.69798406671194
184.26919840443915
184.35447330413774
184.5461848365623
184.76745067840855
184.76737745818107
184.927307676648
185.2835424409825
185.46315927838833
185.82654645983675
186.43916730318873
187.14101823872807
187.30093834391207
188.72853660180874
189.0766865206768
189.3256660333694
189.41939270319597
189.4759466184401
189.47613479517386
189.47613479517386
189.47613479517386
189.47613479517386
189.62458353569892
189.6235295727554
189.61299334815328
189.71348646570885
189.9997857025399
189.98558979801155
189.98566146223763
189.99759652370588
190.1339767797255
190.13581564569645
190.22354661922162
190.20007529729938
190.55738061115463
190.62406887950937
190.6247468101783
190.5830723070503
190.5830723070503
190.66040339315222
191.20263890898272
191.29559379775176
192.26828671937338
192.27656659471134
192.28568743062806
192.8498013861743
192.86323267433622
193.35355458848483
193.62538440865757
193.63160191169993
193.64192994105582
193.61228939590524
193.63231530817865
193.63231530817865
193.66723034869716
193.66731637336437
193.66857053104854
193.91408716442214
193.90068692774457
194.16317997519076
194.1742427966377
194.17429814613575
194.16555549080618
194.24625812505357
194.49612583811543
194.8458053698065
194.89562577611716
195.07893434180033
195.07124063091464
196.6489434576457
196.6489434576457
197.41618918378808
198.17537052886138
198.74846217783403
199.27755549446812
199.3705629826228
199.48421988134612
199.8732678516845
200.47701243899115
200.48639265838585
200.6741487971987
201.26182035622836
201.3207954576056
202.38353129793606
202.40314145229314
202.702294119474
202.7763118517374
202.84581361099873
202.87571086068954
202.95648764912224
203.01808244261105
203.2845467499991
203.69126447404153
203.69123818198324
203.91734547303375
203.96126175723563
205.32517258139225
205.3264097187873
205.3503324775509
205.58381574032802
205.7826258631763
205.8015903381106
205.92099024849404
205.9183290025777
206.2086315194258
206.47447264447555
206.9555831605731
206.96055365225521
206.96061932867565
206.98098276254376
206.98100946389656
206.98158125290405
207.01003052522265
207.0070661541754
207.0647195470358
207.3421109390191
207.40902065335712
207.46650376844363
207.4664738303945
207.46493371703093
207.47893549132735
207.5010564421678
207.50468184584273
207.60830248777484
207.61798126314406
207.9457697481918
207.95072314607077
207.96087860852126
207.9626441323239
207.96325712836654
207.99459081616686
208.05846443301925
208.0948039416763
208.09838370288904
208.09838370288904
208.18285247144948
208.18771696542282
208.22747972077042
208.30689819394559
208.30736991443518
208.30709517173193
208.31911585494214
208.31910894506177
208.31135664478768
208.3386973793634
208.35100171570298
208.35100171570298
208.35100171570298
208.441823425792
208.4417000256829
208.47917058258952
208.47891485727422
208.4960149943626
208.49488584912547
208.49597307439876
208.49597307439876
208.68795603176227
208.70573374932292
208.70591086405443
208.7058983678873
208.70549233028598
208.71501015084428
208.72961933440547
208.72584514459146
208.72805149419247
208.72696489107443
208.7748323035715
208.7774387256806
208.91402384152093
209.0718322266029
209.06893947637508
209.08289018072384
209.10858242976155
209.11812488426514
209.11810762462727
209.11802923209675
209.12244062269522
209.1309230180476
209.13305977698622
209.14162097843132
209.13604917197122
209.4788228644705
209.6080345649705
209.60884267360757
209.60884267360757
209.61279268388557
209.61019271772506
209.61019271772506
209.61099193911332
209.61099193911332
209.72160690527653
209.70315156709225
209.70698942296715
209.71312026514317
209.72497994277367
209.72523535407103
209.74037304093923
209.74832090607606
209.74670502416205
209.75250843988653
209.99097288340403
209.970843984858
209.96273646262068
209.96285918202454
209.97247805779278
210.01185034163115
210.04752392461265
210.04695480578908
210.04695480578908
210.05689300255852
210.0547112057465
210.0547112057465
210.05496791269917
210.06312482565866
210.0654743274957
210.06560830802698
210.058318424822
210.06528688114184
210.06528688114184
210.06528688114184
210.10296717264018
210.10312386348076
210.1028641789449
210.10307089757632
210.2017011209558
210.20874260084693
210.2089718294779
210.20711240578387
210.2953167065444
210.29920321303015
210.3073337670106
210.30781167853993
210.30781167853993
210.31301059091774
210.31839571676923
210.31852850287683
210.31862465743583
210.33505575623568
210.33998456221227
210.9773929843668
210.98163093475196
210.98128457690584
210.98112447421747
210.9988465656779
211.00268280698694
211.0074813974489
211.0079765858188
211.0109706552528
211.0113689028898
211.01613801625
211.0192223290667
211.01892074291356
211.02778169167811
211.0341835628555
211.03295103235666
211.03317138406862
211.0311859617887
211.03379629216232
211.03379629216232
211.03379629216232
211.03422086542486
211.03422086542486
211.06342921125622
211.06454239170617
211.0644874372127
211.06975773181182
211.07132055246785
211.07371000177272
211.07396685457448
211.0742384204577
211.0742384204577
211.0742384204577
211.0742384204577
211.0742384204577
211.0742384204577
211.0742384204577
211.0742384204577
211.0742384204577
211.07636213287492
211.09277045539827
211.08865662173466
211.09010739437517
211.0940447798806
211.0940447798806
211.23139934590066
211.2282669363888
211.2270670716656
211.22622185178935
211.23515361697665
211.24270768553816
211.24749279414206
211.24720620867137
211.25702999118295
211.25898325250415
211.25842742714303
211.2552426267016
211.2582354444594
211.2582354444594
211.2582354444594
211.2582354444594
211.2582354444594
211.26126146759577
211.26094037280768
211.26094037280768
211.26355624595197
211.26637285877484
211.26668032331662
211.26527153728819
211.26527153728819
211.2690692285775
211.2690692285775
211.27049408109724
211.2679700454944
211.2679700454944
211.27329640905862
211.27329640905862
211.2732226906469
211.27316837589098
211.27316837589098
211.2822715223154
211.2822715223154
211.28419102321345
211.28358656914037
211.28610106496996
211.28610106496996
211.28825068635376
211.28837806664154
211.29827513127867
211.30053300757658
211.30238093328785
211.3020099269733
211.3021759655358
211.30624164466064
211.40163207779375
211.40204990662357
211.40695630964223
211.40762090564442
211.40514120435824
211.4967555246169
211.49659689037898
211.49698073645638
211.49672472796203
211.49672472796203
211.51045760248587
211.5101010686613
211.50995957541812
211.52218677113336
211.5221935276209
211.5225223544764
211.5169385153253
211.52265336430725
211.52881421707792
211.52882130654427
211.53314385242965
211.53542822504326
211.55238830391315
211.5527850359729
211.55178989083615
211.55908511657353
211.55899168939445
211.55596099604637
211.55591508117678
211.55591508117678
211.55591508117678
211.55591508117678
211.55591508117678
211.55591508117678
211.55591508117678
211.56692641579593
211.56721513880427
211.5668832735838
211.5703548986497
211.58231371111034
211.5822722088933
211.58512757379066
211.588943900756
211.58572994974028
211.58572994974028
211.58572994974028
211.58572994974028
211.58572994974028
211.58572994974028
211.58572994974028
211.58572994974028
211.58572994974028
211.58572994974028
211.58818302755324
211.58818302755324
211.59130839099768
211.59079602628526
211.59079602628526
211.59079602628526
211.59079602628526
211.59079602628526
211.59079602628526
211.593164482218
211.593164482218
211.593164482218
211.59401227718303
211.59401227718303
211.59994487083918
211.60081772754606
211.60045730862885
211.6004957089952
211.6004957089952
211.6004957089952
211.6004957089952
211.6004957089952
211.6004957089952
211.6004957089952
211.6004957089952
211.6004957089952
211.6004957089952
211.6004957089952
211.6004957089952
211.6004957089952
211.6004957089952
211.6004957089952
211.6004957089952
211.6004957089952
211.60421637604526
211.60421637604526
211.60421637604526
211.60415469519702
211.60827885373706
211.60827375100396
211.60883254081557
211.60888170165424
211.60888170165424
211.60888170165424
211.60888170165424
211.60888170165424
211.6123130614509
211.61345776333343
211.61344824422545
211.6136321070164
211.6136321070164
211.6136321070164
211.6136321070164
211.6136321070164
211.61562096815035
211.61562096815035
211.61779988189338
211.6200984931958
211.62027580124516
211.62027580124516
211.6208727432147
211.6208727432147
211.6208727432147
211.62257280851802
211.62455201351216
211.62484630112087
211.62541713224957
211.6266778932393
211.6266778932393
211.6266778932393
211.6266778932393
211.6266778932393
211.6266778932393
211.6266778932393
211.62789173652195
211.62789173652195
211.62789173652195
211.68327472950708
211.68329996074326
211.6833814382393
211.6827253569471
211.6827253569471
211.6827253569471
211.6827253569471
211.6827253569471
211.68544347203763
211.68649884256521
211.68649427934773
211.68584653193201
211.68584653193201
211.68584653193201
211.68584653193201
211.68584653193201
211.68584653193201
211.68584653193201
211.68584653193201
211.68584653193201
211.68584653193201
211.68584653193201
211.68857694752054
211.68857694752054
211.68857694752054
211.68868980524664
211.6904982062279
211.6904982062279
211.6904982062279
211.6904982062279
211.6904982062279
211.6904982062279
211.6904982062279
211.69126514569624
211.69376948372766
211.6949472408484
211.69376808563146
211.69391067893667
211.69391067893667
211.69391067893667
211.69391067893667
211.69606969560928
211.69606969560928
211.69606969560928
211.69677042128637
211.69677042128637
211.69677042128637
211.69797312212242
211.69797312212242
211.6984794683239
211.69883531616017
211.69883531616017
211.6984794683239
