with mode=2, handoff cost coefficient = 1.0
133.96495937618172
134.23679100426438
134.50645527950314
134.77245912635544
135.03603595447234
135.29533754196632
135.55085124160553
135.76448378953074
135.97232469462625
136.1735313054051
136.3677682960849
136.5554027403008
136.74032928592237
136.9266192135285
137.11171636546834
137.29137024942736
137.46663443152147
137.63415235984905
137.79707640504503
137.95399823566166
138.10544695034451
138.25021559980408
138.39116609606145
138.523970311168
138.65364523080987
138.73283575520614
138.81158338401713
138.8903459428764
138.96839723819812
139.04535293951977
139.12239702322003
139.19866456431274
139.27528092315032
139.35098412944757
139.42549763452763
139.50038734877816
139.57442808734103
139.64584924560873
139.71637421905297
139.78410546294293
139.85087218567122
139.9149193310762
139.97798650289548
140.03311524349442
140.08696115831023
140.13952521618074
140.19056018623732
140.2403692087142
140.28891692172928
140.3315856197959
140.37047396403167
140.4054026495848
140.43776210367398
140.46918139927382
140.4997831898165
140.52909508042782
140.5572890784318
140.5843359871608
140.61092252848456
140.63580147471208
140.65950862975058
140.67995934783332
140.69918855512813
140.71735314767292
140.73440603702866
140.75042339541423
140.76530384930243
140.78005474735883
140.79212767583925
140.80356444861903
140.81369510178217
140.8205547410057
140.82678757666247
140.83230716597893
140.83619185067852
140.84006318030106
140.84355529751022
140.84633812314053
140.84877125312548
140.85047387562082
140.85187725795296
140.85319698487677
140.8538960645439
140.85552663763636
140.85608402320747
140.85651825566964
140.8567211462921
140.85674992135378
140.85674992135378
140.85674992135378
140.85674992135378
140.85674992135378
140.85674992135378
140.99528836283807
141.12139526350975
141.16687855550626
141.21074477367253
141.25069241199185
141.28059244459644
141.30331122473814
141.32587956467842
141.32764225772266
141.32827332792397
141.32903581118484
141.32934470640882
141.3296009510483
141.3298666304873
141.33010252243048
141.33042163556655
141.33077200509234
141.33092145809198
141.33104534290175
141.3310706395051
141.33108781038047
141.3312577296094
141.3313213340594
141.3313225942285
141.33135295009023
141.33135295009023
141.33135295009023
141.33135295009023
141.33135295009023
141.33135295009023
141.33184207687492
141.33186549182687
141.33192684915255
141.3319392723599
141.33194353166508
141.33195605163377
141.3319714390392
141.3319714390392
141.3319714390392
141.3319714390392
141.3319714390392
141.3319714390392
141.36646207926245
141.39735697171224
141.41001191922072
141.4200075288791
141.42993824463127
141.43735773654507
141.4429350540011
141.44832386770724
141.44892475568895
141.4490456046641
141.44919336055938
141.44924599012873
141.44932117598714
141.44935044663202
141.44949551460832
141.44954061875816
141.44956064740893
141.44959719753368
141.44962049402642
141.44964948624948
141.4496559774177
141.4496820286139
141.4497807216273
141.44980445277884
141.44980769984036
141.44981088278277
141.44981604957226
141.44981726671102
141.44981752913
141.44981932062115
141.44982239483832
141.44981604957226
141.44985425701518
141.4498694446368
141.44990845259818
141.44991609187522
141.44994127593867
141.4499435013392
141.44994983672493
141.44995121669527
141.44995279319232
141.4499540792587
141.44995469010314
141.4499702260597
141.44997300692467
141.44998146127404
141.4499880847654
141.44998876762068
141.44999045372174
141.44999269288633
141.44999346489158
141.44999478855155
141.44999601391888
141.44999619628007
141.44999269288633
141.45861455736795
141.46674253791633
141.46941333781413
141.4719111978847
141.47390629280736
141.47580531898254
141.477148852919
141.47848997366083
141.47911901998398
141.4791230286302
141.4791259606288
141.47913723839292
141.4791393177958
141.47914272836954
141.4791441165334
141.4791461891094
141.47914769702464
141.47914925630397
141.4791505398601
141.4791522330325
141.47915551782694
141.47914769702464
141.47917527411374
141.47917980021307
141.47918452360318
141.47918780884476
141.4791895178968
141.47919293954084
141.4791946440815
141.47919742951012
141.47919922948589
141.47920115494594
141.47920280463265
141.47920454474158
141.47920701090993
141.4792095440469
141.47921099668366
141.4792126095236
141.4792137670777
141.47921473984337
141.4792095440469
141.48136479078147
141.4833974663348
141.48406304430782
141.4846873491623
141.48516219209193
141.48549765300336
141.48583288331164
141.48585236404992
141.48648714035718
141.48648948308238
141.48649136274454
141.48649254146267
141.4864940812226
141.48648714035718
141.48648987724326
141.48649107495382
141.486492104483
141.48649301120474
141.48648714035718
141.48702592399871
141.48753411771145
141.48770042645833
141.48786471879373
141.4880207905146
141.48813951689286
141.48822334489802
141.4883071266861
141.48830849189864
141.48830982392838
141.48831044686358
141.4883110212813
141.4883071266861
141.48830875970472
141.48830944399492
141.48831011999016
141.4883107876896
141.4883071266861
141.48844182175407
141.48856887309404
141.4886104438035
141.4886515117985
141.4886905294484
141.4887202120212
141.48874116669597
141.48876211053175
141.48876292683667
141.48876374107124
141.48876408301433
141.4887644228835
141.48876211053175
141.48876251894268
141.48876292683667
141.4887633342132
141.48876374107124
141.48876211053175
