with mode=2, handoff cost coefficient = 1.0
158.1146569850532
158.44349377681283
158.7692113258396
159.08806156163595
159.40204834573115
159.70790386537556
160.0072271325052
160.13036873283735
160.24757270907
160.36529553326773
160.48143772870708
160.59794744208398
160.7134259780049
160.8271996818391
160.9409465585709
161.05399456691333
161.1670214074706
161.27948894693426
161.39184191797753
161.50091614402754
161.60764724655178
161.71122404740453
161.81413896625486
161.91772577607168
162.02005732939722
162.1240774545428
162.22802369162366
162.33082972114957
162.43289064313274
162.53638260743097
162.6378455605226
162.74129870626254
162.8443885784122
162.9455339602891
163.04614890577358
163.14676230650235
163.24711026843275
163.347235198906
163.4450111970794
163.54461087721523
163.6424122400609
163.73430753394675
163.8172480595412
163.8878036794394
163.9577394814336
164.0245267937294
164.09087397883695
164.15832957935183
164.22261109114325
164.2871274469026
164.35305507958984
164.41676631182784
164.47797308847845
164.53789786162292
164.59856487034082
164.658351597406
164.7180015321834
164.766695527576
164.81015638095627
164.85331111506235
164.890643816365
164.9205835999346
164.94525221817727
164.96978081643718
164.99251779547507
165.01075092903682
165.025943173543
165.03763831398345
165.04490368168877
165.0506386143195
165.0560760561441
165.06088343450796
165.06663607598006
165.07050443121156
165.0740300826003
165.07683864282657
165.07910717852425
165.0812896216657
165.08264644099296
165.0858325467935
165.08731451725308
165.08753258750002
165.0896814835702
165.08994631558903
165.09006590568268
165.0905709506392
165.09060813417256
165.09060684709863
165.09060813417256
165.09060684709863
165.09060813417256
165.09060813417256
165.25917447561147
165.32033828618975
165.3808239281169
165.44116868212123
165.46998722127938
165.49801457313507
165.5194765353634
165.5428235624327
165.54646127500936
165.54841139841824
165.54976530988046
165.55026542978013
165.55180881223671
165.5521070958488
165.5523200956953
165.5527079299945
165.5528523690886
165.5528812120085
165.55288089209492
165.5528812120085
165.55288089209492
165.5528812120085
165.5528812120085
165.55334156667277
165.55379135073156
165.554055770694
165.55437507215188
165.5544415524561
165.55456654321802
165.55462736442237
165.55469801799504
165.55473877217938
165.55477774241308
165.5548042715006
165.5548087477318
165.55480866988853
165.5548087477318
165.55480866988853
165.5548042715006
165.59677429235413
165.6126826361639
165.62786362263182
165.6425186293508
165.65031525850017
165.65724729048904
165.66296362021018
165.66866823841664
165.6687905929883
165.66887079940017
165.66903744410237
165.66908355701136
165.66911091906567
165.66923202772247
165.6692435548447
165.6692614657923
165.66927212079926
165.6692779673694
165.66927929094393
165.66927930522337
165.6692793706765
165.66927212079926
165.6693333683475
165.66938723054983
165.66941468954474
165.66944471184428
165.6694645923535
165.6694821383266
165.66949579212366
165.6695187655132
165.6695545492861
165.66956541927237
165.6695752525024
165.66958714905422
165.66959409514226
165.66960190484002
165.6696081727261
165.66961163674375
165.66961845662152
165.66962117826432
165.66962811894882
165.6696308849181
165.66963255069493
165.6696353484287
165.66965416711264
165.6696595238413
165.66968081570533
165.6696829418531
165.66968457642477
165.66968720449694
165.66969196773246
165.6696923375557
165.6696946438223
165.66969684654353
165.66969687863136
165.66969196773246
165.68017750972248
165.68415666070962
165.68799819024142
165.69178854446682
165.69354840393885
165.69528867737338
165.69671794548978
165.6981358030733
165.69837993251627
165.69839328873962
165.69839857594414
165.69840393200838
165.69840903972678
165.6984157106529
165.69842226421332
165.69842498724188
165.69842635859445
165.6984280928168
165.69842944448666
165.69843086209508
165.69843236923052
165.69842635859445
165.69843286770967
165.69843560167794
165.69843785602154
165.698439403852
165.69844055504063
165.69844273703805
165.69844837794471
165.69844980347546
165.69845185839338
165.6984557645832
165.69845852982527
165.69846151128314
165.69846332469962
165.69846563281217
165.69846668003836
165.69845852982527
165.7010800173247
165.702075226794
165.7030354785828
165.70398304605777
165.70442221260782
165.7048576933071
165.70521218837487
165.7052146442713
165.70521583785992
165.70521683185217
165.70521806149227
165.70521218837487
165.70539019540132
165.70540229931262
165.70540372954974
165.7054046753429
165.70540538476192
165.7054060816698
165.70540229931262
165.7060576394549
165.70630645249875
165.7065465363925
165.706783441566
165.70689316222925
165.7070019835005
165.70709097478579
165.7071795538269
165.707185510125
165.70718627558188
165.7071870015658
165.70718764591055
165.7071795538269
165.70718253947456
165.707185510125
165.70718590799225
165.70718627734485
165.7071795538269
165.70734338651926
165.70740559018998
165.70746561247324
165.70752483959708
165.7075522653271
165.7075794675879
165.70760161157102
165.7076060980851
165.70760758946193
165.70760798358197
165.70760818756506
165.70760161157102
165.70760385528496
165.7076060980851
165.70760684424266
165.70760758946196
165.70760161157102
