with mode=2, handoff cost coefficient = 1.0
134.62879560027943
134.9306314171674
135.22998268066897
135.52511066687558
135.81622335833907
136.10243080859738
136.38373870463937
136.6501130089828
136.90715160334736
137.15230023360124
137.3869504654494
137.62917190972158
137.86266415868965
138.10072541831101
138.33241838804466
138.56855052531048
138.79982389361052
139.01548744179945
139.22318611947483
139.4178037989494
139.60500038949058
139.77495118970322
139.93844961788895
140.08628566020982
140.2283169935129
140.36661524842927
140.50278907120244
140.63946542175879
140.77398521863785
140.90901025936392
141.0414680883306
141.17085752293713
141.30130334045305
141.42910910613404
141.55803854359615
141.6789897840767
141.79696236072544
141.90680691587292
142.01349704140895
142.1201528681797
142.2226043176709
142.32676428638536
142.42793253190786
142.53184748098738
142.63216990147237
142.73023173565144
142.82941779508593
142.92749634862724
143.0257393689825
143.05745144253538
143.08728856902977
143.1166130865862
143.14038039440072
143.16320882239347
143.1835384289773
143.19754998238935
143.2091469153977
143.21870373264062
143.22741361622747
143.23327696409012
143.23837142423986
143.2433687132589
143.24829795039415
143.25238330397337
143.25614826708804
143.25964044294213
143.26274015756945
143.2653907128614
143.26738289726455
143.26927263560384
143.270444402407
143.27157237346802
143.2720266120008
143.2721484479378
143.27237505430904
143.27252358561782
143.27263274518552
143.27263274518552
143.27263274518552
143.27263274518552
143.27263274518552
143.27263274518552
143.42519787313725
143.57452672953966
143.6414631609141
143.6960701896877
143.74617533854894
143.79822366924918
143.83340149236616
143.86726398818237
143.87032073688195
143.8721220320609
143.8723838855837
143.87295250485832
143.8730447886056
143.87311960709164
143.87316124058188
143.87322494608264
143.87348042129562
143.87353007614988
143.8735437073783
143.87356177510298
143.8735710975716
143.8738576379098
143.8738680829206
143.87386889090217
143.87386889090217
143.87386889090217
143.87386889090217
143.8738680829206
143.87404578057922
143.87419899488972
143.8744042360572
143.8745321154172
143.87459238364497
143.8746259412792
143.8746594653711
143.8747510701649
143.87489843585627
143.87492805556698
143.8749523526591
143.87495317944663
143.87495317944663
143.87495317944663
143.87495317944663
143.8749523526591
143.91202260311061
143.949153313031
143.96582662064702
143.97971813491975
143.99231861242325
144.0045697946157
144.01293882518172
144.02124606654695
144.02164215675114
144.02171352911427
144.02174643056966
144.02176677928472
144.02180835350265
144.02182989740706
144.02186722048205
144.02190503128634
144.02191493596428
144.02196683260996
144.0219764957106
144.0219840963211
144.02201739598024
144.02202204434855
144.0220244031081
144.0220406278048
144.0220515519857
144.02207600206333
144.0221032044642
144.02210640777164
144.0221092070835
144.02211014335094
144.022116129172
144.02211923663913
144.0221228968637
144.02212342888095
144.02212848691357
144.02214348480604
144.0221441762711
144.0221441762711
144.0221441762711
144.0221441762711
144.02214348480604
144.02220948345288
144.0222661107655
144.0222738694872
144.02228131658438
144.02228992922832
144.02229486786376
144.0223031091767
144.0223134116296
144.02231683426305
144.02232380962835
144.0223301025385
144.02233222495454
144.02233769248323
144.0223396560941
144.0223442397601
144.02234597412814
144.02235012752956
144.0223543722612
144.02235513166272
144.02235967029966
144.02236450911255
144.02236644005754
144.02237069746076
144.02237074582266
144.0223708179542
144.02236450911255
144.03239366707308
144.04171528377813
144.0458792036089
144.04936147048673
144.0524625613169
144.0555378129753
144.05760349444475
144.05965549723874
144.05968184412075
144.05970839693197
144.05971923303935
144.0597273289584
144.05974078999563
144.05974325198068
144.05974549503645
144.05975522626287
144.059762638178
144.05976455578028
144.05976751814597
144.0597693623173
144.05977157019913
144.05977321238356
144.05977474066896
144.05976751814597
144.05977187615224
144.05977414472454
144.05977624768917
144.05977816942794
144.05978032457415
144.05978199438533
144.0597834525969
144.05978474255383
144.05977816942794
144.06228619764192
144.0646172379628
144.065657843075
144.0665287770142
144.06730114583902
144.06781602174044
144.06832903392933
144.06871855749952
144.069102289057
144.06910393602752
144.06910493000572
144.06910577732623
144.0691070533071
144.069102289057
144.06910328567423
144.0691042784296
144.06910497001098
144.06910553490457
144.069102289057
144.06972931617057
144.070312101687
144.070572244509
144.07079002884137
144.0709828198292
144.07117396202585
144.07130256770645
144.07143074318634
144.07143130502175
144.07143182882456
144.07143232875842
144.07143280596011
144.07143074318634
144.0714310346838
144.07143130502175
144.0714315699069
144.07143182882456
144.07143074318634
144.0715875012121
144.07173319917845
144.07179823435598
144.07185268361795
144.07190086821294
144.07194864356356
144.07198078790356
144.0720128269256
144.07201332369115
144.07201347504642
144.0720136211124
144.07201376188868
144.0720128269256
144.0720130757342
144.07201332369115
144.0720134000298
144.07201347504642
144.0720128269256
