with mode=2, handoff cost coefficient = 1.0
158.04230447199623
158.25277307624293
158.45916717837818
158.66179459943115
158.8600497199477
159.05419840583684
159.2435511766895
159.4076536006454
159.5580562784554
159.68316918365946
159.79502779274307
159.90594819833638
160.0147985899186
160.12141218754022
160.22608704884507
160.32845481083544
160.43221088746097
160.5363762208522
160.6356246895333
160.7322243383311
160.82806319784717
160.92293711787752
161.01612698275684
161.10968159870183
161.20237335371075
161.29473640333717
161.3869236218891
161.47753789058876
161.56782591547866
161.65810450584848
161.74746826589453
161.83738135519124
161.92437022987923
162.01073398355408
162.09613474669115
162.18059648104762
162.26233630416445
162.34356367900332
162.42427685827676
162.50352383649488
162.58048893160372
162.656509322382
162.73235701886338
162.80575980440895
162.87767705042697
162.94840913183666
163.01878079706054
163.08526528777546
163.14618694678515
163.2053658356986
163.2629659978561
163.31898858201384
163.37353854002268
163.42659220498973
163.46450175704575
163.50088706383974
163.53251645291743
163.56248180118217
163.58775315091896
163.61295694349863
163.63653894110462
163.66001168374981
163.67867788423908
163.69575835532518
163.71249912107046
163.72539127211988
163.7361443134132
163.74606355129498
163.75341652237256
163.75916244055858
163.7647651687211
163.76681988610758
163.76777508832214
163.768381883516
163.76887246772927
163.76919963615862
163.769468432678
163.76966552093435
163.76971208628075
163.76971208628075
163.76971208628075
163.76971208628075
163.76971208628075
163.76971208628075
163.8749748844221
163.9382131596682
163.9862981126033
164.01878686864106
164.04868603793608
164.07799067517794
164.10364808402676
164.12886100907437
164.12942499020085
164.1298251338172
164.13017450054014
164.13070471956934
164.1321019077535
164.13217560106685
164.13219155224405
164.1322058266959
164.13223387575152
164.13244861042958
164.13249769745684
164.13252871749606
164.1325533710078
164.132556844475
164.13256390215292
164.13256390215292
164.13256390215292
164.13256390215292
164.13256390215292
164.13256390215292
164.1330205789869
164.13370278607277
164.134422691977
164.13460511372276
164.13498076490833
164.13502916611253
164.13507265297855
164.13511102945566
164.1351473314976
164.13516822729977
164.13517136850305
164.13517560646218
164.13523824533996
164.1352804973202
164.13529556441134
164.13529556441134
164.13529556441134
164.13529556441134
164.13529556441134
164.13529556441134
164.16182898375683
164.17770907613468
164.18968823114622
164.19782312267793
164.2047487166479
164.2115837245708
164.21780918629062
164.22401221474973
164.2242897561257
164.22470088898442
164.22490388880198
164.22521718640706
164.22540143696878
164.22564324847067
164.22568782212122
164.22586447979734
164.2259371239644
164.2259621162926
164.22598272658198
164.2259986297183
164.22601077769428
164.22603864416655
164.2260398638197
164.22604524730772
164.2260632641581
164.226099983947
164.226101104254
164.22610704184086
164.22611341941848
164.22611879117636
164.22611920773602
164.22611995996306
164.22612081131518
164.22611341941848
164.22614123173048
164.22617121313772
164.22644363788658
164.22645884030595
164.2264797092042
164.2264914090125
164.22650448766186
164.22651766035827
164.2265384982484
164.2265468807404
164.22655039786764
164.2265522524983
164.2265526102457
164.22655311446883
164.226553694848
164.22655039786764
164.23315974308034
164.2371409115877
164.24013430847114
164.24217420323086
164.2439491269461
164.24572178037022
164.247259022897
164.24879420668984
164.24889782489691
164.24892405530306
164.24902089745984
164.2490415737463
164.24904987769048
164.2490551717798
164.249058833942
164.24906341352278
164.24906573665862
164.24907635773798
164.24908365490333
164.24908644758528
164.2490957446638
164.2491172108196
164.24911851630614
164.24912127549442
164.24912372839964
164.2491258374809
164.2491172108196
164.24917100389882
164.24921740395231
164.24922438469952
164.2492270717544
164.24922950844788
164.249234277264
164.24923801132178
164.24923946029784
164.24924115847128
164.2492433124359
164.24924436986186
164.2492456080399
164.24924700106683
164.24924115847128
164.25089374881762
164.2518901004198
164.2526380238862
164.25314783315756
164.25358928128622
164.25403025787273
164.25441448576478
164.25479856094123
164.2548232619814
164.25482596489962
164.25482703597888
164.25482811967845
164.25482897674084
164.2548232619814
164.25483477428688
164.25483666799633
164.25483774603615
164.25483877711264
164.2548394889558
164.25483477428688
164.255247959603
164.25549713463082
164.25568410669447
164.2558115777607
164.25592173584187
164.25603183264587
164.25612784005648
164.25622382384284
164.25622963621123
164.25623072806283
164.25623155795472
164.25623219613027
164.25622382384284
164.25622674315588
164.25622963621123
164.2562302148826
164.25623072806283
164.25622382384284
164.2563271186729
164.25638941360492
164.25643615606995
164.25646802500847
164.25649556137154
164.25651956012584
164.25654355388474
164.25654501614878
164.25654647184749
164.25654792098106
164.25654936354996
164.25654355388474
164.25655731501018
164.25655804677814
164.25655877690576
164.25655950539206
164.25656023223658
164.25655731501018
