with mode=2, handoff cost coefficient = 1.0
158.38525989969568
158.79005164867368
159.1911477127362
159.58647709673224
159.97539780971886
160.35470246700484
160.72608452107335
160.94888557506917
161.16398698250137
161.37064568658926
161.57015482562218
161.7720051891687
161.9680656814301
162.16967260394682
162.36410349717855
162.56408372801278
162.75787700688156
162.94264276470975
163.12153302313064
163.29220746988082
163.45819741326207
163.61083586911056
163.76041329134992
163.90021108942793
164.03380896718275
164.1281232119675
164.22052901579187
164.31101989295612
164.3995675561782
164.4862219766142
164.57091771223392
164.63782732822787
164.7001858337218
164.75879512835093
164.80928725166973
164.85773178632218
164.90052389149048
164.94052559998175
164.9753957435138
165.00581577066168
165.03414076332268
165.0583191393674
165.0823271991147
165.1048974812695
165.1262161266271
165.14682706458157
165.16716789056693
165.18635472207723
165.2049589503277
165.22316394903206
165.24007734846148
165.25604984966606
165.27156964544977
165.28701135465656
165.3023640295172
165.31760292042617
165.332691296167
165.34772662001717
165.36266999989726
165.37750008438408
165.39226847364986
165.40689209496506
165.42142100854957
165.43583695769146
165.4475734960178
165.4590163675331
165.46962141482814
165.48022957780822
165.49086662920973
165.5013411422516
165.51181469362493
165.52218669701634
165.53257547141274
165.54287247332033
165.552843434036
165.56163809911408
165.5700417715789
165.57770147152516
165.58394545597918
165.5895579177258
165.59421872834668
165.5987785489018
165.6026078551426
165.60577668058767
165.608712084849
165.6104352354203
165.61153123588204
165.61445281735783
165.61794535662847
165.62017376696923
165.6212039257123
165.6220702535895
165.62554557380173
165.62775749783515
165.62877173893764
165.6289329127486
165.6293470736146
165.6293470736146
165.6293470736146
165.6293470736146
165.6293470736146
165.6293470736146
165.82940892366196
165.9594034164359
166.00798991864318
166.05516583180184
166.10139300639128
166.107970494032
166.11453623531605
166.11998056594283
166.12295528230433
166.12576307812955
166.1279872988521
166.12969102392947
166.1303012320876
166.13074086772167
166.1313255686373
166.13216351576455
166.13266412901135
166.13300943605097
166.1333160643801
166.13347623338132
166.133661674045
166.13459811683714
166.13475149007562
166.13475151083642
166.13475151083642
166.13475151083642
166.13475151083642
166.13475149007562
166.13520438407372
166.13550050356034
166.1357227410732
166.13586731128314
166.135992207502
166.13625788274368
166.13631561751495
166.1364690818171
166.1367070066873
166.13686719750584
166.13692416747998
166.13697333527307
166.13709754194326
166.13712709677696
166.13715336264238
166.13716572184228
166.13719695323434
166.13749611277274
166.13764498308998
166.13765155439532
166.1376629784391
166.13768871853475
166.1377232248539
166.13772332680895
166.13772333072959
166.13772333072959
166.13772333072959
166.1377232248539
166.18766746391086
166.22181846618187
166.23338701169592
166.24489110303458
166.25572495879487
166.25735542422643
166.2589813494596
166.26032551387823
166.26105587952094
166.2617567194681
166.2621397129447
166.26242794202386
166.262566321645
166.2626316795948
166.26271136027577
166.262774595934
166.26279648958734
166.26281318660511
166.26282071360026
166.26283642538385
166.26283914981292
166.26284188486346
166.26308734841
166.26308776511297
166.2631029975219
166.26310392766004
166.26311702338245
166.26312090103193
166.26312947250432
166.26313011869655
166.26313906085062
166.2631485511294
166.26315091587043
166.26315733716558
166.26315738508856
166.2631573857495
166.2631485511294
166.2633169906099
166.2634398931324
166.2634620517183
166.2635116394497
166.2635222642761
166.26353804817154
166.26354566454927
166.2635472024483
166.26355082592562
166.26355172345012
166.26355188503828
166.263555621435
166.2635566242305
166.26355082592562
166.27603771830547
166.2846033730479
166.287476737311
166.29031565622543
166.2930132344584
166.29341931136582
166.29382487085473
166.29416120299192
166.29434049705907
166.29451678421117
166.29458026160344
166.29462870451403
166.2946670560578
166.29469218948825
166.2947077135049
166.294719880992
166.2947332374606
166.29474020502371
166.29474678152906
166.29475203498217
166.29476094621998
166.2947646442317
166.29477521171017
166.29477742227905
166.2947852002882
166.2947864834522
166.29478771763596
166.29478922909476
166.29479010936805
166.29479356283198
166.2947864834522
166.2948176182269
166.29482126930515
166.2948233491601
166.29482575496777
166.2948276571775
166.29482914522984
166.2948308333218
166.29483195748497
166.29483292642055
166.2948276571775
166.29794854343655
166.30009066365406
166.3008088655096
166.30151724575035
166.30161862783132
166.3017199725611
166.30180408233738
166.3018485048816
166.301892717687
166.3018966705989
166.3019003804989
166.30190212346028
166.30190342485125
166.30190464185105
166.30190563588636
166.30190653355774
166.30190774686332
166.30190342485125
166.3022573858798
166.30225820359036
166.30225881474038
166.30225936679332
166.3022599876538
166.3022573858798
166.30303752745047
166.30357307745513
166.3037526203274
166.30392955914013
166.3039548956439
166.30398022850056
166.3040012580056
166.30401233642
166.30402339570202
166.30402438462625
166.3040253478614
166.3040258114936
166.3040261683248
166.30402339570202
166.30402389075243
166.30402438462625
166.30402486683448
166.3040253478614
166.30402339570202
166.30421842525925
166.3043523126605
166.30439719819162
166.30444145352106
166.30444778709733
166.3044541197973
166.30445937739591
166.30446214546052
166.30446490923097
166.30446515655075
166.3044654035752
166.30446565030684
166.30446589674096
166.30446490923097
166.30448703583662
166.3045091503094
166.304509274006
166.30450939762918
166.30450952117843
166.30450964465362
166.3045091503094
