with mode=2, handoff cost coefficient = 1.0
174.22586431126973
174.58731586988924
174.9461139872436
175.29851036582764
175.64584176321767
175.98512202797286
176.31711863331992
176.54203727437624
176.76042459112927
176.97189567833686
177.1762276946506
177.37515506560675
177.57201801465808
177.7660770794227
177.95560967282222
178.14341018017024
178.3256507994563
178.50442344431505
178.68461074054014
178.86340476824424
179.04263251299363
179.22042296880167
179.3949371634485
179.5635128976073
179.72929183663666
179.88608847451567
180.04043932429713
180.18913282046847
180.3339860966394
180.47112959960342
180.6053159225804
180.7236466015838
180.840399380388
180.95179002493802
181.06145272102734
181.1654603257945
181.2676414640305
181.36416736278264
181.45875889148238
181.54730809569264
181.63380715362655
181.71568990263438
181.79810886548984
181.87905761819212
181.9613924617234
182.04149585322688
182.11900048398877
182.19358166868113
182.26779704229966
182.33980283445817
182.4018030954539
182.44234894789366
182.4800686811903
182.51714351931565
182.54941404149784
182.58024995885032
182.60643970742632
182.6260363799204
182.64452339174943
182.65790086211564
182.66982859848451
182.68149853354663
182.69252952082928
182.7012711493762
182.7096226745908
182.71724529899075
182.72453122022543
182.7312909230997
182.7374587484049
182.74308249303468
182.74829747253676
182.7526467983864
182.75657959049545
182.7598350518508
182.76501130669985
182.7692147203063
182.7723683186809
182.77538805625073
182.77744443420713
182.78117601732822
182.78330872234181
182.78496266025266
182.78625341802683
182.78731179412097
182.7879329363379
182.7881834471411
182.78823971651704
182.78914734810309
182.79250816265903
182.79289604428263
182.7928927740519
182.79289604428263
182.7928927740519
182.79289604428263
182.79289604428263
182.97063247959804
183.0887691348358
183.18937519438023
183.23853153662478
183.28303541279422
183.3241462169206
183.35641621741905
183.38802225645293
183.39001027482036
183.39143457608554
183.39246633416647
183.3932040453367
183.3941525675994
183.39525724161484
183.39589107550674
183.3970010670488
183.397572257122
183.39800969033618
183.39834686624098
183.3985515264535
183.39874008592486
183.39884812072984
183.39885448036915
183.39938700300206
183.4022703735588
183.4025892311879
183.40265157877127
183.4026512767989
183.40265157877127
183.4026512767989
183.40265157877127
183.40265157877127
183.4029763171099
183.4031693441434
183.40358875518257
183.4039356733096
183.40408322472132
183.40419652206458
183.40430807136252
183.40441708269046
183.40450661821578
183.40462916019712
183.4047131497308
183.40487350685638
183.40498820635375
183.40505729686367
183.40512076038942
183.40516523382223
183.4051909930118
183.40537651227544
183.405458349603
183.4054945363324
183.40552529537933
183.40555673703443
183.4055682047169
183.40558363660745
183.40558842892395
183.4055894887308
183.40559033303347
183.40559053739904
183.40558363660745
183.450642065925
183.47819941986572
183.50313903924888
183.51551357345343
183.52659906375985
183.53696352854416
183.54468607282917
183.5523654620795
183.55257032760355
183.552711176427
183.55283980573995
183.552962852407
183.55314906463911
183.553267167561
183.55334007954815
183.55344624620756
183.5534863355945
183.5535521481884
183.55358217367555
183.55360079536734
183.55362405216783
183.55364716727883
183.55366293563273
183.55367673463886
183.55368644913003
183.55369335389224
183.5536953462609
183.55370110120668
183.5537010991323
183.55370110120668
183.55369335389224
183.55373405327578
183.553798536277
183.55383333932855
183.55386544310582
183.55391413687056
183.55393064328698
183.55394922247066
183.5539569288021
183.55396233172777
183.5539675418538
183.5539726381217
183.55397509151925
183.55398911956786
183.55399378843924
183.5540012954708
183.55400802078503
183.5540118957183
183.55401401557754
183.55401762514023
183.5540187361606
183.55402683457507
183.55403516576814
183.55404064587447
183.5540432756638
183.55404411768237
183.55404826550773
183.5540497403893
183.55404064587447
183.5652998517881
183.5729864600411
183.5792077736545
183.58180522767333
183.5843832794057
183.5869593113321
183.58887117129717
183.59077940248517
183.59083471232913
183.5908938498984
183.59094723204598
183.59100013727044
183.59103224041158
183.59106286049237
183.59107711271784
183.59109125256325
183.59111166199133
183.59112848654817
183.59114492299827
183.59115584881013
183.59116540398938
183.5911690986292
183.5911862219895
183.59119873326145
183.59120705492577
183.59121744486205
183.59122063924804
183.5912229588034
183.59122551147664
183.5912315029327
183.59123352230293
183.59123663335973
183.5912555985513
183.5912572078578
183.59126153488697
183.59126512856557
183.59126746153143
183.59126874464604
183.59126975960925
183.59127085031298
183.59127292208808
183.59126746153143
183.59127053638184
183.59127501988118
183.59127665648276
183.5912791683089
183.59128105153246
183.5912830967122
183.59128468461765
183.59128884480904
183.59129014532365
183.59129172386088
183.59129266618265
183.59129367797118
183.59129460179733
183.59129014532365
183.59410336805936
183.59602460039773
183.5975791483719
183.59822894205143
183.59873001925197
183.59923095395803
183.59970772526435
183.60018393555677
183.60034066427372
183.60049633811437
183.60051165956523
183.60052477619362
183.60053284971465
183.6005406087474
183.60054193482
183.60054317194852
183.60054498403068
183.60054664385535
183.6005406087474
183.60054143053625
183.6005422421093
183.60054321227196
183.60054409175626
183.6005406087474
183.6012438400485
183.6017241462849
183.60211275784692
183.6022858632005
183.6024588349846
183.6026213326333
183.602740415492
183.60285938197342
183.60286803059927
183.60287003020645
183.6028719562853
183.6028724331999
183.60287289470958
183.60287339719545
183.60287003020645
183.60287421615027
183.6028751796416
183.60287614222912
183.60287640124085
183.60287003020645
183.60304583797216
183.60316591966057
183.60326307026517
183.60330632916484
183.60334956472587
183.60339019153338
183.60341995608576
183.60344969383146
183.60345183822287
183.60345393026518
183.60345601603916
183.60345651518122
183.60344969383146
183.60345076680926
183.60345183822287
183.60345290806814
183.6034539543845
183.60344969383146
