with mode=2, handoff cost coefficient = 1.0
168.0155889081914
168.3965571583945
168.7651984393867
169.11619314293426
169.45128763871642
169.76538304216922
170.07204010945537
170.381296885113
170.68614569441044
170.9899026827864
171.28727489978664
171.5779877571102
171.87184069911248
172.1585009234644
172.44402032475278
172.7270856930146
173.0024709973456
173.27468165374202
173.53252746916445
173.7609296476886
173.9761565963463
174.159480423501
174.33161001510234
174.472045870233
174.60611291866599
174.70665683788474
174.80250354772403
174.89744081986484
174.99195844787312
175.08648408054046
175.17980504812036
175.2711873321304
175.36303097309505
175.45390790266745
175.54452567693343
175.63337814231122
175.72163549397325
175.8088562932736
175.89587556656338
175.97946917957114
176.06196359874207
176.14031003264688
176.2174761582862
176.29059510018686
176.36247966550403
176.4203538191271
176.4764238313024
176.53133769382276
176.5857440980039
176.63842400952055
176.68953449971707
176.73905182408845
176.77854408147763
176.81072308004843
176.8417830904171
176.86931304394835
176.8956258955808
176.91826416737274
176.93958921976804
176.9579592760619
176.9747364528576
176.988614615759
177.00185297198317
177.01432463308637
177.02582396099535
177.03607173006552
177.04567496929056
177.05417067598427
177.06162221379572
177.06826587667962
177.07468299958208
177.08078218724984
177.08555136485182
177.08986730481885
177.09319819988272
177.09592380540494
177.09712307193615
177.0981567435275
177.0989078694566
177.0993854156116
177.0993854156116
177.0993854156116
177.0993854156116
177.0993854156116
177.0993854156116
177.29651955327722
177.45576092172604
177.5092697672718
177.5576397465781
177.60519545734235
177.63629165417257
177.66223773539582
177.68773201150702
177.69043767673628
177.69249204986053
177.6932311510794
177.69389666734938
177.69438389451446
177.69471204732855
177.69505631433645
177.69531085831167
177.6954948220884
177.69561017044526
177.69581664680706
177.6959150957155
177.69603870228158
177.69611672266487
177.69617682766184
177.69625336723868
177.69625333936966
177.69625336723868
177.69625333936966
177.69625336723868
177.69625336723868
177.6966387938202
177.69681131148752
177.69743450532113
177.69751033199734
177.69754818687798
177.6975923172728
177.6977405000521
177.69781478943173
177.69783644084615
177.69819736064127
177.6982122331452
177.69826431803247
177.69827123755869
177.69832002687025
177.69832818597908
177.69834449869404
177.6984845220823
177.69849244634602
177.69849244144692
177.69849244634602
177.69849244144692
177.6984845220823
177.74768696366505
177.78876775562748
177.80066940397955
177.81245925619987
177.82402275138213
177.83171265316497
177.83814369040823
177.84453634641196
177.84471546221218
177.84486242744921
177.84496031711163
177.84498490076822
177.84500246061899
177.84504707024007
177.8450524454645
177.8450568125226
177.84506442266377
177.8450854648499
177.84508889476137
177.84516227141648
177.8451756168168
177.8451756196423
177.84517565855077
177.8451756568058
177.84517565855077
177.8451756168168
177.8452186775399
177.84526682058606
177.8452923459488
177.84533314174092
177.84534318876933
177.84536154372813
177.8453680145778
177.8453786599045
177.8453843692485
177.84539203661342
177.84539676161017
177.84540830849326
177.84541365402234
177.8454173463773
177.8454834344849
177.8454868974724
177.84549185822533
177.84549993173613
177.84550232826197
177.84550863163693
177.84551279538744
177.84551555544536
177.84551977706005
177.84552199806507
177.84552366184636
177.84552571021948
177.84553142391698
177.8455394495982
177.8455422574925
177.8455429893244
177.84554435901563
177.84554912011703
177.84555014209923
177.8455506574636
177.84555836268092
177.84555837184666
177.84555838876432
177.84555014209923
177.85836791258316
177.86847467265582
177.87141840693792
177.87431596620183
177.87719927813234
177.87912461346517
177.88072202863412
177.88231578221522
177.88231798844666
177.88233732002303
177.8823391556419
177.88234114452447
177.88234257513471
177.8823443118202
177.88233732002303
177.88234180905658
177.88234802507293
177.88235133096293
177.88235363108626
177.88235635460006
177.88235831434818
177.88236051764392
177.8823661128368
177.88236755175248
177.88236905714732
177.88237040111517
177.88237162671768
177.88237254511017
177.8823735774363
177.88236905714732
177.8855738230599
177.88810120881163
177.88883699931938
177.88955581960118
177.89027228645307
177.8907539484212
177.89115247540246
177.89155032746615
177.89155185122766
177.8915529098986
177.89155487250972
177.89155629572846
177.89155032746615
177.8915511964103
177.8915520198556
177.8915531747402
177.8915538579973
177.89155032746615
177.89235156535838
177.89298345723915
177.89316739593852
177.8933467078847
177.89352551388964
177.89364594990968
177.89374552977443
177.89384495634818
177.89384546595892
177.89384596911134
177.89384648320083
177.8938469426077
177.89384495634818
177.89384523094895
177.8938454912738
177.89384573821553
177.8938459809337
177.89384495634818
177.89404526871368
177.89420324452053
177.89424922863748
177.8942940320555
177.89433871413388
177.89436882442195
177.89439371614716
177.89441857051173
177.89441871323552
177.8944188483859
177.89441898047582
177.89441911198654
177.89441857051173
177.89441864316564
177.89441871323552
177.89441878122838
177.89441884863834
177.89441857051173
