with mode=2, handoff cost coefficient = 1.0
185.61847426157178
185.99082685292973
186.35541587259846
186.70882340408482
187.05060875861645
187.37739425688156
187.6915430739124
187.970089086759
188.24267438192928
188.51702579118958
188.78762797273137
189.05381743919676
189.3228606100178
189.58559485255807
189.848536672041
190.1105555160247
190.36793373024105
190.61002861756992
190.84263251265406
191.07329241856547
191.2977852674759
191.51663475764218
191.73465693179918
191.94605486125096
192.15631587771938
192.36035023784484
192.55726131622885
192.7492787869608
192.93352349496013
193.0997650671891
193.26538389578718
193.42747967539808
193.58715975796702
193.74015650901177
193.88935747075638
194.02903659979336
194.16482135158913
194.29076417236558
194.41293097596275
194.53732315906774
194.65700254153106
194.7755062519154
194.89382352705846
195.01208793168527
195.12939316596086
195.2416884850056
195.35686599334383
195.46834122054653
195.58351414300463
195.66853378905574
195.74312509604437
195.7981917154468
195.84639564666048
195.8939119387977
195.92983683515195
195.95800183687746
195.98113351642834
196.00150600732644
196.0185487813881
196.0257203491272
196.03212535438428
196.03814782197304
196.04357760755107
196.04829276020456
196.05237739783547
196.05575982018735
196.05880674453766
196.06150334950422
196.06369122977543
196.06546636771253
196.06657965590466
196.06760659144834
196.06784756744554
196.0678459988605
196.06784756744554
196.0678459988605
196.06784756744554
196.06784756744554
196.2676083612373
196.41963114578277
196.52636296074053
196.59064240564004
196.65476631832212
196.71446410136468
196.75283806600606
196.79011896860908
196.79240447541775
196.79338148538108
196.79437468380078
196.79496065084336
196.79541164621733
196.79575929590015
196.7959453159997
196.7968732165591
196.79696562715577
196.7970224831197
196.797082864539
196.79712688774035
196.79712668599635
196.79712688774035
196.79712668599635
196.79712688774035
196.79712688774035
196.7982125401161
196.7983092647663
196.79840858201075
196.79842321315584
196.7984239907326
196.7984310092495
196.79843863608644
196.79845232693603
196.7984523252764
196.79845232693603
196.7984523252764
196.79845232693603
196.79845232693603
196.84980446688755
196.88662399681206
196.91315140768197
196.92991349286558
196.94542038635075
196.96049343888717
196.9694797886189
196.97839168806843
196.9785589547393
196.9787664519161
196.97889442300547
196.9790167203412
196.97919326505922
196.97925126336423
196.97945567500201
196.97949537073882
196.97957749683962
196.97959474749635
196.9796112155838
196.9796229556983
196.97963247106583
196.97963893183802
196.97964822641637
196.979653647993
196.97965578666654
196.9796669600846
196.97966703207692
196.9796698112064
196.97967204059427
196.97967671668306
196.9796800468088
196.97968281614814
196.9796834329589
196.97968344485838
196.9796834329589
196.9796800468088
196.97980848113514
196.979896572099
196.97994943073843
196.98000963545735
196.98005523941208
196.98009007458467
196.98011246703243
196.98017905008118
196.98019377057147
196.98019795279745
196.9802174164431
196.98024397396335
196.98027893104387
196.98028511689455
196.98033864900938
196.9803415551587
196.98034446748778
196.980345546667
196.98034636760113
196.98033864900938
196.99323116211636
197.00273814666016
197.00935430697507
197.01345839756462
197.0171819470079
197.01952220510165
197.02175750412374
197.0239833881114
197.02531370697972
197.02532616846023
197.02533925709793
197.02536166256994
197.02536715055763
197.02538728503828
197.02539273469384
197.02539793024826
197.02540607897436
197.02540867955713
197.02542316942254
197.02542482054668
197.02542628151153
197.0254274791943
197.02542877545014
197.02542316942254
197.02543169028903
197.02543526839077
197.02544123639686
197.02544361874942
197.02544587884816
197.025450571875
197.02545253271052
197.02545373915484
197.02545473905926
197.02544587884816
197.02866962103286
197.03104679175513
197.03269990653516
197.03372637495173
197.03428423254636
197.03484010440351
197.03511055976594
197.03575690096864
197.03599251526825
197.03667095677667
197.0366753496582
197.03667861900198
197.03668073177437
197.03668257472754
197.03668436864098
197.03668615230146
197.0366875101407
197.0366891101033
197.03668257472754
197.03668934514766
197.03669057410664
197.03669173820205
197.03669262711665
197.03669331172867
197.0366942715711
197.0366948806438
197.03669552222675
197.03669262711665
197.03749856068856
197.03809285608153
197.038506055653
197.03876266905482
197.0389943621846
197.03913375385358
197.03927278493322
197.03927600661743
197.03927641517694
197.0392768485448
197.0392772371733
197.03927278493322
197.03927494944094
197.03927542889593
197.0392756480651
197.03927585518522
197.03927278493322
197.0394742663176
197.03962283955119
197.03972613760808
197.03979029481704
197.0398482071242
197.0398830463463
197.03991779812998
197.03991888003034
197.0399199582461
197.0399202019569
197.03992044105357
197.03991779812998
197.03994647469523
197.03994701595212
197.03994755628864
197.0399480957018
197.03994863419655
197.03994647469523
