with mode=2, handoff cost coefficient = 1.0
173.78696467095477
174.18019962800338
174.5730701697779
174.96593804853705
175.35624837263623
175.74204566978784
176.1264911939898
176.46251291563482
176.79346397062974
177.11480370730024
177.4293562530883
177.7324467297956
178.02902066579878
178.2378293607998
178.44658270964212
178.6550004708365
178.86182972279803
179.06724622810717
179.26830647988544
179.44448776073818
179.6265445057069
179.80912646110164
179.992921682734
180.17658639453762
180.36127518425855
180.46501312848798
180.56700367776918
180.66716934414669
180.765455441303
180.8619363109502
180.95657784933545
181.043671803907
181.12632974854193
181.20680611904504
181.28642665635473
181.36380262147932
181.4401041540152
181.51441058152906
181.5875895351872
181.65874618243038
181.72891903175068
181.7967883823238
181.863702677323
181.92816487149048
181.98402128984486
182.03911962252064
182.09491565067404
182.15019641875674
182.2042314763922
182.25718833493855
182.30890979279295
182.3594968453512
182.40762610034216
182.45541423304104
182.5013113174474
182.54174919169753
182.5813755001137
182.61796090405605
182.65240211900007
182.6861011505547
182.71628006316436
182.74591366491373
182.7738026908473
182.80158396740697
182.82732438582286
182.85113524205548
182.87256408343507
182.8932363916201
182.9114716309456
182.9277053905561
182.94113768209888
182.95313739384667
182.96511397013305
182.97528916563505
182.98496429324874
182.993697108685
183.00050826922165
183.003350943419
183.00677053546366
183.01008512729652
183.01306354127837
183.01469840303525
183.01713338118665
183.02086270439497
183.0222987259216
183.0227325883024
183.02310319489638
183.02310231487124
183.02310319489638
183.02310231487124
183.02310319489638
183.02310319489638
183.21721885197957
183.39270664463186
183.4665456633727
183.53445822303584
183.5881113575264
183.61955917696855
183.64095995505303
183.66225653348133
183.66557871806506
183.66694675554024
183.6695024028237
183.67052825014957
183.67129038105196
183.67193156746157
183.67322391577983
183.6734728047083
183.67387835418438
183.6741259830345
183.67436533162874
183.67542224948537
183.67562852549577
183.67687294392752
183.67718861208363
183.67732731245934
183.67745297128783
183.67758672241249
183.6781276732909
183.67914946035884
183.67937504710815
183.6793748527386
183.67937504710815
183.6793748527386
183.67937504710815
183.67937504710815
183.68015618493044
183.68034477129035
183.6805665594184
183.68082497433534
183.6809803348979
183.68109671906583
183.6812159189974
183.6813029704039
183.6813517041947
183.681574025663
183.68161755238074
183.6816888439716
183.68184816399466
183.68187728504208
183.68187724297454
183.68187728504208
183.68187724297454
183.68187728504208
183.68187728504208
183.73189578088943
183.77561387425982
183.7921014059328
183.8082161919992
183.82157543564114
183.82935734200873
183.83473065485873
183.83983708267107
183.84163355630614
183.84170532647926
183.84175412445808
183.84183155157282
183.84190414737162
183.8419529179848
183.8420916211606
183.84212445714388
183.8422433330993
183.8422756365992
183.84230760032187
183.84235190052385
183.84236786166005
183.84237132029742
183.84237224438047
183.84239188241366
183.8424599013245
183.84246316461252
183.84246321698376
183.84246328740235
183.84246327525085
183.8424599013245
183.84252248884331
183.84255879756086
183.84257371441487
183.8425863543539
183.84260367541117
183.84261724241776
183.8426341612727
183.84264229788596
183.8426799556346
183.84268768545513
183.8426949176304
183.84270600612564
183.84271533808305
183.8427218005432
183.84273212579444
183.84273835696808
183.84275089792447
183.8427553132683
183.8427670323237
183.8427840811426
183.84278847323216
183.842793178441
183.8427982718185
183.84280285844585
183.84280619622638
183.84280770628283
183.84281342325153
183.84282199447767
183.84282397581137
183.84282404111957
183.84282405255544
183.84282408305262
183.8428240986012
183.84282397581137
183.85531068654666
183.86729594015918
183.871721468595
183.8761450917629
183.87948418009148
183.88149292443967
183.8827659821543
183.88403456857554
183.88406361138283
183.88421191583527
183.88423900195514
183.8843792389626
183.8843866960093
183.88439231111974
183.88440156977896
183.88440538171042
183.88441115266303
183.88442080439867
183.8844249505861
183.88442836311717
183.8844392581869
183.88444150676162
183.88444711793903
183.88445258657845
183.88446086161036
183.88446303686916
183.88446530743943
183.88447533799456
183.8844789185785
183.8844832452363
183.88448718532186
183.88448879504313
183.8844902987375
183.88449563569816
183.8844968290097
183.88450591553908
183.8845068526175
183.8845095917803
183.88451402254196
183.88451431842105
183.8845230329039
183.88452502326697
183.8845318671866
183.88453487259946
183.88453701405086
183.8845414061429
183.8845431759217
183.88454346774324
183.88453487259946
183.88468778912627
183.88469120267757
183.8846941227041
183.88469672992574
183.8846992729955
183.88470093040067
183.88470251321297
183.8847038419525
183.88470519396554
183.8846992729955
183.88781994489256
183.89081648605296
183.8919195141214
183.89302170653235
183.89385619352453
183.89435840546975
183.894676345464
183.89499356209984
183.8950687982117
183.89507060208626
183.89507178830368
183.89507296285072
183.8950742161383
183.8950687982117
183.8951059575551
183.89510706453348
183.89510791735353
183.89510863880733
183.89510933642177
183.8951059575551
183.89588605165466
183.89663518345807
183.89691063131448
183.8971859930458
183.8973946062559
183.8975201729662
183.89759962532963
183.897678907197
183.89769748863336
183.89769808696596
183.89769862175783
183.89769909300762
183.89769950072008
183.89769748863336
183.89770670104642
183.89770701303044
183.89770730912852
183.8977075893435
183.89770785367077
183.8977081021138
183.8977083346728
183.89770855134563
183.8977075893435
183.89790260795974
183.89808989035367
183.89815873389773
183.89822756600626
183.89827971877503
183.89831111130968
183.8983309723609
183.89835079143438
183.8983509261924
183.8983510569812
183.89835118379557
183.89835130664073
183.89835079143438
183.89835310712868
183.8983531750568
183.89835324199208
183.89835330793505
183.89835079143438
