with mode=2, handoff cost coefficient = 1.0
185.93381053094473
186.17904856152668
186.41884305483728
186.6528783084604
186.88006911504587
187.10103524413645
187.31581459959227
187.52935545272902
187.73652077600823
187.9351802423328
188.13726782886596
188.33326050991417
188.53465649184162
188.72956062051352
188.92214088830184
189.11893720970977
189.30968899968707
189.50609704004546
189.69573922664267
189.87955414079528
190.0624748434244
190.24131800368542
190.41884013871044
190.59190910178154
190.75924795790598
190.92444748144604
191.08646373470916
191.2480124722816
191.40765529948052
191.56662532240767
191.72707017145567
191.88727908857905
192.04467951409669
192.20095905614193
192.357095209292
192.51411318936536
192.66815760157385
192.81861823189985
192.96650031976506
193.11633128346355
193.26395217768388
193.41065483703917
193.55716769341132
193.7049037343783
193.8504969834247
193.9947943038758
194.13824302071427
194.27524552303686
194.4070928723901
194.47097259827927
194.52563265669733
194.56618010260803
194.60180509387922
194.6358580508349
194.66403165163646
194.68488749681256
194.70285842859695
194.71494777573426
194.72509279753461
194.73182362568977
194.73766855561087
194.74007759009885
194.74186452436876
194.7427433971542
194.7434526803314
194.74399492170025
194.74441382291823
194.74476659090513
194.7450304480182
194.7452665630007
194.74536237763897
194.74551574021814
194.7455384836232
194.74556020370085
194.7455384836232
194.74556020370085
194.7455384836232
194.74556020370085
194.74556020370085
194.8777434271558
194.99358752268762
195.07665901664694
195.15239176882292
195.20450548582258
195.2532658598923
195.29912007620024
195.3450729746344
195.34878783095834
195.35015431576346
195.3509930228915
195.35119564235708
195.35197221561543
195.35339734159967
195.35387745455427
195.35411443938116
195.35426112508154
195.35433211703383
195.3543738632119
195.35437845946072
195.35437388690391
195.35438674298294
195.3543834267658
195.3544110361566
195.35440340322313
195.3544110361566
195.35440340322313
195.3544110361566
195.3544110361566
195.35523221627278
195.3558354490172
195.35615128490377
195.35669511272025
195.35684060149916
195.35718932321834
195.3575132132497
195.35762028050434
195.35776728823706
195.3578510365566
195.35804157267032
195.35840779060496
195.35855102818593
195.35902112187574
195.35909309472464
195.35915644350248
195.35919374599132
195.35923430622378
195.35952373886036
195.3595951924118
195.35961613099042
195.35963588533676
195.35970922825763
195.35990516903277
195.35994345312278
195.35995258847566
195.359961148597
195.3599798829923
195.35998444592795
195.35999018489167
195.35999021481936
195.35999065258983
195.3599912849099
195.35999394267895
195.35999018489167
195.39265490134957
195.42128652340043
195.44213979771533
195.46107994974807
195.47326812856832
195.48527724774837
195.49619381381095
195.5069098059012
195.50732237274923
195.50743784170302
195.5074615894695
195.507574177601
195.5075847430881
195.50759778491127
195.5076185073048
195.50762507491027
195.50762833509268
195.50763005892912
195.5076322304168
195.50764796663975
195.50765886703334
195.50766516862748
195.50766875130716
195.5076703192094
195.5076703154906
195.507671388417
195.50767100990572
195.5076719078137
195.5076703192094
195.5077916719992
195.50790348859687
195.5079447354541
195.5079678493587
195.50798891929176
195.50800881043995
195.50803951694797
195.5080574155839
195.50807123921695
195.50808274538616
195.50808845668766
195.5080945437761
195.50809733404455
195.50809929310236
195.50810050518962
195.50810164779148
195.5080945437761
195.51644583071348
195.5239146934289
195.5291282595592
195.53386707494155
195.5371193473206
195.54014752793256
195.54287692157789
195.5455790277804
195.5456669743164
195.54567689328582
195.5456857556691
195.54570032893128
195.54570827537333
195.54571396287204
195.54571792128573
195.545719571501
195.54572913070004
195.54573348480616
195.54574189395245
195.5457434986275
195.54574471154635
195.5457456990463
195.54574652920718
195.54574189395245
195.54578846490202
195.54582368558553
195.54584018034635
195.54584695433576
195.54585012387113
195.54585321801446
195.54585546113023
195.5458574600266
195.54585916109255
195.54586163162807
195.54586433951462
195.5458658782495
195.54586703556114
195.54586877114377
195.54587010738706
195.54586433951462
195.548007942804
195.5498756430272
195.5511794450159
195.55236454407648
195.5531183856049
195.55387148327557
195.55455119990998
195.55522394337368
195.5552450683277
195.55526196452664
195.55526885119605
195.55527284137523
195.55527527487047
195.55527723973006
195.55527911527201
195.55528068970875
195.55527284137523
195.5552746640592
195.55527605493702
195.55528425999748
195.55528554608793
195.55528676139514
195.5552879091915
195.55528891289907
195.55529723347755
195.55529813240074
195.55529894946397
195.5552996983899
195.55530043185786
195.55529723347755
195.55583322553568
195.55630016359228
195.55662615479474
195.5569224438672
195.55711057077315
195.55729852430784
195.55746672360505
195.55753053504293
195.5576348799699
195.55763574807781
195.5576362673408
195.557636699532
195.55764081964475
195.5576348799699
195.55763569836313
195.5576361360079
195.55763656647105
195.55763683698734
195.5576348799699
195.55776887832548
195.5578856116648
195.55796710994883
195.55804118226985
195.5580882068101
195.55813518946178
195.55817760907536
195.55821964963147
195.5582208932627
195.5582218964408
195.55822230813712
195.55822271501165
195.55821964963147
195.55822027208055
195.5582208932627
195.55822139548465
195.5582218964408
195.55821964963147
