with mode=2, handoff cost coefficient = 1.0
297.65924167774756
298.80663928236777
299.9061662064607
300.9742311179683
302.02621819919256
302.9236271851192
303.8149986735185
304.71430897216425
305.5843356772087
306.39805254278906
307.2378189857538
308.0273797236271
308.8113014985923
309.53760197047467
310.2709370475401
310.89844184440125
311.46428533577097
312.00463118257056
312.5354579588039
313.0685772869471
313.5892611214108
314.10285081468066
314.57791371490106
315.0501210133116
315.5342117838466
315.98653047154244
316.4263855436665
316.82701152283454
317.2074800483122
317.54072904747875
317.8752417639825
318.21101519295576
318.54325579109775
318.87431402733694
319.20495528017784
319.53413223996534
319.848265234702
320.1623982294387
320.45948103141285
320.75576609163596
321.05053907855984
321.3387432081232
321.6353672806812
321.9356622251343
322.21848289675506
322.5004533419085
322.7798526405943
323.0577811418491
323.3289172705523
323.59227838566426
323.8556395007762
324.1051425112113
324.35095817725085
324.5956100715515
324.8382096671446
325.0784193040362
325.3115273078485
325.54377471236904
325.7701941525524
325.99637066534774
326.21849733119655
326.43945092178546
326.6560192460415
326.86288123710585
327.06772324251887
327.2715919744568
327.4747796125234
327.6755648190658
327.8737945091841
328.07124376409286
328.26762997476413
328.4662289836065
328.66933583409906
328.870377484295
329.0565146999674
329.236382108722
329.40905569507527
329.5803311433007
329.749771280167
329.9162688736074
330.0628627359626
330.1974302732112
330.33334920746773
330.4538311097956
330.5735553093551
330.6978607034239
330.81377715436514
330.93132871021317
331.04460843355014
331.1565667828117
331.2628008889235
331.3678606605008
331.47142793500126
331.57182915916565
331.6739657552443
331.7775825564273
331.8826780004786
331.98775247881844
332.0879762372018
332.19039653760666
332.293081953325
332.3985210353318
332.5029540966236
332.6025876542778
332.70294469698626
332.8045766174008
332.90681332134517
333.00441493804806
333.11007828820425
333.1964186040246
333.2806076326988
333.3652649542203
333.45516560429974
333.54857669647294
333.63068170023035
333.7064194270045
333.786409495111
333.85908459205433
333.9340188868444
334.0025657697952
334.06812765679985
334.1335146826238
334.19836166197564
334.26120347976615
334.3227422584608
334.38397369787043
334.44462524956515
334.505196692246
334.57592837678266
334.64293383138295
334.7043923025267
334.7625003175266
334.82052320520404
334.8767296256033
334.93256420390196
334.98768714071093
335.04650743935713
335.10185770936266
335.1564882514832
335.2145504345815
335.2691724209701
335.32306786507047
335.376973841521
335.42775136635555
335.4689528026998
335.50998322623514
335.5414272198346
335.57466962836156
335.6026064601827
335.63123832488077
335.65692168169
335.6825405657239
335.70931427645183
335.72878506282575
335.74755921710437
335.7708626145885
335.78722245539933
335.80712194803795
335.82539982249665
335.841501350342
335.85716266966574
335.8659878964456
335.877700292387
335.8860757328412
335.89753888653144
335.9045075506985
335.9116399185445
335.9188448613437
335.928540644418
335.9357636394233
335.9463487346719
335.9536289968565
335.96108656464884
335.96727711338485
335.9728315956677
335.98116874932464
335.9877320924821
335.9935828646526
335.9996353285302
336.0060751071597
336.0093894798405
336.01912935036745
336.0345284539481
336.055636602293
336.08182646826845
336.11244722507405
336.14578590104577
336.1873746383415
336.23637817596756
336.29218617968814
336.3530685595927
336.41893617889434
336.4379591952439
336.4565461818638
336.47261035200097
336.48824132852525
336.5006797157988
336.5130084189819
336.52298583705783
336.53290120342587
336.5392809244086
336.5457557674914
336.54869113601535
336.5545321926577
336.55721679865263
336.5601170217633
336.56278625111855
336.56535774005505
336.59014607070355
336.5919176116995
336.59320973603656
336.59784100343165
336.6238728775138
336.62516144123447
336.6263336586818
336.62843340233616
336.62890297727165
336.629320737239
336.63167811158905
336.63167811158905
336.63167811158905
336.63167811158905
336.63167811158905
336.63167811158905
336.8353492358073
336.880424447732
336.91653023332145
336.95301760923024
336.97792906033214
336.9917107309059
337.00252163565693
337.0064998593032
337.0162187191229
337.02043779876755
337.02733613211643
337.0311001745991
337.0395973870404
337.0443087063889
337.0475870832787
337.0533928196169
337.0563939280152
337.0585741735761
337.0603404738125
337.06544171486945
337.0671151126234
337.0684288811595
337.07028722993294
337.07135548289756
337.0728662913572
337.0735977751684
337.0818129791226
337.0831516313775
337.08904407359165
337.0900217110957
337.09485275269395
337.0963174226938
337.09954357653857
337.10112977706694
337.10277042555833
337.1041837168603
337.10909296250395
337.10942656257527
337.10943832757766
337.1134503284595
337.1134494323999
337.11805750568544
337.1180887963995
337.1225721195555
337.12576644809656
337.1263149432377
337.12628711013804
337.1265786731164
337.1266708843495
337.1267069607764
337.1270794167138
337.1270247844168
337.1270794167138
337.1270247844168
337.1270794167138
337.1270794167138
337.22710987467394
337.3260792676856
337.42477536131844
337.494030628225
337.5325880738489
337.57022583158846
337.6071292901854
337.64358244036254
337.6791735747712
337.7146603052761
337.74915785560006
337.7803379579836
337.8089201218127
337.8359252567782
337.8623306953871
337.8872047516417
337.9113105396681
337.933812215026
337.954011457681
337.9730576802267
337.984596695543
337.993609927895
338.00006344058625
338.0077864686057
338.0133568058245
338.01884158322315
338.0237769085898
338.0285079625779
338.03201179437406
338.03626128678064
338.04069736916716
338.0440597844302
338.04811101057186
338.05067684115403
338.0531737735045
338.0549974679284
338.05675341523613
338.0584784029994
338.06041507616516
338.06204023810426
338.06391968287386
338.0661324249164
338.06806497005135
338.0698850663008
338.0714600019874
338.07358868026097
338.07503532256544
338.0770696448339
338.0783850815867
338.0794692414486
338.0804294208976
338.0821597164296
338.08295574148445
338.0847103573942
338.0855680675973
338.0860448176341
338.0867344135372
338.0872607521883
338.08847548201595
338.0891978507891
338.0896847419841
338.09021418115515
338.09038824345765
338.0922460301451
338.0923543300938
338.09243211473347
338.0924987330401
338.09370405346976
338.09425697622237
338.09685036373907
338.0973350340376
338.09754535471933
338.0986401606323
338.09870446430733
338.0996241386133
338.09970306933695
338.09991983555545
338.100265462074
338.1006734588546
338.100832544745
338.1009389524612
338.10098695321733
338.10099723423986
338.10100281736834
338.10100271467496
338.10100281736834
338.10100271467496
338.10099723423986
338.19082947223035
338.26701381406616
338.34210971594075
338.41238864951856
338.48194268123655
338.5509483749551
338.60064311464726
338.6492899514989
338.6834526316561
338.7143548945442
338.7350666294694
338.75372234655873
338.7708814970907
338.78765440696594
338.8041321730673
338.8204321904259
338.8365188655117
338.85210388380733
338.8661577201814
338.8801349025109
338.89354570977224
338.90535067313937
338.91662209078925
338.9274013532669
338.93727104869777
338.9466263533684
338.9557408370307
338.96389000852906
338.97028741917364
338.9763679894935
338.982429425967
338.9877840900317
338.9919769564376
338.9948678193399
338.9977415852576
338.9999035215494
339.001696651972
339.0029131750077
339.00411634346125
339.0048001333028
339.00548349529123
339.0060340521492
339.0067669142643
339.0072796038415
339.00813558479933
339.0091900570762
339.00985462831267
339.0105951615498
339.01142958283674
339.011935299319
339.01239986162864
339.01284093891405
339.0132212486596
339.01439670333855
339.0147519805836
339.01511113349073
339.01540977652354
339.0156638332651
339.0164535204169
339.0167045429957
339.01688350998927
339.01735256133776
339.0177927524294
339.01808728138036
339.018379612325
339.0185732937565
339.0187452116453
339.01903729879245
339.0191834192081
339.0197582913421
339.01988233896674
339.020168639141
339.020813680608
339.02158372499866
339.02170659857893
339.0219636730722
339.0220618691579
339.0221912695429
339.022824829666
339.02289915179455
339.02348024736835
339.02355312243947
339.023780731987
339.0239445219109
339.02401497822615
339.0242335547323
339.02461065361973
339.0248118314615
339.0251079835036
339.0252510202029
339.0255371833755
339.0257066799827
339.0258868009907
339.02599181814173
339.026289337832
339.0263798740825
339.0264387139534
339.02656074535713
339.0269031040818
339.0269417430982
339.0269893315789
339.02702401266896
339.0270410072361
339.02751245835367
339.0275183291566
339.02756204786647
339.02756503128523
339.0275897794605
339.0276068671037
339.02760681941595
339.0276068671037
339.02760681941595
339.0276068671037
339.0276068671037
339.0701833536192
339.10606326910136
339.14102320429873
339.17461177285827
339.208000404091
339.2413514076106
339.26639022952554
339.2909431071417
339.31539393925806
339.3334895974327
339.34903822397075
339.3630819305544
339.3717973261096
339.37998813668673
339.3877374899254
339.39547415836074
339.40316143435757
339.41086527833045
339.4185093614829
