with mode=2, handoff cost coefficient = 1.0
303.0895161914023
304.29360312618155
305.47625588304993
306.6123626268862
307.7580535792739
308.64951855051976
309.5691243934406
310.44209246903904
311.3149212209361
312.1283267729406
312.95501997329734
313.7496722209726
314.5395654672143
315.2898412265549
316.01621429871494
316.7801168465915
317.4775588512412
318.09959851942915
318.7110570751797
319.2777674644502
319.84584396076076
320.36175585017344
320.8790338466262
321.36237547592293
321.845355182929
322.33450405563946
322.8273342838083
323.31399534641656
323.7993465832817
324.2657162600958
324.73345204394997
325.1668602567848
325.5973019134784
326.02132883958836
326.4446211122649
326.86791338494146
327.27692711534144
327.68228922952653
328.0817520428449
328.46611545860316
328.84433095992364
329.21733789239784
329.59016764024636
329.9619227461546
330.33443446923735
330.7062451102839
331.06902209578334
331.42739801068444
331.7795033029759
332.1328816572994
332.4777595120319
332.8196824597508
333.16021423085874
333.5005181931855
333.81962356991056
334.13002391462146
334.42124671065017
334.7097367072314
334.9971033487135
335.2724668055293
335.54309100396034
335.797322774956
336.0658940423153
336.3129442838605
336.57723825107144
336.8089656712331
337.0419048105537
337.27327853023144
337.50425197251485
337.73094530766866
337.9409987071903
338.16311568944764
338.3708646181691
338.5675749421436
338.7589443669005
338.9697998273504
339.1547776300617
339.3379684902026
339.52524688014324
339.71694311930344
339.909065770406
340.0998857430266
340.28054326897177
340.4583144300963
340.634265226085
340.8140884086036
340.99707150077313
341.18101308865266
341.3649926013483
341.5396429514941
341.7106830336907
341.88844288145003
342.07097960876877
342.2559562070408
342.42364462758667
342.5864641209841
342.74896236710333
342.9110778462837
343.0714892209804
343.214040730922
343.3657907686688
343.50629880027054
343.64580050923695
343.7836400915809
343.92177092961066
344.0512254929476
344.16750929148935
344.28070553499117
344.3927672169742
344.4920002218901
344.585021869612
344.68447918631813
344.7731439673822
344.85037796096236
344.9292009732638
345.0258280182741
345.10342251547996
345.1726002549575
345.24151184747086
345.3064470551713
345.3704300442288
345.433997605292
345.49739124355386
345.5722560863012
345.63526057142775
345.69813884732196
345.75934327441814
345.81979830913383
345.8911901385438
345.95114478454116
346.0105244095937
346.0717101134268
346.12861740647065
346.1852585518279
346.2412866579515
346.2964462074499
346.3507127312395
346.4030469684224
346.455386117157
346.5060455098278
346.55418402521707
346.60168737166214
346.64814333729527
346.6871837364207
346.7264930671787
346.76419227025747
346.81065853734805
346.8512601288804
346.88809569106553
346.91885017687815
346.94046667525777
346.9616013190889
346.98128804518296
347.0001157373555
347.054110670015
347.1425377076173
347.2635158626472
347.4129474280023
347.58683074623104
347.6925882716024
347.82606895584024
347.98595285928434
348.17018407077967
348.37528604226134
348.5976150267493
348.67030948540696
348.74148750722304
348.8100690587502
348.8774870463642
348.94125457022153
349.0042870659661
349.06381804301236
349.1227825402642
349.1759133894085
349.2286145309113
349.2753211966582
349.3216525143732
349.3367864656297
349.35134546190164
349.3654556565917
349.3879136957384
349.398000858531
349.4058732443437
349.41610589336693
349.4258660683569
349.4333122019643
349.45452113317253
349.47034828334785
349.483601409552
349.4958668956799
349.51524460693025
349.5258439645573
349.53246300599193
349.5384850418828
349.5456231329002
349.54976426416295
349.55319782544296
349.5615251066206
349.564377606615
349.5680994887459
349.5703603850719
349.5726074399601
349.5761119923004
349.577870273614
349.58308378406974
349.59100939672874
349.5910613289632
349.59224693668995
349.59223893165625
349.59674997165246
349.5979103841448
349.60686677387724
349.61286470378394
349.622141028364
349.6229964260819
349.6265214185705
349.6363260478196
349.63741213496456
349.63824975801117
349.64189371633256
349.6429484204019
349.64331728169253
349.6429484204019
349.64331728169253
349.6429484204019
349.64331728169253
349.64331728169253
349.92596694019846
350.0306934893674
350.13326112735825
350.22308122315286
350.2440703872562
350.2610128436042
350.27426071956813
350.27878154167547
350.2826985022071
350.2875314620713
350.2939243281252
350.2973679353426
350.3024361103131
350.311364153548
350.3143962079722
350.3171998743513
350.3197066547639
350.3223458311438
350.32488712219333
350.32769754942
350.33546799017114
350.33849879935906
350.34044035511477
350.3436995660756
350.3466723511915
350.3485284086459
350.3512331600336
350.3528365048081
350.35523827884026
350.3565505902341
350.3640449363133
350.3652696304073
350.3664344604867
350.3675219012444
350.370020874339
350.3710960491463
350.372052762457
350.3737433731621
350.3767522514645
350.3775668163272
350.3837729579111
350.38455691769815
350.3869589772762
350.3876521693632
350.39103997273736
350.3915658034079
350.39247715950734
350.3928038057501
350.3929955880873
350.39553025599264
350.3956175768732
350.39855085175725
350.3985766624505
350.39863773032795
350.39861463283563
350.40100481019545
350.401073917764
350.40104575761256
350.401073917764
350.40104575761256
350.401073917764
350.401073917764
350.5395071171411
350.6138644556144
350.67813166401805
350.7417770922711
350.799640826299
350.8543641645984
350.9074394806625
350.9530337997466
350.9959928353739
351.0383349856823
351.07672325055705
351.1135785907113
351.14632079722486
351.17705646726137
351.1998747928595
351.2165756523758
351.2328949483293
351.2466156519983
351.26134113616797
351.27195149000255
351.28014071593157
351.287096279319
351.2926478581728
351.29749287475806
351.30217771159954
351.306622111449
351.310762703979
351.31451133263744
351.3181883686164
351.3218418851381
351.3254369851281
351.3278536057093
351.33074917382703
351.3343753913225
351.3367249172635
351.3388265706528
351.3409585438736
351.3464690914095
351.3515621610967
351.35436085487333
351.35623229420304
351.35970601743844
351.3615064681199
351.3632839860633
351.36441331075576
351.36612227037796
351.36725955531614
351.368992969708
351.37000898538605
351.3710463490972
351.3719433615752
351.3734254662666
351.37415209329
351.37618465985014
351.37703338841914
351.37934591046456
351.37992754186683
351.38093267877247
351.3815647345365
351.38221293079243
351.3827758932574
351.38406655560317
351.3849528129865
351.38527252000443
351.386303190414
351.3867305028004
351.38733406405714
351.3877310479429
351.3884595805032
351.3887742298023
351.39149909094965
351.3917339657232
351.39206372965754
351.39229740475946
351.39250158409396
351.3949832526229
351.39515919307706
351.3953270836433
351.3960730580943
351.3962149457127
351.39664044634833
351.39697414262406
351.3987705972074
351.3991630166295
351.3992802247668
351.399376172199
351.3995689529694
351.3999368264922
351.4002970471812
351.4004349090071
351.40057784343765
351.40066632078253
351.40073536666034
351.4013123604582
351.4013186839077
351.4013123604582
351.4013186839077
351.4013123604582
351.4013123604582
351.49884581069307
351.588035569431
351.6660280183587
351.72990365588964
351.7932963527698
351.85628724491477
351.8991854676908
351.9394693092957
351.9701947241759
352.00079046392517
352.02928787063706
352.0554847004911
352.0813496511034
352.10775785966564
352.13364650008634
352.1587525493994
352.18334443483013
352.20540126140145
352.2238940384751
352.2406833575035
352.25719927261366
352.27296592837115
352.2865398859726
352.2975023278322
352.30740201913335
352.31700615831335
352.3256089780874
352.3340625451165
352.34145919319906
352.3478816465418
352.3540007721882
352.36004896451317
352.3656881140343
352.3699868971575
352.3738223106947
352.3761723806475
352.3782046728409
352.37998458344094
352.38185343968973
352.38360602020595
352.3851467618609
352.38656129584166
352.38794081937783
352.38926857627274
352.3905921630948
352.3917375538759
352.3928407394587
352.3938703911171
352.3947735810697
352.3958678215566
352.3967682742622
352.3977565712779
352.3986048037033
352.39937357989186
352.4002267891228
352.4009081638246
352.4015006031903
352.40207955747496
352.4026546881635
352.4031906898822
352.4037022457642
352.4041812711382
352.40462374768435
352.40505987451934
352.4054735891331
352.4069367565049
352.40734804443747
352.407753440875
352.40807902402844
352.4083800303074
352.4088193517816
352.40911628349505
352.40940170601067
352.4096854704397
352.40992725455425
352.4101945206866
352.4104446518005
352.41065411475984
352.41083638761705
352.4110016364928
352.411218305266
352.4113879361253
352.411957383347
352.4121205950193
352.41231835418495
352.41259818694226
352.41275065909196
352.4129129857752
352.4130846654803
352.413253129029
352.4133688416021
352.41346654037915
352.4137109248091
352.4139737563809
352.41405446954656
352.41417703823623
352.4142413112077
352.4144824375956
352.41453811143623
352.41463853242493
352.4146978792691
352.41475191055173
352.4149802213058
352.4151137821446
352.4152848114566
352.4153380625764
352.4156175227279
352.4156618814474
352.41585554369755
352.4160474047051
352.416148729907
352.4162681094427
352.4163488487458
