with mode=2, handoff cost coefficient = 1.0
284.05428328955577
285.14194844641986
286.212112679684
287.2471084127839
288.3063903461183
289.0507914920534
289.81795354883593
290.55245124576
291.28664007459383
292.00276795142764
292.72372279800123
293.3929009176867
294.0444479216322
294.69840705412867
295.3464551358253
296.01081665454495
296.65228780923246
297.23638099934146
297.82409894190744
298.383689771977
298.9595940390696
299.4682809031021
299.94899266495787
300.4460178638367
300.9165519160833
301.3797617351649
301.86720767543835
302.3797128754085
302.8913145557278
303.42476486517165
303.8460080163682
304.2580706076831
304.6637925285608
305.0695144494385
305.46504272714867
305.85936578110363
306.25137634168925
306.6326359177751
306.99246095474393
307.3492832893678
307.70521023163207
308.05432910629895
308.40325100821286
308.74891101669937
309.0811540531351
309.40376825338114
309.72317802405735
310.0429012588219
310.36181938169176
310.67133759297553
310.97848173329373
311.2708535740686
311.57152886436285
311.8769510716166
312.18147905933836
312.46941643262943
312.7544067466143
313.04050710282485
313.31007688532515
313.5683010581849
313.83743937951317
314.091565623464
314.3369683253824
314.5838069000355
314.8084289920041
315.03076285878456
315.2478895299575
315.45296615488695
315.6569327261518
315.8804354080452
316.12486983767246
316.38881931089503
316.6708429633718
316.8774194931714
317.11345688951724
317.376678233153
317.66065528017873
317.964626483852
318.1927859482456
318.4508482533832
318.72836925373633
319.02189718582554
319.2146928843539
319.4066403427799
319.59500391584254
319.78233748943927
319.96828626487275
320.1539053182849
320.33524441786227
320.511301096629
320.68316276344007
320.85159361662386
321.01577280830253
321.1788346410865
321.33814453381166
321.4964773738552
321.63967382347175
321.7709643620677
321.8961628258747
322.03319298978215
322.1593003208901
322.27400408572726
322.387716466083
322.5008837066245
322.61185882671913
322.7249526985425
322.8335749532169
322.9414592488216
323.0480127173767
323.1537667369127
323.25881204512154
323.36323037151374
323.4674972771548
323.5717023444853
323.6727866394838
323.7728841416855
323.87147570048745
323.9668216553573
324.0611528987922
324.14989103686617
324.23692417217075
324.32318579831275
324.42647440598006
324.5086093323767
324.5931495396846
324.6732802884952
324.75127791517156
324.8308414641525
324.90464019748595
324.97796902653647
325.04951757905656
325.12032365378894
325.1875988378693
325.25020715656086
325.30435477329354
325.36294105965425
325.414034610108
325.47112312863396
325.5109887836188
325.5523880583208
325.591695616277
325.6300947338968
325.66799207139564
325.70627762291247
325.7327266997225
325.7578347883791
325.78093284351206
325.8029803694543
325.8283390662487
325.85401969795504
325.8771251323086
325.8996628727727
325.9206070899909
325.98189474285016
326.08196921516543
326.2183081256604
326.388534796736
326.5872012272578
326.6980397179852
326.8393069994066
327.00951414084193
327.2068458981958
327.4294846233385
327.67275584695386
327.7539952683898
327.8338921965827
327.9125410688361
327.990126570472
328.06561912758747
328.1403774634623
328.21131553798995
328.2816183634323
328.34751209640035
328.4129706323817
328.4723647834253
328.5313903302352
328.5467187138245
328.56451734824304
328.58896677310946
328.6027638624707
328.6157546765928
328.6278954427467
328.6490328489485
328.66356652197396
328.67610092282126
328.6870367052695
328.69622552566045
328.7067448800269
328.7144662631733
328.7210195492598
328.72672223549984
328.74709197395055
328.75842080567276
328.7686877296339
328.77619531792436
328.7832306197438
328.7879804121562
328.79232187703815
328.7982685779723
328.80173852678496
328.81238151662285
328.81526723714796
328.81747392098293
328.8257691091027
328.8275911214494
328.82909270965456
328.8325274689159
328.8360263727078
328.83752025168127
328.8393195369696
328.84003342212463
328.84383418251537
328.8438586609407
328.8488555496917
328.85396033284076
328.85793597733135
328.85841547921973
328.86253671658596
328.8630475498895
328.8672775480028
328.86800753504275
328.87294201427596
328.87576438183663
328.875615555351
328.87613769470585
328.87624901479535
328.87689400769324
328.8763293473373
328.87689400769324
328.8763293473373
328.87689400769324
328.87689400769324
329.09708668987486
329.24326935432845
329.35998415575455
329.47555583506283
329.51209916844346
329.5316297688173
329.5489094160322
329.5558940426931
329.5639316435811
329.5686324190382
329.5729724876526
329.5773796379633
329.58133986005674
329.5899590631203
329.5978428809897
329.60253828300097
329.60649179525706
329.6105153126791
329.6140366563202
329.61745812952483
329.6281415340974
329.6337618448434
329.63700585259096
329.6392032306552
329.6434207571301
329.64723309931276
329.64938372787276
329.652049364483
329.65851740410386
329.66075023090076
329.6624579601507
329.66486070790666
329.6665069628279
329.66792363414714
329.66906522349404
329.67104777309765
329.6745735856113
329.6755939226042
329.68010099414516
329.68224542476764
329.6829975786496
329.68444624750225
329.68675905648894
329.6878196570413
329.6882275645317
329.6884230571155
329.6894560080532
329.6908460602592
329.6918744618624
329.69317884268867
329.69460990050663
329.69532526552234
329.69614592726083
329.6965385684661
329.6969397985017
329.69774971820664
329.7004298668609
329.70090347608857
329.7014335777041
329.7021347209852
329.70237439678726
329.70274186293125
329.7027637200026
329.70293695332987
329.7029296158807
329.70296683006404
329.70295927258206
329.7030513692491
329.7030576223015
329.70318056271384
329.7031502104147
329.70712270634186
329.7138394021533
329.7155513478727
329.71914103084066
329.7231242097353
329.7265753333657
329.7309411173334
329.7347741355352
329.7412875467538
329.7452027222479
329.7495232190149
329.74971352933665
329.7497054318278
329.7497928545513
329.7497559526972
329.7497928545513
329.7497559526972
329.7497928545513
329.7497928545513
329.85177448930494
329.9234943549742
329.9774449614915
330.02972312960276
330.07681704346044
330.1218219683019
330.1649773013844
330.20434270227935
330.2275522299536
330.2480519916331
330.26532243299795
330.2809757004285
330.295679272171
330.3091945337109
330.3204715901802
330.3299797887328
330.338738125805
330.34679859246296
330.35466983777144
330.3621423318454
330.3685843119722
330.3735665430714
330.3784862516141
330.38332600646834
330.39204767402185
330.39685706097947
330.40109203665895
330.40518550782747
330.4088171415399
330.41246644642376
330.4160365902665
330.420164619645
330.4236772385876
330.4268819867056
330.4294853246523
330.43210236198786
330.43520995088636
330.4372876827683
330.4391777070687
330.44044808427003
330.44171179413087
330.44266079936125
330.44377680575025
330.44590723338956
330.4480505785784
330.44898768244695
330.4501011687456
330.452339387489
330.4532620580432
330.45653876106263
330.4573436938001
330.45841489331156
330.4603330664353
330.461110410831
330.46234338158047
330.46301611285674
330.4636507118838
330.4652236250047
330.4657947536573
330.46675386819084
330.46763451536947
330.4686089920301
330.4690579348247
330.4704803924845
330.4711914966263
330.4716514357639
330.47213500497423
330.4725564006412
330.47297694602355
330.4744368730993
330.4747618845721
330.47506811045116
330.4753723015681
330.4765086245394
330.47674525549814
330.47758295557867
330.4777994790428
330.47797951396535
330.4792177965668
330.4793909329567
330.47955591749405
330.4803484979336
330.48041661031255
330.4806569558199
330.48071073087533
330.48082236689515
330.48081936131996
330.48091318730917
330.4808939542979
330.4814746801178
330.48215317777306
330.48218257846423
330.4826538239808
330.4849456833634
330.4855993983939
330.4859970844384
330.4859939844481
330.48612525930616
330.48643766310647
330.48703452972086
330.48700448948057
330.48703452972086
330.48700448948057
330.48703452972086
330.48703452972086
330.5773800980436
330.6665052250238
330.7313868394815
330.78220741392283
330.83259345314684
330.8827129579378
330.92907928716716
330.9646781850531
330.9993281644966
331.02804737448884
331.05608297480285
331.082229878991
331.10826063705315
331.13153556727985
331.1535820216046
331.17557769381824
331.19678381831574
331.21638339347027
331.22964834797557
331.24026907284616
331.25034813571074
331.25871656789946
331.2668556156079
331.274716758848
331.2823187673598
331.2895083201912
331.2964327485445
331.3014118048864
331.3063316489635
331.31100804950245
331.31536250593945
331.31943233955167
331.32327358612554
331.3268169686895
331.33012608894865
331.3331966708381
331.3350771697136
331.33680038639125
331.33865964689596
331.340235200425
331.34166381655405
331.34306098178905
331.3441720657629
331.3452695853696
331.3464837872082
331.34728772621224
331.3481877168433
331.3492834785883
331.35011920976297
331.35075697761806
331.3513380762323
331.35191547857926
331.35257440888336
331.35310892449985
331.3536317539078
331.354106233325
331.3545674483563
331.354991587466
331.3559365458697
331.3563432954082
331.35702312872894
331.35775628757165
331.3581762746504
331.3587027226237
331.3590618027673
331.35991802039825
331.3602520994899
331.3606172026198
331.36092785435636
331.36157780701376
331.3620583716774
331.3626206413252
331.36313131221794
331.36343993553186
