with mode=2, handoff cost coefficient = 1.0
295.8421879001574
297.2292983242973
298.6894674332171
299.9848000225678
301.2944336492809
302.43841947426995
303.57795470948014
304.6463126974551
305.66676099100823
306.6810302737147
307.77986265411533
308.7144180494164
309.64238078055615
310.5426921574728
311.4429500814352
312.33660684154205
313.2177156810581
314.06150824945735
314.87402817145806
315.5634823721397
316.2529365728213
316.9195971072322
317.5803806146979
318.2108534316832
318.8131871200886
319.41116184464346
319.99917998668457
320.57383261393954
321.1348256773809
321.68246041056534
322.2079807680201
322.7264179994596
323.24485523089913
323.69321732180157
324.16421323906036
324.61257532996274
325.0835712472215
325.5195728127598
325.9424729445592
326.36469766857
326.7852881153569
327.2003631205441
327.6104493879713
328.00496390650846
328.42623474760296
328.81167293997083
329.1666694974282
329.5341216369999
329.88259849523746
330.22152349137946
330.5565225217571
330.87346613537295
331.18932123388964
331.5004160534034
331.81031767313334
332.1194842946675
332.4828485762755
332.78698609372833
333.0779795684712
333.37155133368606
333.6595346844291
333.9441547586624
334.224863798169
334.5378415572397
334.8178099036156
335.09931387674834
335.37462858254196
335.6483410012648
335.91849177826197
336.1848177331812
336.4497183849238
336.7005372915798
336.9470333769555
337.17302606709035
337.39604619049254
337.61314450078186
337.82891517590963
338.03327214031395
338.2310029925635
338.4244879684004
338.6097203356022
338.789410109522
338.956657551863
339.1167117078757
339.26601402461154
339.4131552272191
339.5582029099145
339.70259888493456
339.8445489643307
339.98565193917545
340.124306242553
340.2630775047735
340.4028267083387
340.5428004776521
340.6809706867849
340.8191894660017
340.95836216496025
341.0957606880824
341.23071837049235
341.35923313240954
341.480678676299
341.5964079980737
341.72168236502245
341.8266495360656
341.92688263191786
342.02691870280336
342.1261487195071
342.20463954465777
342.28136447680816
342.3545364852877
342.42726862568765
342.4964315859896
342.57191454640895
342.6409795146095
342.70807553867655
342.7738677807703
342.8380720807287
342.89807221335855
342.9554248862363
343.00390803525397
343.06032946188884
343.10725657355806
343.1534397235099
343.19950883944705
343.2463185884634
343.29220917087446
343.3347721192051
343.3792315568405
343.41939240941014
343.45212489564653
343.4843298309513
343.5212494716713
343.5519671946237
343.5843474578349
343.6122833693948
343.63569967027234
343.66292533066627
343.6862541069797
343.7101446911237
343.73744009585585
343.75397849873355
343.770432750644
343.782867020743
343.80081551122987
343.81468514986767
343.83335469642003
343.8510299089711
343.873111515691
343.88481939891005
343.9183708649807
343.97002412582356
344.0337138698338
344.1165988718744
344.2248712408322
344.35133911009825
344.4874247217772
344.62374686845607
344.77322812983795
344.9115804267415
345.05983871289135
345.07639146087325
345.0904377745132
345.10102249694773
345.1152075161574
345.1314687937463
345.145476405294
345.1521901609004
345.157223055788
345.1620178400274
345.1658077273571
345.1684379175
345.17067704222404
345.17276691641325
345.1792213466309
345.18113731325866
345.1829698102929
345.1830142298477
345.1830229500049
345.1830142298477
345.1830229500049
345.1830142298477
345.1830142298477
345.45521481807884
345.51560827073354
345.5753194343515
345.6345270199274
345.6491299763194
345.65934251795056
345.6686361718164
345.67425017757915
345.67781066254423
345.68072731080366
345.68401805626087
345.6870939255784
345.6929926836073
345.6967440398192
345.69955466664345
345.70155448953716
345.7029928873911
345.7050520042756
345.71091597853984
345.7130702808618
345.7155145188113
345.71722965452847
345.7181415532065
345.7192732048323
345.7201683381215
345.7227686499587
345.7263463815613
345.7290496036322
345.7299293523466
345.73045000237676
345.7314929647756
345.73391913850816
345.7358874140813
345.73625485115815
345.73659264170936
345.74780847172696
345.7481074413795
345.7483092665096
345.74844123590873
345.7505283069007
345.7506280457817
345.7507274485109
345.7507375249686
345.75073860586025
345.75073860586025
345.75073860586025
345.75073860586025
345.7507375249686
345.88001619694745
345.9657649672953
346.05003351697076
346.09636488412764
346.13555273244907
346.1734184865075
346.20939798245627
346.23851934582666
346.25348165063497
346.2634878313922
346.27348376787063
346.2811423578141
346.2881590643719
346.2950704622234
346.3016881818634
346.3082189289241
346.3134619977633
346.3187017132908
346.3242567887624
346.328645239019
346.3322282239512
346.33570845391506
346.33898223463814
346.34129426950034
346.34384004546234
346.34590994259787
346.3479365882775
346.3517061209623
346.3536095683122
346.35527900526563
346.3571779133239
346.3590641228926
346.36073893792565
346.36191455671553
346.3632140227213
346.36431842237516
346.36683571218833
346.36879007978337
346.3698897832744
346.37123606457186
346.37232248023764
346.3733207858194
346.3744052178365
346.37530450687035
346.37672612701743
346.3776022013799
346.3783802585331
346.3790538136446
346.38031567900083
346.38082008098394
346.3822202175186
346.3825393484467
346.3830050677503
346.3834450318374
346.3853192142383
346.3860253418953
346.3891360125995
346.3894920404236
346.3900872050585
346.39029670889306
346.3904275834372
346.39071283783244
346.3934513970181
346.39364790883906
346.39432164864013
346.3951395019073
346.3961140817099
346.3964626516654
346.39671664783924
346.3975213124919
346.3976344436018
346.3977238744823
346.39792600826735
346.3987666692758
346.39886469101594
346.4012742189215
346.4022751993125
346.4025231892599
346.40333543804496
346.4034165796454
346.40379904511127
346.4038444062299
346.4038509090863
346.40385412112033
346.40385518093103
346.4038563270777
346.4038562660058
346.4038569367307
346.4038568612826
346.40385518093103
346.53389246959705
346.6160995727353
346.69676498130474
346.77716634493305
346.8571427780641
346.9355832806349
347.0138807793612
347.0820800637053
347.1296214446952
347.17010084327916
347.21030843583026
347.2380382394469
347.25537234099016
347.2711638017139
347.2862111013191
347.3015413498438
347.31621040662185
347.3318712014788
347.34631230834094
347.36077142241504
347.3748843846654
347.3877375996742
347.3998598125465
347.40435877258005
347.4084229083296
347.4117154864157
347.4146468728882
347.4174777614302
347.4198187904457
347.4219746172532
347.4247833785646
347.42671668113496
347.4282988116958
347.4297540227876
347.43090496996024
347.43203065282097
347.4331069372948
347.43430933077326
347.43523134943877
347.43605247265185
347.43681044361364
347.4375569917223
347.43820221534367
347.4389795522486
347.4395669462607
347.4401304613478
347.4406588780779
347.4412590051289
347.44175669932866
347.4422110921224
347.4428193660712
347.44321306897905
347.44388439096286
347.4444580060925
347.44483779742114
347.4453690820446
347.44574629261217
347.44617835124495
347.44659376265554
347.44695106608526
347.44744921914173
347.44781837886205
347.4482560986968
347.4490085853357
347.44955263771476
347.4498657448215
347.45060975952543
347.4510789413465
347.4513681014161
347.4520875423933
347.45237410042296
347.4526666491591
347.45308224286987
347.453455334719
347.4536915475456
347.4539880012108
347.4542138068194
347.4544381924919
347.45486713958036
347.45512955437704
347.45548321650193
347.4556486383234
347.4559107173897
347.456126928584
347.4562862040093
347.4564880359414
347.4568534373562
347.45700478859766
347.4572088067981
347.4574730854552
347.4577200262226
347.45791108651247
347.45811195769727
347.45826808044495
347.45845663557424
347.45860256785727
347.4587111847055
347.4588483476516
347.4589330843614
347.45941182509125
347.4596473296219
347.4596801658843
347.4597161198739
347.4597395024578
347.45975975537664
347.4598469688866
347.4598694801256
347.45992253964613
347.4599487779101
347.45996729780626
347.4600270079338
347.46003906741043
347.46004913322145
347.460562835575
347.46056831239554
347.46057521293875
347.46060233481666
347.4606058157036
347.46101768303794
347.4610434441529
347.4612757117911
347.46142036755845
347.4615567364826
347.46158045554915
347.4615808877397
347.46158081714725
347.46158138148706
347.4615812436072
347.46158045554915
347.5246571383475
347.56402547971203
347.60293154713366
347.6416595989665
347.6803658003656
347.7189779038531
347.75751167600606
347.7920791706299
347.8232150654924
347.84686928084454
347.866725097547
347.886360338248
347.8993813752702
347.91091009620953
347.91895840933967
347.92686623074235
347.9346854224874
347.94157257349536
347.9483286847966
347.95480546489296
347.9612746304264
347.96752368293903
347.9736967363033
347.9769656294811
347.97924781344557
347.9811285339006
347.9832212722846
347.9849920619373
347.98688370499843
347.988525093911
347.99003355897065
347.9912620009774
347.9918039784903
347.9923182026279
347.99283060525585
347.99325936764126
347.99366152288746
347.99400756353214
347.99435127265707
347.9946805624806
347.9950768120626
347.9953577520723
347.9957168739635
347.9961315274248
347.9964563333417
347.99674373771893
347.9969848438958
347.99724265250063
347.9974828230951
347.9977184345679
347.99794222575736
347.9981595640393
