with mode=2, handoff cost coefficient = 1.0
232.4441055482701
233.668648193386
234.95654313113556
235.93150017931748
236.89611258674523
237.69129828894822
238.49580212253207
239.26096933272066
240.0312913634422
240.75651504338546
241.50009052174494
242.1642056955221
242.85153813396795
243.48228136277015
244.06662192875208
244.6267248636409
245.2109808719354
245.7708076104995
246.27733733170825
246.8186329379099
247.32273765937606
247.81555195805626
248.32126552652574
248.79740179362904
249.26820865744475
249.7273657585825
250.1634860884388
250.5933380271382
251.0144829160258
251.39635415082265
251.77186534206706
252.14248146714382
252.4935905520891
252.8489302348585
253.19655526730563
253.52514676629679
253.85113976749625
254.1745550577813
254.47504798552927
254.77161567187338
255.06291431429577
255.35348059894847
255.63242275703107
255.90971989591145
256.1869211120808
256.45963186432283
256.71844690356414
256.9753443930738
257.23222446497925
257.4782728471808
257.7231782390945
257.9570779171274
258.1908599859592
258.4246520107721
258.65629450381647
258.8853738586213
259.11698737944823
259.34504474980025
259.5724977586154
259.7908605481082
260.00845628771185
260.225325620905
260.43880297229606
260.6432911813174
260.8403837226869
261.0374662014618
261.22862622712404
261.4174018010799
261.60244009117514
261.7829016728848
261.96396373720006
262.1390268729472
262.31033246564346
262.4728565225411
262.63515674478083
262.8009831031323
262.9562386623288
263.11012343834017
263.2601857571726
263.4101543420622
263.5588984757879
263.70217213575506
263.84215373694695
263.9769363454913
264.11221736470753
264.2416026928682
264.370496845651
264.4961951147401
264.61879215964353
264.7405399818681
264.86002548665664
264.97929509000716
265.09797853137854
265.212346116005
265.32375184011937
265.43308867160437
265.5420711875051
265.65085907630447
265.76023366471304
265.8695664224411
265.9783945681485
266.0844632312765
266.1883396080771
266.28972218715853
266.38673650348244
266.4851756400705
266.5821850721009
266.6700462450294
266.75492973309423
266.84154221942833
266.9262304144001
267.0118945368305
267.09369211222185
267.1708986687418
267.246733099504
267.310851845749
267.36835992256573
267.42986367077293
267.4866842918711
267.53275192321746
267.57797001125357
267.62029473544885
267.6570863453723
267.69163139790766
267.72958272569775
267.76050604019537
267.7885310312894
267.8143672673012
267.8370558513797
267.8650612300767
267.8897500741115
267.9063253397546
267.92250995119315
267.93732202493766
267.9490531726763
267.9582915242679
267.96634845313184
267.97851033769956
267.98421824805354
267.9902095738016
267.99588227165657
268.00252615799764
268.00470313403605
268.0076119602747
268.01613006358417
268.01758520674076
268.0179588608129
268.01795802852683
268.0179588608129
268.01795802852683
268.0179588608129
268.0179588608129
268.14501369140766
268.19190885129024
268.2260537671234
268.23008786264506
268.2375467505226
268.240845565267
268.2451024725273
268.24779992228184
268.2525024127346
268.2552250787407
268.257898602159
268.26089140391235
268.262083338934
268.2651529890494
268.26640939529506
268.26862370411516
268.26971427606634
268.2718739007776
268.2744596634041
268.27671782975244
268.2798871212043
268.2831702976388
268.2848838794502
268.288897584118
268.29209969543314
268.29430545123785
268.296507386029
268.29799547968753
268.29938932503677
268.3005715321163
268.3037840925193
268.3050456115802
268.30611905887343
268.307265147973
268.30926807724876
268.31015232653056
268.31055614126217
268.3129596359872
268.3140191812427
268.31498986858435
268.315779397321
268.3160039297201
268.31834485506323
268.3189996976416
268.319879438737
268.32041689252924
268.32047810859535
268.3204840323155
268.3204934532944
268.3204965930222
268.32049648828206
268.3204965930222
268.32049648828206
268.3204934532944
268.60439807755336
268.80547753061944
268.9686187409942
269.1001037549085
269.22985927483376
269.35835373919673
269.4497755769478
269.52807977674644
269.59345708697947
269.6556905988616
269.7144702434978
269.7630522571113
269.8033774675042
269.84191241458
269.8791508174415
269.9146985411072
269.9490360562716
269.9812824600634
270.0108908352579
270.03493059113305
270.05917621215843
270.081213163358
270.10259280903495
270.11592916689233
270.1229622565818
270.1292951014637
270.1349080681948
270.14377673826584
270.14972076627583
270.1538420829433
270.15772111737766
270.1614225451382
270.1640001819508
270.16656844886734
270.16875322113697
270.1707453443858
270.1730207141972
270.17560123374835
270.1771645157744
270.1784598949119
270.1800448914031
270.1813122976558
270.18240833633917
270.1855030377788
270.18659075616023
270.18742203868163
270.1887763052101
270.189593342678
270.19032491809
270.19191774865834
270.19249619490097
270.1940381469628
270.19676589720007
270.19773306223186
270.19813045135237
270.19884794348553
270.200404284647
270.20080132124787
270.20118046023975
270.2015255805404
270.2019054264545
270.20264182610157
270.2029147445007
270.2030358385728
270.2031311713259
270.20323962437504
270.20330156872666
270.20439521860226
270.20440136643407
270.2044029840228
270.2044030230307
270.2044029840228
270.20439521860226
270.3433985715431
270.4413826587384
270.5219295559661
270.58483583105806
270.64728963883135
270.7095631430282
270.74765599768284
270.7838164270808
270.8107928235441
270.83735586349064
270.8613872264877
270.8795598632865
270.8961523554588
270.91221727635366
270.9272628626618
270.94016834422104
270.95307625847914
270.965585150936
270.97688327778224
270.9875909826706
270.99715544246374
271.000458028555
271.0029179374518
271.00528461015904
271.00732500138736
271.0092823673972
271.0112187175387
271.0122197085749
271.01321310793946
271.0142077710592
271.01511762615564
271.0159624836543
271.01680016096986
271.017412022515
271.0181100964624
271.0186865150791
271.01919797362837
271.0196601798209
271.0200792189023
271.0204691723182
271.0209176121497
271.0213493842896
271.0216806391652
271.0219973833715
271.02231110056255
271.0226147034007
271.0229105409782
271.0231983329236
271.02352252363187
271.02387586039265
271.0241533028818
271.02450875394993
271.02472995997203
271.0248847889437
271.02528857664856
271.025547655894
271.0257445417314
271.02595487780263
271.0261626843103
271.02638118567324
271.0265297601123
271.02680151789
271.02694949024027
271.0272304465842
271.0273671380455
271.02767210883627
271.0278039711687
271.0281504789382
271.02822295454655
271.0283408583693
271.0284143801321
271.0284762086514
271.0286924433496
271.028749782909
271.0289459044161
271.02903442132043
271.02934709011475
271.0294417042892
271.0299634005842
271.0300136060053
271.0304304770243
271.0305077676918
271.0307463973572
271.03079208113115
271.0308345393567
271.0309075434425
271.0309812707134
271.03117339769756
271.0315207836584
271.03163816800503
271.0319203853942
271.03198298809076
271.03224099141914
271.03229472409095
271.03233974844744
271.0325356058321
271.03263091500907
271.03272951249306
271.0328453342556
271.0329632781875
271.03303006163105
271.03309911454903
271.0331341706274
271.03316387517725
271.0332093211506
271.0332598172399
271.03328595007264
271.03393900267446
271.0339979279387
271.0342558043807
271.0344598410077
271.0344656174898
271.03446849768966
271.0345241229175
271.0345406700889
271.0345770701225
271.0345942817839
271.0346873719126
271.0347227321171
271.03472353422507
271.03472394088044
271.03472396533255
271.03472470859515
271.0347227321171
271.10265121279986
271.1504462653675
271.1906864059751
271.2216690709306
271.25204761908657
271.2820921031311
271.2995181662079
271.31658527576104
271.3306528221493
271.3435719039698
271.35625110674596
271.3677072038927
271.37619837532867
271.38401344703357
271.3912935928889
271.39799285951534
271.4045837940119
271.4099234770983
271.41525347653663
271.4204891762201
271.4255843068082
271.4301611774445
271.4342495532068
271.4372263042349
271.43826328841976
271.43921033207477
271.4401485400651
271.4410569373285
271.44196246933177
271.442695515498
271.44341810708073
271.44437733871143
271.44565605031175
271.4459921759625
271.44629851882434
271.4465593271849
271.44682362473776
271.44706067125196
271.4476148380102
271.4478670051908
271.4483479599748
271.4485944406827
271.4488198072452
271.44899984475677
271.4491577865558
271.44934998273186
271.44949374701974
271.449637463126
271.4497167191966
271.4497908800318
271.44990186383495
271.44997399580416
271.4500439177039
271.4501119494988
271.4502132026742
271.4502789216656
271.4503673280045
271.45042385672855
271.4505360292858
271.4506084811467
271.4506858216879
271.4507713989903
271.45084516602117
271.4508985062096
271.45094972114424
271.45104659166583
271.4511106375791
271.45118413403617
271.45125503608716
271.4512947283719
271.4513786574976
271.4514318580733
271.4514656069712
271.45153006043785
271.45155792394297
271.4516444493119
271.45166980147224
271.4517805550211
271.4518054650251
271.45192799041604
271.4519507354888
271.4519791279457
271.4520208713828
271.4520645238668
271.4520979355842
271.4522475143669
271.45229456247523
271.4523316444437
271.45235723653957
271.45237593609585
271.45243683499433
271.4524546154679
271.4525049596477
271.45257793029793
271.45260466615014
271.4526752527708
271.4527030714174
271.4528582558144
