with mode=2, handoff cost coefficient = 1.0
217.94813548475702
218.6611034207585
219.37870095304075
220.0754213979403
220.7609194314835
221.44545341807998
222.098127743198
222.75541421990548
223.38251306519055
224.01418324443387
224.6348307210076
225.24486276121783
225.83267752978682
226.4091920258183
226.9790585975502
227.5142309860319
228.0447152544262
228.57167082933714
229.05186915927132
229.49614923745003
229.8945817012756
230.28785675380394
230.66435069504337
231.033556923668
231.38817306136227
231.7410792731233
232.07500188787026
232.40010812936154
232.71639673717772
233.02199513306937
233.32487642039425
233.6262313699819
233.92761148968458
234.2241285404894
234.5201760836944
234.80972490898262
235.095404371164
235.3741270719228
235.6405432672112
235.90635054083154
236.17178083641477
236.42723623979714
236.68276489300186
236.93076773853682
237.18135506092707
237.4267945300189
237.66880781538416
237.90032860369163
238.1215304095724
238.35255083599648
238.56681389616247
238.78014062178573
238.9919337469588
239.19381040955116
239.38626009549907
239.5872032754793
239.77090648027615
239.95310012103826
240.13414215189098
240.31408889083102
240.48927421954798
240.66476963754238
240.83510808576514
241.00523519423788
241.17438698960268
241.34258233878663
241.5103367623112
241.67218412017118
241.8312724203356
241.99253797293989
242.1457755795055
242.2950704760029
242.43966041720174
242.58296128393638
242.7332869216747
242.87381060322105
243.01376015688888
243.14958100586813
243.28264903245844
243.4149005122456
243.54573394647184
243.67668322986486
243.80735871410582
243.93661644668106
244.0657395021757
244.19487172131858
244.323986114137
244.4506376159428
244.5734221257695
244.69492037616703
244.81385375845633
244.93053452511097
245.04689054539432
245.1627646011845
245.27448960913836
245.3817634243465
245.48799529463977
245.59095665230203
245.69304864712106
245.79197654184745
245.88962862398037
245.9854634220753
246.0807853668147
246.17443021878515
246.26318831073596
246.3488061745762
246.4322584705496
246.51414967293
246.59599089545083
246.6725638063347
246.7485254028719
246.823518481786
246.89581353308412
246.96906964572977
247.03991509595912
247.0999937477069
247.1556552193132
247.21446085994762
247.26482735615332
247.3146665936619
247.35680373319275
247.3986804400947
247.44040707826218
247.48176058982483
247.5354081080862
247.57560338886464
247.6075952265194
247.6390099365475
247.6670696300353
247.69073817700203
247.71055869392862
247.73153529977128
247.74846879729728
247.7694021979067
247.78974181908558
247.80599660660732
247.81959340753014
247.84464577613238
247.8582399144258
247.87154701413985
247.88642837335001
247.89785464561504
247.90622198910543
247.91726508219176
247.93173299993973
247.93976632564744
247.94857667820784
247.95621315560066
247.96348441442163
247.98182335549023
247.9875276052498
247.99498950862525
248.00084397529432
248.00643554646456
248.0089276452218
248.0141366838657
248.02005378831674
248.02609519480583
248.02808442528118
248.03137513494974
248.03325236712948
248.03414502212846
248.03468537904973
248.03697013097494
248.04062718375746
248.041254774553
248.04178890797206
248.0455154245029
248.0455154245029
248.0455154245029
248.0455154245029
248.0455154245029
248.0455154245029
248.26416939148203
248.4739482992923
248.6785176066764
248.8785262228071
249.03080669481886
249.1243222829267
249.1917009084771
249.2535287905246
249.31433375151948
249.3709666532008
249.42100210181164
249.4621508750812
249.497514603423
249.52306680960945
249.53776051608182
249.54940214121294
249.55702719517322
249.56086586089432
249.564587660986
249.56900702318433
249.57684793040008
249.5802095520826
249.5910406849155
249.59426260704615
249.59776860353907
249.6008105465019
249.6028846411537
249.60469979145373
249.60643250455598
249.60796580110613
249.60964342263324
249.61574268434796
249.62282186323142
249.62406264473776
249.62472507283132
249.62538097179905
249.626447976131
249.62720374355658
249.6273290126214
249.62788547442702
249.62819661424157
249.62850784436733
249.62854043354378
249.6285430712379
249.62854642609855
249.62855274259184
249.62855142887244
249.62855274259184
249.62855142887244
249.62855274259184
249.62855274259184
249.77126532653367
249.8747895958737
249.96802532836685
250.05979134675098
250.15048428999117
250.21971774207904
250.2706642673805
250.31875548589173
250.36304079632487
250.39211283029522
250.42094808662142
250.44696442287884
250.47151031247182
250.49354055868446
250.51482257570507
250.53558284882553
250.5545163784114
250.5727476647055
250.59048969953534
250.60787963039516
250.62355825626298
250.63270676453638
250.6387403373674
250.64374503555908
250.64864389528873
250.65243276169656
250.6558291317438
250.65890197781815
250.66170887373002
250.66425753743565
250.66621208938423
250.6682449236076
250.66947413577836
250.67166792560707
250.67304023990366
250.6751471338203
250.6763558290647
250.67753888475252
250.68039322989344
250.68269209090258
250.6837160999781
250.68455675201525
250.68525997824148
250.68621080839236
250.68763392387672
250.6883442882248
250.68901500125645
250.68985332484596
250.6908230313868
250.69397764593225
250.69508447441694
250.6956653910898
250.696224671753
250.69664189884335
250.69835956076292
250.6988570029127
250.69919293890217
250.69979691860743
250.70052266898642
250.7013657671718
250.7016312843133
250.70231285455105
250.70281026522213
250.7031915712729
250.70350670923847
250.70377329928954
250.70398016786842
250.7042035103352
250.70464646198099
250.70513547350552
250.70528990204306
250.7057421813066
250.70589322145565
250.70627946259785
250.70641351878612
250.70652287644967
250.70705215334397
250.70721222489237
250.70749568338226
250.70756457507247
250.70765728858493
250.707791029445
250.70799112875642
250.7080260808927
250.7081000282323
250.70810064705222
250.70810147868218
250.70810304710943
250.70810288905778
250.70813197285526
250.7081711341306
250.70817080867593
250.7081711341306
250.70817080867593
250.7081711341306
250.7081711341306
250.7780343267559
250.8018412382796
250.81181678806672
250.82090133151007
250.8293890707349
250.83753798788277
250.8454951313475
250.85226157064898
250.85500088099678
250.85770112712916
250.8580659675079
250.858479807317
250.85887353092005
250.85922583314414
250.85958721941554
250.85993384738615
250.86025783840194
250.86063234756242
250.86103332324893
250.8612977750842
250.86152468241494
250.86170050831385
250.86183985227882
250.86196244042654
250.86206999835466
250.86238766396616
250.86249268302328
250.862705826261
250.8628119938126
250.8628932879115
250.8631559687188
250.86321300748688
250.86326550742245
250.86344245961726
250.8636736742875
250.8638138919036
250.86438122613936
250.86443112519282
250.86456142603137
250.8646443149875
250.86471933265057
250.86497363081372
250.86502524633204
250.86515707358103
250.8652497120959
250.86528439914392
250.86528604857006
250.86538206081283
250.86552891157004
250.86565713408638
250.8657064950478
250.86570665476262
250.86570686357877
250.8657072570047
250.86570717526482
250.8657064950478
250.90037505493538
250.92555820057748
250.9481595328537
250.97066022911048
250.99309354326385
251.00948444379827
251.02116887021683
251.03266472081685
251.04135863126095
251.04803816653353
251.05462152167897
251.06005577334787
251.06519726755457
251.07012985932926
251.07426843828958
251.07838342371497
251.08243209180006
251.08646949311893
251.0901245793398
251.09348038442235
251.09643253611097
251.0983284779295
251.09959728488622
251.10076298665362
251.10189665164285
251.10271653301436
251.10308147963846
251.10356282059863
251.1039291673928
251.10450033616485
251.10475507045214
251.10501559750907
251.10525988193214
251.1054403702709
251.10561118229842
251.1057825742196
251.10594971920364
251.10607967871528
251.10626529063873
251.1064011249571
251.10652141487265
251.1066312596659
251.1068110098094
251.1069084230432
251.10698537696024
251.1070564870987
251.10711916812636
251.1071990873845
251.10725059519737
251.10730571302219
251.10736988146706
251.10742216786682
251.10748475706026
251.10758604134224
251.10771701474184
251.10790464253938
251.10799610126452
251.10808222867456
251.1081522909882
251.10821303944192
251.1082387631714
251.10831252638613
251.1083380502493
251.10838438993966
251.10842503052882
251.10846222198165
251.10854713594165
251.1085800028325
251.10860549387772
251.10863188627044
251.1086563846754
251.10869979756302
251.10875606128042
251.1087809447239
251.10880343708365
251.10886946345408
251.10888709212588
251.1089055332911
251.10894646518858
251.10896430829402
251.10901200060724
251.10904647125088
251.1090691097106
251.10912503797277
251.10916823752655
251.10921535671613
251.10923885545438
251.109257541148
251.10928665969695
251.10930828567882
251.10932405593041
251.1093617044938
251.1093996199085
251.10941819831376
251.10943323743385
251.1094940955793
251.10950874321344
251.10956772342374
251.10958033114403
251.1096305819685
251.1096370454088
251.10968182908326
251.1096869266186
251.1098346205704
251.11002440326516
251.1100276828548
251.11004186210587
251.1100452966418
251.11009007160234
251.11009183832172
251.1101428222099
251.11014317257278
251.11018356794486
251.1101837461596
251.11018390277266
251.11018413941363
251.11018424796978
251.11018356794486
251.12744976964117
251.13983868674026
251.15099154705902
251.1621296740924
251.17323235826905
251.18134060241397
251.1869873137015
