with mode=2, handoff cost coefficient = 1.0
206.6096537217651
207.5158867801794
208.38863327481891
209.23628054026764
210.0783744575786
210.90332071953384
211.69835039142623
212.473721828096
213.24246293953485
213.8804685705071
214.48971174302255
215.07248615439153
215.6463523539909
216.20681421221173
216.74236472609067
217.27453847417348
217.7805602096344
218.23692025650962
218.6365189198518
218.98080167077936
219.31207677115236
219.6353183711546
219.9369532753138
220.2358126427637
220.531964120129
220.82351338290505
221.11440866661363
221.40435604658688
221.68781804804354
221.97053758857078
222.24610398905205
222.517051338635
222.7807510307521
223.0435873722888
223.28082715111833
223.5161703336856
223.74878420099395
223.96906695204325
224.1855562488575
224.39643795838379
224.60482178421108
224.7938910487644
224.97958408954955
225.1650855281733
225.35270554693045
225.5375187991856
225.72085545853093
225.90396383960638
226.0836620450337
226.2628311975172
226.4403455335803
226.61687461161077
226.79184162051445
226.96278160211585
227.12885791701893
227.2909706759863
227.45204565717353
227.64217181507985
227.80151609768558
227.9586853925906
228.1121210530032
228.26303457496914
228.41133540406628
228.5572698093497
228.7025774954726
228.84738366306354
228.98858439340646
229.12750019334592
229.2660600979789
229.40159880501346
229.53530004399153
229.66662743166353
229.79442513171503
229.9216825407775
230.04729848821339
230.17087062185217
230.29249639215544
230.41497847969697
230.53640236269604
230.65612890459278
230.77531434399873
230.89131709179426
231.00611031541447
231.1179631049738
231.22966777294053
231.33950479727423
231.44937996732858
231.55958071951258
231.66813627341648
231.7743253736518
231.87797115859502
231.9814225481072
232.08292397394598
232.18513256971818
232.28469560755883
232.38499910109493
232.48380361549846
232.57746712729445
232.66857903218732
232.75921773908635
232.84937142000118
232.93527819842885
233.02443871379344
233.10513339331217
233.1831523789702
233.26173620499787
233.33972205163533
233.42192671397834
233.49922256699787
233.57485225157322
233.64867666274304
233.7151300947271
233.78064130330785
233.84464087771622
233.90810610998017
233.97138776072194
234.03211914329233
234.09090655171326
234.1488672575005
234.2063319682585
234.260261169342
234.31047502689708
234.3592828561284
234.40442142392666
234.45104763983903
234.49633455649007
234.54065771567525
234.58272226435832
234.6238536331943
234.66487462463067
234.6997001463227
234.73974952448356
234.77352631179048
234.80716054074446
234.83635083608277
234.86481203922014
234.89138821514047
234.9188489463866
234.95018532298178
234.97408204668147
234.99696000466244
235.01771147429199
235.03690561228288
235.05560910715639
235.07996410706906
235.10040144616758
235.1190791317095
235.13526873696566
235.1554236071932
235.1725987447344
235.18852376111636
235.20622356368935
235.22843304200705
235.2450769223905
235.25927183525252
235.27325911353526
235.28586812858745
235.29765437408258
235.30936259300657
235.32034684994548
235.33055939306624
235.34583102877886
235.35987246749139
235.3694228467811
235.37748954658917
235.39471914142138
235.40335304012635
235.41059365981073
235.4188148163233
235.42586448413348
235.4359057988194
235.4418150745811
235.44632404233283
235.44966224883066
235.4526915195339
235.4536410192203
235.454397107672
235.45450566627323
235.45465133207674
235.454627423054
235.45465133207674
235.454627423054
235.45465133207674
235.45465133207674
235.5974271089304
235.6514035389007
235.6574424325688
235.66260014325377
235.6688106377571
235.67387607098343
235.6788323129733
235.68317633588717
235.6872261619475
235.69229363938985
235.69605500057273
235.69900393798096
235.70224587545582
235.70470717284374
235.70697510504945
235.70934900034987
235.71159629548052
235.71348210484885
235.71488002919563
235.71564166737357
235.7164050305383
235.71747814884728
235.71814841249048
235.71877753739142
235.72036121680983
235.72074169090658
235.72091060030505
235.72129448160032
235.72156214431013
235.72165782692863
235.72283239753514
235.7228349487502
235.72284895104022
235.72288581019032
235.72288145644782
235.7228901961527
235.7229066864439
235.72290067204867
235.7229066864439
235.72290067204867
235.7229066864439
235.7229066864439
235.88225124055927
236.00386244867101
236.12426665859954
236.243353132787
236.34549342611695
236.42238398471903
236.49259380810736
236.55706821188787
236.59185525740511
236.6217493206249
236.64862725330315
236.6734957264069
236.6915046979682
236.70936845580138
236.7270567490673
236.7441709003293
236.76056113858832
236.7726143838477
236.78381015445382
236.79433567475215
236.80453411715897
236.81402821849363
236.82063317474933
236.82671131771852
236.83176864107594
236.83628090935565
236.84020099016868
236.844982229399
236.84830126883094
236.85078457263558
236.85326771627768
236.8556708882681
236.85792129399397
236.86002633084308
236.86230511032426
236.86382775549015
236.86553902096182
236.86685105836204
236.86841687357042
236.8697459185824
236.8710667089835
236.8723293128179
236.8733299302782
236.87469560178118
236.87564348981104
236.87651011353879
236.87796376437652
236.87934619457602
236.8802070274082
236.88102613471202
236.8827539844069
236.884694351687
236.88579789218872
236.88716863758512
236.88833740813564
236.88914801061563
236.88994603021646
236.89111048541756
236.8921382838326
236.89286106760278
236.89366246132968
236.8944099974407
236.89579691358367
236.89691891429973
236.8974891658216
236.89803174012246
236.89891692226766
236.89942019799568
236.89992207096748
236.90047601218788
236.90108799883276
236.9015314585286
236.9019676257038
236.90236315468564
236.9030260090953
236.90335741623412
236.90389572939588
236.90487896425375
236.90537823076315
236.90564136118033
236.90593972865273
236.9062683000652
236.90649227759857
236.90736629741426
236.9076861963819
236.90796252367093
236.90838114655904
236.9087803292821
236.90900894577268
236.90930220367156
236.90941890303807
236.90971758002658
236.91014016429145
236.91039767249626
236.91047056892955
236.91076327672195
236.91238961457174
236.91246201196685
236.91268617444715
236.91303320875372
236.9130524815643
236.91317026914209
236.9133646874654
236.91363199046927
236.9138322551769
236.91386703458886
236.913896835155
236.9139116901347
236.91478046839444
236.91507335219217
236.91544248404162
236.91548534151786
236.91548414093668
236.91548631458107
236.9154904176065
236.91548891855612
236.91548534151786
236.99125089384532
237.0481190567556
237.10450697597366
237.1607345629557
237.2095748987232
237.24220743109362
237.2585674688689
237.27204144930985
237.28501509389412
237.29539349984032
237.30327598217647
237.3110816705499
237.31867351074905
237.3259556695317
237.33314062681774
237.33811570021587
237.34266862223393
237.3467835909951
237.3506155597831
237.35394377869463
237.35660344426137
237.35854346055172
237.36008722634983
237.36157956055106
237.36306741402188
237.36412749668776
237.36515278739938
237.36614418724514
237.36680756805697
237.36732089666913
237.36779466163983
237.3683438042869
237.368844603983
237.3694150802087
237.36983261934705
237.37023901855432
237.37060485618397
237.3709949117358
237.37134510648826
237.3716802163808
237.37193082615545
237.37228280385543
237.37253320118094
237.37274403436683
237.3733548244233
237.37356003078415
237.37404193501942
237.37424015171754
237.3744371991912
237.37471987521567
237.37506109843866
237.37530033059844
237.37548183686755
237.37564588607003
237.37580540847813
237.37648072868703
237.37663662513023
237.37677764257512
237.3771272571104
237.37744839054673
237.37759922460455
237.37788793727202
237.3780670042345
237.37822193132354
237.3784039385383
237.37853991094536
237.3786705690424
237.37907171382034
237.37921227609027
237.37939666502785
237.37951267878543
237.3798496130469
237.38015477147164
237.380259964445
237.38035007993903
237.38043639173185
237.38051312757295
237.38061783398294
237.38073171904753
237.38087695642682
237.3810288333105
237.38108628976767
237.38114708971372
237.38149683396216
237.38155293669283
237.38167343330093
237.38172803755154
237.38179940706613
237.38184431265537
237.381907905676
237.38195162143415
237.3820112558049
237.38244937342705
237.3824834026283
237.38253766750205
237.3825609413944
237.38267004365292
237.38281667393323
237.38289860882193
237.3829354905667
237.38327673167956
237.38349430313994
237.3835346167288
237.38359594252745
237.3836091199327
237.38367311101447
237.38370712090756
237.3837384052742
237.38374337602912
237.38382986300857
237.38406828717612
237.38448571762052
237.38514579261505
237.3853000938862
237.3853875699682
237.38575656759733
237.3862001957866
237.38625307777926
237.38634425880036
237.38686898046063
237.38714212410088
237.387723684628
237.38783473468004
237.38788489808246
237.38790635498552
237.38792501368061
237.3879314092837
237.3879715015765
237.38803888084965
237.38806521131264
237.3880700724077
237.38810302685837
237.38812178475413
237.38814711382017
237.38817267101334
237.38817855996834
237.38826179971775
237.38826824284325
237.38828582068223
237.3884438623052
237.38847683497733
237.3886131733883
237.3886147228888
237.38862996857367
237.38864595876845
237.38868983863006
237.38869026421358
237.38869189444324
237.388693645784
237.38869371938063
237.38868983863006
237.42562584701432
237.453146333894
237.48062491866725
237.50798704733387
237.5318811359616
237.55045805888432
237.56615270089935
