with mode=2, handoff cost coefficient = 1.0
217.52893796957306
218.22939766636577
218.92371395180794
219.6115201907917
220.2692529435269
220.91438297229618
221.5583844677284
222.15232691561778
222.7309032794305
223.26056019313415
223.77808569310304
224.29039584713016
224.76783759953705
225.2436247032456
225.71006589734557
226.17530431354487
226.63171427243054
227.08239218135367
227.529605832702
227.96336692076724
228.39649228700472
228.79951376681703
229.19648160974623
229.58532289722757
229.95584523543448
230.30217861827782
230.64145363448756
230.97158992805996
231.30085613447082
231.6250550282382
231.94169233754
232.2485314433849
232.5255271368679
232.79919094760615
233.0712150049859
233.33288988049983
233.59450773918743
233.85399151031075
234.1124525925415
234.36307579184188
234.61237129541678
234.84782411944497
235.08291496417857
235.3177581191185
235.55734580432244
235.79059035049642
236.00590778195283
236.21342409568666
236.41685907009702
236.6131695163374
236.80926603500825
237.00404686449198
237.18148202325668
237.35181691895392
237.52032737449852
237.69817385861987
237.86629100121303
238.02971104655714
238.18601699901376
238.34260548672512
238.48940009398586
238.63304152283823
238.7582195112339
238.88305575943733
239.00601934308077
239.12573375954258
239.24742623463416
239.3665115590007
239.48613807092485
239.60486921652904
239.72256745604525
239.8374274276223
239.9571824777967
240.07357048031187
240.18860873638565
240.30281895834764
240.41603142228263
240.53199545381017
240.64489676818937
240.75917330622565
240.87156880139958
240.98206688074575
241.0918435193692
241.19905691540407
241.31076408118247
241.41558984735084
241.5189368751894
241.6192210297412
241.7183416854182
241.8182360120864
241.91382042142547
242.00624226036447
242.10241651335537
242.19496067787387
242.2871433724768
242.37930251650755
242.4710597857858
242.56202679679663
242.65380474182686
242.7446065933688
242.83442449640654
242.92386511021556
243.01272508047188
243.09938976095958
243.1860248311909
243.27115375974998
243.35558077985337
243.43843196477823
243.51827130762967
243.59560744720477
243.6720682387206
243.74858667523446
243.8223130441268
243.89320445426017
243.9620815264225
244.02950769525845
244.0959349154218
244.1613353298253
244.22670045337202
244.28774353283822
244.36420694625616
244.4260878047762
244.4864410168924
244.54521918692262
244.60331925689425
244.66005418260008
244.7139364500544
244.7705687704791
244.82147560919972
244.87216476501425
244.92182980597596
244.96922526289012
245.01535348090601
245.05827702437918
245.10081320567127
245.14080455868256
245.1798186879116
245.21676037793952
245.2560368890656
245.29903801879775
245.3366804166909
245.37319038948357
245.4072474131893
245.4406419155507
245.47305017764018
245.50116509114167
245.52617591250456
245.55029941537805
245.5735615806383
245.59766695768147
245.61489430262358
245.63197137870426
245.65415924375483
245.6873617418569
245.7035943755468
245.71541007913996
245.7266232341335
245.7351531884717
245.74305536417287
245.75118666911743
245.75719658320824
245.7643284212422
245.76985346433025
245.775845631934
245.78060338327757
245.78496253936905
245.78743435216322
245.79009879448634
245.7934973600961
245.7954348688801
245.79643234312599
245.7968778656235
245.79722342171004
245.79777031508127
245.79789730368557
245.8032765284084
245.80340080037226
245.8036630292223
245.80416969790244
245.80416969790244
245.80416969790244
245.80416969790244
245.80416969790244
245.80416969790244
245.96056245252592
246.00606813367622
246.03936054050928
246.04946575676817
246.0581662282851
246.0672795922891
246.07389607612038
246.0794327643987
246.08374730202078
246.09103591232298
246.0951921434079
246.09840420255128
246.10207555974492
246.10624148191664
246.10941692278683
246.11186054181525
246.11431312916557
246.11888587710206
246.12243228052614
246.1241323494153
246.12941993689975
246.1306786166803
246.13145287325528
246.13709773738543
246.13786737098508
246.1385134074361
246.13923506359032
246.13984773122385
246.1403817783547
246.14280796853936
246.14464660270048
246.14488940907657
246.14511988379311
246.14548818385376
246.14568075952323
246.14581965263204
246.1505045005976
246.15283020158293
246.15292531787162
246.15328429744167
246.15413971936994
246.15446259961072
246.1549372977149
246.15518360674125
246.15518376461026
246.15518562716412
246.15518749665713
246.15518667131178
246.15518360674125
246.2743404923526
246.34736388012206
246.41789439119958
246.47032722152164
246.522471983456
246.5741437547219
246.62327499791533
246.66223175645501
246.69650294174747
246.728423824819
246.75877467910243
246.78481021031814
246.8048616294251
246.8246754933571
246.84433037672787
246.86380637312308
246.8822227421836
246.89864439900995
246.9148382510717
246.92789116860845
246.94006564464533
246.95237745466014
246.96267364669862
246.97280559715117
246.9819546376245
246.99005232657012
246.99713942408653
247.00394974643274
247.01042424340568
247.01634033123182
247.02201249406232
247.02740240516044
247.03212520161347
247.0367994347857
247.0411263367237
247.04539390349078
247.04949242320635
247.05299218685178
247.05609316504123
247.0590356060269
247.06241713620707
247.06521178346748
247.0673015296365
247.07030251712823
247.07224856019673
247.0741543789364
247.07586698201976
247.0769434767089
247.07852102815298
247.0796050527849
247.0806670770934
247.08142846594595
247.0820262864463
247.082503476732
247.0829904801867
247.0834358132251
247.08730698356055
247.08759010362778
247.0878490648523
247.0880640116908
247.0882367274024
247.0883510735093
247.0884617198438
247.08878192719033
247.09060982932607
247.09075265427535
247.0916433539163
247.09185153359306
247.09201162116733
247.09290834322292
247.09299556580314
247.0931239821918
247.09318246708057
247.09357898360398
247.09407948481638
247.0943378884189
247.09507732035308
247.09529971402662
247.09582676206892
247.09842324762806
247.09865780329702
247.09968193040922
247.09977890336876
247.10056557034528
247.10067047588853
247.1007150801371
247.1008190237459
247.10087110925258
247.10095183493334
247.10097662844942
247.10107198806665
247.101083775437
247.10119123461453
247.10119178103713
247.10119317784182
247.101194152073
247.1011944354025
247.10119123461453
247.1596491187135
247.19438347496992
247.21935744916638
247.24424527479363
247.2690802567889
247.29279241659074
247.31217746596977
247.32589168473677
247.33916442735253
247.35222385621083
247.36164848810418
247.3707734853085
247.3793149003932
247.38754525370084
247.39535960436714
247.40294953961828
247.4089929581361
247.41501981640616
247.4208726332337
247.42567583566537
247.42980010891137
247.43326229827989
247.43660927093737
247.4398437736945
247.44284804506583
247.44550165572042
247.44785180917248
247.4499070222631
247.45194546450077
247.4537906770772
247.45549627283134
247.45729471774743
247.45875719597015
247.46012129952157
247.46142628098124
247.4626307481104
247.46347631330462
247.4642362244584
247.46494143007334
247.465963457664
247.46670375075712
247.46719174173313
247.46774000668742
247.4681729979692
247.46858344964818
247.46917141519774
247.469424373789
247.4696577605016
247.47011339094797
247.4703758633997
247.47059136465813
247.47071606883827
247.47099464669856
247.47114535177198
247.4714008892174
247.47149618713786
247.47156165633467
247.47162268190914
247.47171795214916
247.47177451994682
247.47182516485265
247.4719560420707
247.4720280245373
247.47211142603328
247.47217136316934
247.47229553978764
247.47235262937207
247.47239504286688
247.47243286336868
247.472474354813
247.47250907038847
247.4726205879303
247.47269807613674
247.47275441301198
247.47277969639663
247.4728877388187
247.47335560666937
247.47405792942038
247.47412572340298
247.47437734739415
247.47442174518957
247.47443941183414
247.47446641292552
247.47447906668944
247.474535970701
247.47457897722623
247.47458363869364
247.47462223104512
247.47462401614828
247.4746385249684
247.47464055949015
247.47465599778374
247.47466499222375
247.47466546632737
247.4746661970689
247.4746666940886
247.47466705211863
247.47466771680521
247.4746681480669
247.4746661970689
247.5036126300653
247.52082584194872
247.53794621476817
247.5502061313702
247.56243651994257
247.57464557250321
247.58630858359768
247.59591188090423
247.6023545829728
247.60875644747705
247.61496792516357
247.62104685834586
247.62580835522274
247.6301444955505
247.63434471414138
247.63830018366772
247.6421607728367
247.64601870587202
247.64964422366776
247.6526859310006
247.65557276212976
247.65840314407
247.6610052921081
247.6629419364806
247.6646215447179
247.66624597685419
247.66770302785739
247.6691116869386
247.67050517590786
247.67179454914051
247.67282706421804
247.67384432414096
247.6748020542303
247.67574971274848
247.67656866982725
247.67721128001716
247.67783154793375
247.67822679366523
247.6786001007652
247.678913385172
247.6792880734146
247.67955660345675
247.67979933084982
247.68001340037404
247.6801997587994
247.6804327689984
247.6805998642572
247.68078324132256
247.6809475281926
247.68108026035307
247.68125946981334
247.6813791311204
247.68153203196832
247.6816494438172
247.68180337399767
247.68191453522638
247.6820911039288
247.682198389476
247.68230392578286
247.6823567704304
247.68239903074897
247.68243023051568
247.68268268494018
247.68270924778682
247.68273321817725
247.68275549206012
247.68279926599178
247.68294841784274
247.6830255002275
247.6831337434451
