with mode=2, handoff cost coefficient = 1.0
175.06487558035948
175.50896113677697
175.95010864361706
176.39073077378933
176.81289897396536
177.23345190377557
177.65199044532088
178.03085416871122
178.4034367265673
178.76831310657496
179.111020282874
179.45173949102582
179.79138711973917
180.12904287639117
180.46497234290547
180.79889843151986
181.13130598191438
181.45677235081573
181.77989010025271
182.1006686996049
182.41472054433603
182.726163124198
183.03672635330497
183.3335602438442
183.62766298236684
183.9142699608425
184.18877995221484
184.46005148648436
184.72808749232394
184.99359203882852
185.25473691295534
185.51261640490898
185.75524937999916
185.99481090694894
186.23334442447762
186.46676625907705
186.68866266898183
186.90835181366023
187.12150639276643
187.3287698103182
187.53243966796438
187.73250524465377
187.93060808027636
188.12651916299174
188.31872682099748
188.50771831175
188.69012067449748
188.87032050585145
189.04905182956298
189.2231587150562
189.39408742059297
189.56300790340322
189.7263865168132
189.88709288540514
190.04615242991565
190.20382930889144
190.35945757923577
190.51229346565304
190.66356572373803
190.81148702545417
190.95925434549878
191.10175282306767
191.2420724726825
191.3797348111062
191.51105164892778
191.6443070216984
191.77461434110194
191.9033329271197
192.0303133758757
192.1568405901054
192.2837217990268
192.40941266298802
192.53408634360278
192.6582625223361
192.7821454750145
192.9053335261317
193.0254907537044
193.1418420740235
193.2578613379411
193.37099735496312
193.48344041743826
193.59535958031026
193.70653433426898
193.81560436038484
193.92150974681857
194.0262647155857
194.12812100160863
194.22956903360216
194.32917145974983
194.42424448108235
194.51909225996764
194.61364749142413
194.70411612423513
194.7912160996891
194.87652744290406
194.96322661335745
195.0444709697357
195.12586618750916
195.20592121872843
195.28475384017514
195.36281592373976
195.43941534365263
195.51457889737608
195.5894860084095
195.66381686443918
195.7365785667223
195.81393770758933
195.88445261330827
195.95317536739978
196.02098361092015
196.0886416911776
196.15561726767237
196.22145806060274
196.28574000783954
196.34974717749157
196.41230563783807
196.47180509183255
196.5306499229187
196.5896560299015
196.64712026598383
196.7033724742694
196.75799807784165
196.81092750910628
196.86354076917678
196.916325087651
196.96887986757795
197.0203621725
197.07162277263933
197.11958406619237
197.16583661900538
197.21002940609537
197.25395696252966
197.29599343231533
197.3361955671431
197.38043780867181
197.42020572632939
197.45598372085513
197.49147759868063
197.52379467345654
197.555716710825
197.58712857290146
197.61677825769982
197.64558830063046
197.67394328066354
197.70212078935532
197.7315107411987
197.7594872816745
197.78464028765552
197.80949790756165
197.83504572231485
197.85902205621358
197.88377372594334
197.90675534855268
197.92705706054957
197.94425131398444
197.96190917599975
197.9769241951378
197.99266318738066
198.00683572864065
198.01971863362576
198.03058737791102
198.04018076783188
198.04667813981712
198.05196236507112
198.0571813010954
198.0615742073281
198.07041675992335
198.082359976441
198.0895703307492
198.10715194416701
198.12135144499973
198.12452703430944
198.131367258061
198.13402998845737
198.1387014804783
198.14088490160827
198.1435602400485
198.14587199159325
198.14769804924953
198.14916137108628
198.15619184772925
198.1573441147019
198.1581850892428
198.15841128337576
198.15851287993314
198.1626122630314
198.16363668963743
198.1654458404161
198.1664421709076
198.1664421709076
198.1664421709076
198.1664421709076
198.1664421709076
198.1664421709076
198.2615631491808
198.29200650482568
198.32090667333202
198.33753928669574
198.34984551377534
198.35937380349515
198.36584271517395
198.37011320828006
198.37299870466978
198.37893880957228
198.3832951664619
198.3872707190082
198.39119364656932
198.3944768463282
198.39796227151118
198.39999788971647
198.40277122501283
198.4049854230788
198.40864863805342
198.41074347272456
198.41514838137698
198.4166350397457
198.41753078825064
198.41970996970406
198.42050129861371
198.4240033417218
198.42481717416834
198.4255103143992
198.42604526450768
198.42638191930618
198.42670883794707
198.4279071205967
198.4281564215277
198.42833574718478
198.42848736893924
198.42866693927684
198.42881073271548
198.42892289276008
198.42897485384455
198.4292845966474
198.42933512853116
198.42947000624147
198.42968124912903
198.4298015850904
198.4298439349081
198.432259521137
198.4322621765703
198.43226222593856
198.43226222593856
198.43226222593856
198.432259521137
198.5022751698781
198.57181632731997
198.62834342317095
198.68452763124424
198.74030680596945
198.78591746360868
198.82492076623973
198.8619851398366
198.8947979609516
198.92653674875748
198.95736513863926
198.98414331748134
199.00615779111246
199.02596934312936
199.04231134688197
199.0584329793179
199.07458607912068
199.09040363397202
199.1055444510378
199.1205718165596
199.13433297385515
199.14757835279045
199.1607643912525
199.1730524072562
199.18480376298754
199.1959220554761
199.2058968629386
199.21508460280793
199.22212704494913
199.22808714101012
199.23385101495484
199.23968666883633
199.24516387895042
199.25032994008356
199.25485985981592
199.25926189250063
199.263661016235
199.2674538668716
199.27089978174527
199.27495157554714
199.27784150893382
199.2805479652348
199.28329316828098
199.2859899542152
199.28769977664058
199.28954230295284
199.29101748445953
199.2922900054289
199.29350708052587
199.2946068344124
199.29560220933703
199.29668558523915
199.2975424663447
199.29819519033381
199.29878079291373
199.29934100021043
199.30018437498455
199.30074399311806
199.30113718936013
199.30154415369708
199.30277671324666
199.30345978368365
199.30452332108888
199.30496568697308
199.3058399949677
199.30628947600763
199.30735459939632
199.30773034540857
199.30853960189128
199.30928323014425
199.30961792666486
199.3098779299775
199.31130204051001
199.31163859678128
199.31249529773416
199.3127445110877
199.3129639171955
199.31384981128917
199.31420632147763
199.31442513329688
199.3150667135084
199.31527118955515
199.31543565562328
199.3155232736052
199.31564016818518
199.3157189628108
199.31577429276953
199.31580734472104
199.31591918784605
199.31601850946615
199.3160385424073
199.31618489140035
199.3162025807559
199.31623404097738
199.31623992455619
199.31632211235004
199.31632439455504
199.31632571598087
199.31632670587456
199.3163283142064
199.31632211235004
199.35064340277606
199.38478008471034
199.411728174385
199.43856660240544
199.46537952084833
199.48439877531789
199.50261909844463
199.51655631271385
199.5302531045513
199.5438114082584
199.55409625501392
199.56316405376296
199.57061981392104
199.57800560898718
199.58535031023126
199.59268656559777
199.59931460854307
199.60539168539685
199.61130713855744
199.61701374634947
199.62261937953693
199.62820249469178
199.6335736310163
199.63813352811775
199.64234700495916
199.6457333279052
199.6483396723145
199.65092812878126
199.65341283504392
199.65577059883563
199.65792792361745
199.65990043603665
199.66159490975102
199.66311699938385
199.66442404829792
199.66550641151963
199.66644862950545
199.66703087974906
199.66747816914528
199.66788447588974
199.66851614231842
199.66893813587492
199.66924658782497
199.6697663416159
199.67007740454596
199.67024894194168
199.67059101005452
199.67090480054975
199.67107147337407
199.67133555925733
199.6715226816549
199.6718483795326
199.6720047205709
199.6721518270333
199.67226691337504
199.67237990193848
199.67267099877927
199.67276903937824
199.67295801222633
199.6731539673121
199.67343628170494
199.67356998513748
199.67381941815256
199.67394478183115
199.67402740854038
199.67410229876313
199.67417305450553
199.67447353239757
199.67456919187154
199.67476037650871
199.67488117531056
199.6750256442156
199.67513139570136
199.67522984509728
199.67529608974556
199.6755608675364
199.67562630592724
199.67585608678095
199.6759154380097
199.6760313286313
199.6761822571926
199.67626105449554
199.67652823574784
199.6766199711482
199.67667088257215
199.67670878978984
199.67673951827751
199.67679929013357
199.67681687106736
199.67700547534477
199.6771151493314
199.6772497787973
199.67735324762342
199.6774386391224
199.67754272355697
199.67772400579585
199.6777710969666
199.67780282157045
199.6778250005893
199.67784434418868
199.6780000724307
199.67801393211894
199.6780803289681
199.6781050873869
199.67811826254635
199.67813992218146
199.6781558368737
199.67816527008114
199.67825804064034
199.67829606697074
199.6783088990996
199.67835557356966
199.6783690089568
199.67837795435264
199.67854056406725
199.67854194379981
199.6785430816837
199.67854374396512
199.67854450487823
199.67854056406725
199.695514229918
199.71239109227866
199.72559443036198
199.73875620395245
199.75189918091496
199.76272255924604
199.7721045444739
199.7809667363589
199.7875202573508
199.79397876246531
199.80031842926937
199.8066256022034
199.81154351665842
199.8159187436107
199.81956229259228
199.82318644220013
199.82673885180026
199.83019767473218
199.83348609731664
199.8363825573522
199.83919095619143
199.84196049677774
199.84465247262153
199.84730436561472
199.84993603628192
199.85254241921737
199.85461511547297
199.85663010122468
199.85826981638036
199.8595422986549
199.8607149630118
199.861863807031
199.86291422462466
199.86387190989075
199.86477509567607
