with mode=2, handoff cost coefficient = 1.0
183.69798406671194
184.45311692527386
185.1843994909999
185.91090390678275
186.62961895356375
187.34511719540188
188.04078897872688
188.73180099732681
189.41436713567515
189.94136489651055
190.43186091178768
190.9038847041969
191.36600102357232
191.82684628616147
192.2862396194143
192.73610987854875
193.18154300474862
193.6153102446463
194.04289832039208
194.4622996229791
194.87651220742524
195.27792018360483
195.67854919522992
196.0741400149157
196.42176889423425
196.75748238608773
197.08476081082372
197.40030087573527
197.70508147769831
198.00701951577742
198.30640901825865
198.5927655304724
198.87974535290076
199.1596556868083
199.42509182468365
199.68606733255302
199.9465121782013
200.2001543652904
200.4431511376286
200.6557483297825
200.8640971617315
201.05861077277345
201.25122903686122
201.43374151454498
201.61253277566482
201.79325194944937
201.96954976579354
202.1438939386381
202.3170449651291
202.4850821947322
202.65759417097578
202.82453165448666
202.98465061493056
203.15262230239287
203.31016620940008
203.46103605479058
203.6124546282328
203.76118561843143
203.90585764191457
204.04568651004078
204.18464711151674
204.3211709477663
204.45964772050854
204.5975320162733
204.731368564525
204.86453352013183
204.99485558148695
205.12830165315452
205.25666278632255
205.38587280730837
205.51428800881945
205.6385383419617
205.76252552732058
205.885670212815
206.00649195916412
206.12658733515389
206.24300412529652
206.35541440235983
206.46683837560022
206.57291802132693
206.67803116926302
206.78300903608545
206.8836251724025
206.98366452141897
207.0836990223346
207.18043479890525
207.27586360778938
207.36976468353646
207.46352230563917
207.55425977247995
207.6447998082372
207.73113569971832
207.81457607176864
207.89651849901324
207.97821387642045
208.05929933952865
208.14001950642722
208.2258314339445
208.30544538761484
208.38375245458676
208.4600768163816
208.53569039288212
208.60917452283084
208.68199264054365
208.75446407795445
208.82616951448654
208.89659411617419
208.9664917821957
209.03323794476194
209.09664814482215
209.15853949590365
209.2191899049028
209.2780053153058
209.34203084965907
209.39895937603308
209.45424714192927
209.5110018889583
209.56487006852035
209.6185179692327
209.6751905071003
209.72893283245332
209.78134763251984
209.83071025368588
209.8806734265272
209.92712592957497
209.97290402790878
210.01810336163874
210.06048629019543
210.1003643352181
210.14021456310735
210.17925601217334
210.21614045075813
210.25236253607153
210.2847429676492
210.31413521268283
210.3462851738777
210.3744894321644
210.40044759713987
210.4243920658928
210.447722463538
210.4720447992121
210.49495747390097
210.51990319477974
210.54231492580095
210.56188223854667
210.58093742154196
210.60136133325736
210.61868736047035
210.63600327512717
210.66275294732037
210.67736203516765
210.69123151470475
210.70270793331034
210.7138178562733
210.72271063103
210.73465591978064
210.74302031356197
210.7502432238193
210.7600178610602
210.7664170315926
210.7738525718657
210.78478658495175
210.7909931901275
210.79615498378277
210.80165237958386
210.80484198110994
210.80791181735987
210.8116102365969
210.81701918806687
210.81868392209608
210.81995928950332
210.83104674420068
210.83220435097593
210.83586247035657
210.83987316952965
210.84150860693802
210.84245758521297
210.84551164085667
210.84685670939925
210.84858100522968
210.84894456712507
210.84926486467683
210.84999494146538
210.84999494146538
210.84999494146538
210.84999494146538
210.84999494146538
210.84999494146538
210.9806562870631
211.01554203380994
211.0473735482492
211.05165390000818
211.05657713578023
211.05999268136
211.06247114118057
211.06352558963556
211.0664104162847
211.06845051026312
211.0693014287147
211.06995278859705
211.07107981055873
211.07251098476303
211.07298039844187
211.07412453244677
211.0745919665933
211.07505223963764
211.07560884502462
211.07606860682068
211.07633648581742
211.0768511340069
211.07760259926258
211.07780238269018
211.07819429509533
211.0783335154053
211.0784936759167
211.0784936759167
211.0784936759167
211.0784936759167
211.0784936759167
211.0784936759167
211.2230685568249
211.32562920108555
211.42678839110366
211.5273595875127
211.6003306663905
211.66693337138315
211.72779266113284
211.781865689608
211.82029581227025
211.85268770291415
211.88193765114056
211.90489985904233
211.92775288059838
211.95012048591212
211.97177732098245
211.99265659762847
212.01405751366823
212.03135835288802
212.04548850192967
212.05907775226288
212.07194482861837
212.08433315033994
212.09538209632893
212.1061990907724
212.11368635539975
212.11963509258752
212.12540836724838
212.13000573904336
212.13445741951205
212.1387843721293
212.14292408479378
212.14649248828422
212.15012555696734
212.15331398245524
212.15604949624873
212.15872680939682
212.1611032279996
212.163404588554
212.16536205003405
212.16717095127416
212.168964978557
212.17015661227524
212.17145834061876
212.1733156518427
212.1748941427982
212.17595102525726
212.17671364992907
212.17734568086726
212.17831013307708
212.17921639360893
212.18021027148043
212.18084065162682
212.18119002894423
212.18150182101374
212.1820011209598
212.18227382739735
212.18286840339874
212.18312311902997
212.18366665440288
212.18412500589733
212.1845703025932
212.18516877249488
212.1857762350639
212.1864557311442
212.18694444854077
212.18735477059317
212.18779732958916
212.18829985570034
212.18868914204432
212.18912400438035
212.18952429947092
212.18987352500068
212.1901986543925
212.19048956148413
212.19076849532925
212.1911172790957
212.19133388060618
212.19155131693583
212.19174960595035
212.1921561464856
212.19235525951194
212.19277543031617
212.1929465238167
212.19321979646534
212.1933325513772
212.19364348281232
212.193720022147
212.19415122064547
212.19422735968678
212.19435010633217
212.19438713115963
212.19476494895008
212.19479269472492
212.19497348168304
212.19499781750483
212.19549946566644
212.1955355563893
212.19580590307362
212.19587817331762
212.19604575497036
212.1961466646746
212.19628553448342
212.19635834317512
212.1964040744663
212.19652384629194
212.19653911782208
212.19671369683826
212.19674123018865
212.19679778962418
212.196848365162
212.1968591261161
212.19688613094254
212.1969363774168
212.1969387058222
212.19709950967484
212.19724793288725
212.19728780747383
212.19734763786113
212.19734828342519
212.19736942413223
212.19737135457888
212.19737135457888
212.19737135457888
212.19737135457888
212.19736942413223
212.26698977917346
212.31540720836264
212.36352819718724
212.41150376528194
212.44633047678465
212.4790356523033
212.50494018472813
212.51992080199864
212.53307393345625
212.5432803591044
212.55340202493622
212.56286110088388
212.57235808825206
212.58161237729863
212.59065564060688
212.59897652175084
212.60523347325355
212.61133762056582
212.61714181965965
212.62258807496968
212.6276117078578
212.6300173976599
212.63229251588666
212.63452312033866
212.63652018802128
212.63826707467763
212.640003927508
212.6415786748929
212.64280312872603
212.6437365658517
212.64463640471726
212.64550008102384
212.64632829036054
212.64696264939374
212.64757156335253
212.64815931351703
212.6485220233802
212.64906952383592
212.64956315661476
212.64994212318953
212.65024901943883
212.65045171629302
212.65062482160826
212.65078910513682
212.65096228932876
212.65114027859104
212.65160306107768
212.6517086013606
212.65181778784222
212.6521816192356
212.65241353133985
212.65256855059965
212.65266722743846
212.65279441659297
212.65288131119598
212.6529861917389
212.6531089673105
212.65320202999527
212.65342136484045
212.6534774738895
212.65369562828414
212.65374379094433
212.6539299197675
212.6539915128088
212.6540990168766
212.65414178220794
212.6542058568492
212.65424423805936
212.65434055783547
212.65446014374794
212.65454139776006
212.65460310646608
212.6546667350775
212.65468271052055
212.6547006089638
212.65471315138802
212.65472580783214
212.65475956365003
212.65477307099707
212.65480417034732
212.654823423793
212.65484636300198
212.65487208126922
212.6548920573679
212.65491071266342
212.6549226524498
212.65493635605424
212.65494484845252
212.65496004441016
212.65496322176855
212.65505763475596
212.65509445151764
212.65526425927186
212.6552733056018
212.65529521457995
212.65535212915537
212.65538956243012
212.65538989176116
212.65540446216
212.65542443909249
212.65542980754714
212.6554658929241
212.6555175160604
212.6555203744305
212.65553339241114
212.6555361945714
212.6555481568099
212.65555020261502
212.65555024084057
212.6555602698927
212.6556223155991
212.65569560738217
212.65598057611828
212.6559995270512
212.65605841248737
212.65613134859115
212.6561746345415
212.6562067491027
212.65624020012268
212.65630959759045
212.65633391987888
212.65640435890015
212.65653324402305
212.656542441175
212.65655054213678
212.65656341342608
212.65656341342608
212.65656341342608
212.65656341342608
212.65656341342608
212.65656341342608
212.69069285741412
212.7141801442541
212.73758926469793
212.76098732286874
212.77795546117545
212.7941285388726
212.80806789460257
212.82077332207734
212.83005776387068
212.8372981484903
212.8434349898797
212.8482579476375
212.85297731971383
212.85749996981343
212.86184833281217
212.86609452418216
212.87027768695495
212.87436622003207
212.87728911526114
212.8801910983792
212.8829645082949
212.88568818832832
212.88815627234163
212.89019129428615
212.89122374336122
