with mode=0, handoff cost coefficient = 1.0
133.96495937618172
133.95925282216626
133.95635311962056
133.99451808536446
134.02634764547153
134.04823900477132
134.07813745777287
134.08789776731467
134.08789776731467
134.1054856436822
134.10878875684597
134.10940380363962
134.16039950118744
134.3101329446144
134.31018349877948
134.31312894438759
134.31267566413686
134.3134766918727
134.31336801325878
134.31433700814827
134.314790288399
134.32840482962138
134.32505278669598
134.33788104639177
134.34415739897318
134.34670329498198
134.35542984168697
134.59375299170563
134.59567695974093
134.58309235298094
134.57605476209656
134.5760577180333
134.60410057539914
134.60410153609703
134.60410020596404
134.60410020596404
134.638876719092
134.78408674525386
134.79938290746873
134.7738818905628
134.7741929250753
134.78260170036145
134.78574872035097
134.79938290746873
134.81142058763805
134.81670634993014
134.83095654208125
134.83338720233712
134.8344416952577
134.8344416952577
134.83476504449283
134.83264033059905
134.8326640512316
134.8333437396615
134.8374212625686
134.8419465928675
134.84403348187232
134.84427424049858
134.87078715971765
134.87170604543576
134.87339607760202
134.87369186171105
134.89001107024552
134.8907430950642
134.9062238308979
134.90665045971645
134.90489823342037
134.93048493672745
134.93184910551355
134.9671106501682
134.97027096300707
134.97027096300707
134.9714171095549
134.9730480823532
134.97553786145994
134.97644962410362
134.97728005834222
134.99068114621454
134.9981657574891
134.9981657574891
134.99816386175002
134.9981634335561
134.99775519240896
135.00113593703838
134.99894322990923
134.99890072573444
134.99827373591978
135.00386560191123
135.00386560191123
135.0013260378601
135.0013260955748
135.01240189544342
135.01293880269355
135.01357194699088
135.0153066828272
135.01530693355525
135.03722750424993
135.0359472784312
135.04061550017727
135.04339606889485
135.04526556807733
135.04589106336002
135.05172895163201
135.05172895163201
135.05424534581152
135.0550589172895
135.05523623153368
135.05523659356112
135.06042809256672
135.06042822222287
135.06001912903739
135.059957416298
135.05773514877743
135.06042809256672
135.06042823786336
135.12228159850244
135.1249033292776
135.12293227450584
135.12303307880123
135.1255173715577
135.12603938002198
135.14283360121786
135.14301828384683
135.14269650834123
135.14269658049386
135.14269658049386
135.14278322762965
135.17701684271154
135.17986693055394
135.17986693055394
135.17943400369938
135.17934583688069
135.1832205888176
135.19738344174314
135.19750327578612
135.1968350475417
135.1966444099393
135.19764348708506
135.23127081273896
135.23108115713927
135.23053971213034
135.23037695854913
135.2306862159793
135.23127081273896
135.23227485566707
135.232418860521
135.23378589283436
135.2337759129298
135.23432514862185
135.24137833626423
135.24143327143148
135.24143333418067
135.2414348102234
135.24141829625486
135.24172667817115
135.27170471849632
135.2738536099647
135.27404402964953
135.27491344239053
135.27693795790026
135.2766266541871
135.27967888764402
135.27972567386294
135.28016309240246
135.2809746944671
135.2809841602786
135.28111290415626
135.28111300350918
135.28111301352016
135.2809957570811
135.3152498307831
135.31524987623735
135.31569676336701
135.31569677399193
135.31574427535256
135.31614653618777
135.31621922026412
135.31833702815544
135.31967565307107
135.3196765229999
135.31978579952997
135.31980356091822
135.31975524304923
135.33007705226805
135.3305337653621
135.33055518961476
135.33055520770688
135.3376116784572
135.34786286747723
135.34788878069853
135.34790601160154
135.34796598983922
135.34801747895196
135.34790355496972
135.35630802827686
135.35639453491046
135.35656663803488
135.35656696104422
135.35656743448126
135.35961901341878
135.36023527584433
135.36047863266407
135.3660593670322
135.36608708411052
135.3660007961717
135.36608708411052
135.36611629951818
135.3661265083407
135.36637153769962
135.36637153769962
135.3663019143966
135.40055322111954
135.4035051925792
135.404691018232
135.4048095828207
135.4050242767158
135.42275973156944
135.4237248481875
135.42428061216265
135.45844737573162
135.45833238836374
135.4582834800176
135.45834457466322
135.45787457267028
135.45844737573162
135.4585153812175
135.4585196879441
135.4585355334788
135.46205386728522
135.4621568675822
135.46222379073447
135.46231893511572
135.46310298089512
135.46321861262086
135.4632603319023
135.4632745332052
135.46333963428216
135.46328371369785
135.46328380894164
135.4636108872565
135.46361188314995
135.46365489735376
135.46382545318247
135.46383679068916
135.46389757347416
135.46389757347416
135.4639264819397
135.4639859148556
135.4639859148556
135.46405613697436
135.46405613697436
135.46409661346854
135.464028918141
135.46411571561066
135.46423041062684
135.46445236150367
135.4649251972912
135.46493097755908
135.46493105811288
135.46493115125827
135.4653586771998
135.46602520437187
135.46602520437187
135.46602521490775
135.46679239025366
135.46716861528682
135.46705629391533
135.46746775390275
135.4675266171845
135.46754035063043
135.46766994935334
135.46836701936436
135.46842846778858
135.47099596883126
135.47099603676295
135.4709960923186
135.47098896176294
135.4724949311881
135.47265366650433
135.47272012275468
135.47280359329096
135.47293922876202
135.4733603756888
135.47342905521606
135.4736399638691
135.4736929184548
135.47378732401228
135.47379431632987
135.4738797714399
135.47803560269688
135.49366100874428
135.49369145606832
135.49370623074597
135.49371285519194
135.49375712041615
135.49418215720812
135.4942153014834
135.4942373025173
135.4949036911841
135.4959307663826
135.49618204144457
135.51179557052234
135.511834428563
135.511834428563
135.51183447487944
135.5118345054944
135.5268916206864
135.5269849550464
135.5268916206864
135.52838146807665
135.52841757476784
135.52842430120091
135.5325938750941
135.5326175503703
135.53272466912276
135.53688457058053
135.53711370095638
135.54224689064327
135.54225954109384
135.54219553399122
135.5421972212787
135.54223684967837
135.54238757292694
135.54258570190711
135.54611853960859
135.5462309890183
135.5462309865423
135.546215819312
135.54637170359922
135.54702989794873
135.55554787076414
135.55576644864703
135.55584706750236
135.5558776665861
135.5559637131483
135.55607119208915
135.5561463587795
135.55614661285773
135.55714234498947
135.5571069822834
135.5571252123116
135.55713211982743
135.5745778935991
135.57462765294895
135.57464616340295
135.57475192770352
135.5751871392908
135.57517768383696
135.5753222497307
135.5804513539885
135.59549419551666
135.59902524677486
135.599032185086
135.59904124381544
135.61641937447294
135.61643578587456
135.61708389589617
135.61711079882824
135.61713032491411
135.61712475943744
135.61702204512812
135.61702204512812
135.61705554161557
135.61713032491411
135.61714105394717
135.6171429625009
135.6172782171215
135.61798958302464
135.61795923724458
135.6186666626101
135.6186666626101
135.6186581789962
135.61927452655092
135.61921519337764
135.61982454560422
135.61982922006828
135.62120898404171
135.6212085919086
135.62122322297546
135.6213484816281
135.62140920977856
135.62140921241823
135.62140416339182
135.6214065418588
135.62141327900628
135.62191794515425
135.62192578196417
135.62202465860375
135.62203871440983
135.62206384934663
135.62208462392525
135.62209257044591
135.62212294124808
135.6221035347724
135.62241422062
135.6224184169721
135.6224184169721
135.6224184169721
135.62262134876937
135.62292633380343
135.62298436029613
135.6234845622459
135.6244827966061
135.6249732354773
135.62498229851616
135.62499320231294
135.62517213693476
135.62517213693476
135.62527741927778
135.62527744598407
135.62597637357146
135.62597993295833
135.62597994219104
135.62599620986325
135.62600524449516
135.62600524449516
135.6260071362258
135.62605712875973
135.62605539160143
135.62606359321387
135.6260737963725
135.6260930496673
135.62611615102082
135.63390235512128
135.63390596846216
135.64168759535588
135.64166363739685
135.64166365512781
135.6417135932005
135.64172496723657
135.64950377348364
135.6495069711737
135.6495077459872
135.64953960210477
135.64953960210477
135.6495544669681
135.6495740045904
135.64958395816777
135.64915329809085
135.64915330641267
135.64915761707752
135.6495740045904
135.6495755793105
135.64958185349028
135.64958536783504
135.6495938494491
135.64959811932445
135.649654936444
135.64968070974064
135.64971737136736
135.65037877697608
135.65037877697608
135.6503918697748
135.65041559702323
135.65130012150578
135.65131126777928
135.65131126777928
135.65131343617713
135.6513165245805
135.6513165245805
135.65259866032824
135.6526133049134
135.65272325965392
135.65272325965392
135.65274717011079
135.65275490110548
135.65275078592603
135.6570907573541
135.65710412818373
135.65737058381416
135.6571418344023
135.6571418344023
135.65714884933544
135.65714884933544
135.65737058381416
135.65738228198416
135.65789959869494
135.6580743501143
135.65807437028744
135.65820686942104
135.65884787103874
135.65886034379912
135.65886137797045
135.65886588685703
135.65853636712106
135.65853867477622
135.65886034379912
135.6588616471375
135.65886540853
135.65938119983008
135.65938607695554
135.65938700055605
135.65939151210847
135.65941402614555
135.65973449185242
135.65973450116593
135.66081948472853
135.66090683553483
135.66090813085108
135.66097422876732
135.66097422876732
