with mode=3, handoff cost coefficient = 1.0
133.96495937618172
134.8595060776942
134.98849311560164
135.2189165036035
135.9296267121593
136.16006115413762
136.34819076598149
136.390832682354
136.57845913746124
137.09360118687334
137.0935871441191
137.12677753930757
137.9282840128692
138.06037059645226
138.26168278916865
138.26165343294466
138.28201673003238
138.9220631098799
138.9220631098799
139.01488318611263
139.0193167120922
139.43305832165746
139.43305832165746
139.43216906624605
139.61861379782584
139.61573976313116
140.03120943340332
140.0311818998561
140.03120932347775
140.08880955049176
140.0888348018021
140.0888467931508
140.08883493153758
140.08883493153758
140.08883493153758
140.08883493153758
140.09573611242405
140.1001782281365
140.10423590270784
140.10423590270784
140.17005515787503
140.19950342877664
140.19948170075392
140.21209672267614
140.21533337736722
140.21218084725317
140.21221382496705
140.44093194424954
140.44093194424954
140.44094740162393
140.44101909312633
140.44596132608214
140.44596132608214
140.44775209088172
140.44772490203135
140.44772479977456
140.45794872681216
140.4719842073022
140.68332488179144
140.68828793459443
140.68828793459443
140.6922953529946
140.6922953529946
140.6922953529946
140.6923146431855
140.70356669820146
140.70357086057564
140.7197401929302
140.72575369965477
140.72713882161744
140.72713882161744
140.72781345787766
140.72781345787766
140.72781345787766
140.72781345787766
140.7294442471419
140.7294442471419
140.7294442471419
140.74236922838716
140.74403193708318
140.74404547494538
140.74505215554456
140.74505215554456
140.74505215554456
140.74505215554456
140.74505215554456
140.74505215554456
140.74505215554456
140.74505215554456
140.74505215554456
140.74505215554456
140.74505215554456
140.74505215554456
140.74505215554456
140.74505215554456
140.74505215554456
140.74505215554456
140.74505215554456
140.74505215554456
140.74505215554456
140.74505215554456
140.74505215554456
140.75856743293562
140.7574813258711
140.7584565079626
140.7584565079626
140.7584565079626
140.7584565079626
140.76556346681232
140.76556506041524
140.76561808566765
140.76558144557447
140.76558144557447
140.76558144557447
140.7755403206267
140.9765637861739
140.9765912191156
140.9775602355537
140.97802953012834
140.97802953012834
140.97802953012834
140.97802953012834
140.97802953012834
140.97802953012834
140.97802953012834
140.97802953012834
140.97802953012834
140.97802953012834
140.98551509613318
140.98618878366653
140.98649015453142
140.98570887715755
140.98570887715755
140.98570887715755
140.98570887715755
140.98570887715755
140.98570887715755
140.98570887715755
140.98570887715755
140.98570887715755
140.98570887715755
140.98570887715755
140.98570887715755
140.98570887715755
140.98570887715755
140.98570887715755
140.98964569636115
140.99375238255465
140.99483691679515
140.99483691679515
140.9948360728616
140.9948360728616
140.9948360728616
140.9948360728616
140.9948360728616
140.9948360728616
140.9948360728616
140.9948360728616
140.9948360728616
140.9948360728616
140.9948360728616
140.9948360728616
140.9948360728616
140.9948360728616
140.9948360728616
140.9948360728616
140.9948360728616
140.9948360728616
140.9948360728616
140.9948360728616
140.9948360728616
140.9948360728616
140.9948360728616
140.9948360728616
140.9948360728616
140.9948360728616
140.9948360728616
140.9948360728616
140.9948360728616
140.9948360728616
140.9948360728616
140.9948360728616
140.9948360728616
140.9948360728616
140.9948360728616
140.9948360728616
140.9948360728616
140.9948360728616
140.9948360728616
140.9948360728616
140.9948360728616
140.9948360728616
140.9948360728616
140.9948360728616
140.9948360728616
140.9948360728616
140.9948360728616
140.9948360728616
140.9948360728616
140.9948360728616
140.9948360728616
140.9948360728616
140.9948360728616
140.9954603409599
140.9954603409599
140.9954603409599
140.9954603409599
140.9954603409599
140.9954603409599
140.9954603409599
140.9954603409599
140.9954603409599
140.99625569596265
140.99916398057204
140.9991584810889
140.99917793436637
140.99917793436637
140.99917793436637
141.11160981006051
141.11158686409541
141.11158686409541
141.11140397624445
141.11140397624445
141.11140397624445
141.11140397624445
141.2378592309648
141.2378592309648
141.23786373483296
141.23786373483296
141.23786373483296
141.23786373483296
141.23786373483296
141.23786373483296
141.23786373483296
141.23786373483296
141.23786373483296
141.23786373483296
141.23786373483296
141.23786373483296
141.23786373483296
141.23786373483296
141.23786373483296
141.23786373483296
141.23786373483296
141.23786373483296
141.23786373483296
141.23786373483296
141.23786373483296
141.23786373483296
141.23786373483296
141.23786373483296
141.23786373483296
141.23786373483296
141.23786373483296
141.23786373483296
141.23786373483296
141.23786373483296
141.23786373483296
141.23786373483296
141.23786373483296
141.23786373483296
141.23786373483296
141.23786373483296
141.23786373483296
141.23786373483296
141.23786373483296
141.23786373483296
141.23786373483296
141.23786373483296
141.23786373483296
141.23786373483296
141.23786373483296
141.23786373483296
141.23786373483296
141.23786373483296
141.23786373483296
141.23786373483296
141.23786373483296
141.23786373483296
141.23786373483296
141.23786373483296
141.23786373483296
141.23786373483296
141.23786373483296
141.23786373483296
141.23786373483296
141.23786373483296
141.23786373483296
141.23786373483296
141.23786373483296
141.23786373483296
141.23786373483296
141.23786373483296
141.23786373483296
141.23786373483296
141.23786373483296
141.23786373483296
141.23786373483296
141.23786373483296
141.23786373483296
141.23786373483296
141.23786373483296
141.23786373483296
141.23786373483296
141.23786373483296
141.23786373483296
141.23786373483296
141.23786373483296
141.23786373483296
141.23786373483296
141.23786373483296
141.23786373483296
141.23786373483296
141.23786373483296
141.23786373483296
141.23786373483296
141.23786373483296
141.23786373483296
141.23786373483296
141.23786373483296
141.23786373483296
141.23786373483296
141.23786373483296
141.23786373483296
141.23786373483296
141.23786373483296
141.23786373483296
141.23786373483296
141.23786373483296
141.23786373483296
141.23786373483296
141.23786373483296
141.23786373483296
141.23786373483296
141.23786373483296
141.2393086612459
141.24032695789492
141.24032498337172
141.24030239101432
141.24030239101432
141.24030239101432
141.24030239101432
141.24030239101432
141.24030239101432
141.24030239101432
141.24030239101432
141.24030239101432
141.24030239101432
141.24030239101432
141.24030239101432
141.24030239101432
141.24172896291685
141.2419388617308
141.2438348081363
141.2438348081363
141.2438348081363
141.2439890996296
141.2439890996296
141.2439890996296
141.2439890996296
141.2439890996296
141.2439890996296
141.2439890996296
141.2439890996296
141.2439890996296
141.2439890996296
141.2439890996296
141.2439890996296
141.2439890996296
141.2439890996296
141.2439890996296
141.2439890996296
141.2439890996296
141.2439890996296
141.2439890996296
141.2439890996296
141.2439890996296
141.2439890996296
141.2439890996296
141.2439890996296
141.2439890996296
141.2439890996296
141.2439890996296
141.2439890996296
141.2439890996296
141.2439890996296
141.2439890996296
141.2439890996296
141.2439890996296
141.2439890996296
141.2439890996296
141.2439890996296
141.2439890996296
141.2439890996296
141.2439890996296
141.2439890996296
141.2439890996296
141.2439890996296
141.2439890996296
141.2439890996296
141.2439890996296
141.2439890996296
141.2439890996296
141.2439890996296
141.2439890996296
141.2439890996296
141.2439890996296
141.2439890996296
141.2439890996296
141.2439890996296
141.2439890996296
141.2439890996296
141.2439890996296
141.2439890996296
141.2439890996296
141.2439890996296
141.2439890996296
141.2439890996296
141.2439890996296
141.2439890996296
141.2439890996296
141.2439890996296
141.2439890996296
141.2439890996296
141.2439890996296
141.2439890996296
141.2439890996296
141.2439890996296
141.2439890996296
141.2439890996296
141.2439890996296
141.2439890996296
141.2439890996296
141.2439890996296
141.2439890996296
141.2439890996296
141.2439890996296
141.2439890996296
141.2439890996296
141.2439890996296
141.2439890996296
141.2439890996296
141.2439890996296
141.2439890996296
141.2439890996296
141.2439890996296
141.2439890996296
141.2439890996296
141.2439890996296
141.2439890996296
141.2439890996296
141.2439890996296
141.2439890996296
141.2439890996296
141.2439890996296
141.2439890996296
141.2439890996296
141.2439890996296
141.2439890996296
141.2439890996296
141.2439890996296
141.2439890996296
141.2439890996296
141.2439890996296
141.2439890996296
141.2439890996296
141.2439890996296
141.2439890996296
141.2439890996296
141.2439890996296
141.2439890996296
141.2439890996296
141.2439890996296
141.2439890996296
141.2439890996296
141.2439890996296
141.2439890996296
141.2439890996296
141.2439890996296
141.2439890996296
141.2439890996296
141.2439890996296
141.2439890996296
141.2439890996296
141.2439890996296
141.2439890996296
141.2439890996296
141.2439890996296
141.2439890996296
141.2439890996296
141.2439890996296
141.2439890996296
141.2439890996296
141.2439890996296
141.2439890996296
141.2439890996296
141.2439890996296
141.2439890996296
141.24531460813526
141.24531460813526
141.24531460813526
141.24531460813526
