with mode=1, handoff cost coefficient = 1.0
133.96495937618172
133.9824965670843
134.00256398747544
134.0225857919939
134.03613184152533
134.04879230405095
134.07940509445893
134.1276714875814
134.16464657456447
134.17240972748817
134.18905933542678
134.26047979905184
134.2713722003394
134.29895704900525
134.324404623676
134.33635040913026
134.3396920560689
134.3511022934169
134.42412171330182
134.51467919831092
134.54485620677818
134.5782444026405
134.5910953609952
134.6494669029378
134.68147745716342
134.7056592208543
134.78204847941254
134.79109808034002
134.81728276408043
134.82210983212272
134.82911287487107
134.8329924865854
134.855080200395
134.88827964981584
134.9010796803311
134.9249816517987
134.98761122484126
135.03449693554063
135.06399118135528
135.1172915465872
135.13118361030772
135.14417886167905
135.15556480117414
135.1948406876436
135.25018804601876
135.25661206558516
135.26489898090543
135.27045716360794
135.2729914282024
135.30480350617586
135.33299535104058
135.34204207125862
135.3810052005973
135.38416602690558
135.3853125218461
135.39605057837457
135.40313247473665
135.41065071639582
135.4235097325707
135.43351153794237
135.43082410451703
135.46731613124928
135.50596212998454
135.50825821918238
135.5403407983584
135.56111908107277
135.58116115434828
135.6253953239072
135.67479162481996
135.6999037367498
135.74588555325138
135.76006383333169
135.79364874383552
135.82783472517295
135.83940688385064
135.84891495717613
135.8538589016579
135.85440955271073
135.88197202280418
135.91591151102529
135.95748766359674
135.95965495863948
135.97354237819087
135.97411204597213
135.98098713948323
135.98390807860613
136.01168270629734
136.01343216515923
136.06102564768614
136.08007040701523
136.1004942193331
136.1078316379575
136.15586368348582
136.17053806028525
136.19145188874387
136.19125139580962
136.20402832990732
136.21818594937702
136.2293535263672
136.23303625620284
136.241624680106
136.28667126700844
136.30421452735112
136.3461002544412
136.34592250831963
136.39311730411444
136.39284243161018
136.39364150536477
136.39599856189128
136.40448815278793
136.4100196147536
136.41317001125577
136.42877247393838
136.43935550580326
136.43927424202766
136.44651741211365
136.44801211728608
136.47961842423743
136.50727951686497
136.529294894663
136.57469977114764
136.57877839207686
136.59962847394362
136.6369374422178
136.65236317049087
136.65719059268713
136.69689975458292
136.76643970599608
136.76737132457538
136.8329440366744
136.8733701331695
136.87470828719694
136.87547993474215
136.88396404487386
136.89136447832976
136.92435383635856
136.93616973524675
136.96672407308145
136.96767902952718
136.96755402518446
136.9784622199769
136.98234356591715
136.9846081426313
137.0152902326549
137.0200035973754
137.02952246135882
137.04755218848047
137.0584289560669
137.1039554329742
137.12455992848118
137.19781682559653
137.23125061582
137.25626655850846
137.25502889532794
137.28221504803852
137.28440614195736
137.29472343392874
137.30713991914132
137.3166466331587
137.32394498605592
137.3545315859032
137.3643659112066
137.407025324457
137.44205705200466
137.4910936673999
137.49423358799046
137.49797616388105
137.53476008239056
137.5367776164022
137.53651781694884
137.5384110382133
137.55174255840492
137.58509289800332
137.59266844409655
137.61269841812964
137.61189082983012
137.62182426570482
137.6420871318332
137.64156198271638
137.6522884806548
137.68570601824567
137.71914182723998
137.72869742139946
137.72860926966973
137.75896064794875
137.82160012329237
137.82894977523333
137.82750298784694
137.862729349409
137.86642374480257
137.8993204351467
137.90844124364133
137.90946972173384
137.94270452825234
138.02986529543665
138.03037090084769
138.0775515435447
138.091563341495
138.1203318505221
138.14711722168002
138.16340028004564
138.19613176277778
138.19792938097171
138.20660131154688
138.24565937629814
138.24557253125099
138.24686242151708
138.25504155412054
138.26571169055154
138.29675003180498
138.29382385301895
138.30495566284813
138.30410459485523
138.32994607320344
138.33863713792314
138.34562310893787
138.34542002730367
138.35284879564267
138.35836317936
138.36509740940969
138.38720645189284
138.4010387297693
138.40593491649636
138.4064207223064
138.41862728740267
138.4617673724375
138.5049774491333
138.51551824616527
138.51441241223878
138.55080826000398
138.5668169910885
138.60482885232386
138.60476518969926
138.62615758174485
138.66046216761114
138.70179892539053
138.7079952303822
138.70649878526447
138.7244354359487
138.7566658294626
138.76237561707669
138.7726467970014
138.80428939427117
138.81756678301434
138.87452666659354
138.88089914301514
138.8780237726461
138.8759616637473
138.88138321138496
138.88392908288756
138.88132111270542
138.8803581049182
138.8840096321102
138.8947238833484
138.89621308561038
138.90625174821957
138.9075014079077
138.92622441710625
138.95999936203137
138.99163014087284
138.9919256658907
138.99238007197272
139.02874232357294
139.0632464330731
139.07837496470972
139.0836424958956
139.1486636605045
139.15853144428186
139.15912647991001
139.22477482277438
139.22353064342994
139.22688564311375
139.2262436583608
139.23436417166053
139.257295458468
139.2565446913322
139.2591237732793
139.25930140888357
139.28868521491646
139.34368199766197
139.38227501260536
139.38065920985701
139.38088235795294
139.3925864996112
139.40627237630378
139.45630492849776
139.5401273698404
139.5492934478308
139.55015805896585
139.5608633256769
139.55978526244095
139.56792006646833
139.56954418521275
139.57021805093353
139.57200792790664
139.58784301746294
139.5885736076425
139.60387942372682
139.6050232206455
139.63662972561463
139.63853522607732
139.67225452024954
139.68089236136547
139.69678739280172
139.72668415650747
139.72593964627399
139.7564694222336
139.75895282669504
139.7604659710805
139.7623607159506
139.7621226061725
139.76604709002999
139.77822989236915
139.7795842214151
139.77809032138146
139.83544174400717
139.84337985580282
139.8598911864243
139.87052918727034
139.8705575687316
139.87814696622078
139.88685386309626
139.88659760468883
139.88698328299972
139.88810495952583
139.88794775320278
139.88855935766972
139.894066546962
139.93310950450342
139.94324868145634
139.9496138296153
139.95024121624198
139.9490652085425
139.95321634649403
139.95529607466733
139.95758620569345
139.96844841554235
139.99138793582367
139.99191290882132
140.00432359163528
140.0048770337902
140.03403829080605
140.03566892978725
140.0434890766529
140.043214291146
140.04295492907482
140.04362388205675
140.05840103691753
140.05967230995967
140.0613428355475
140.06197711126026
140.06513879799414
140.0786006628458
140.09203599360188
140.10045848925066
140.11472522194634
140.11414866862486
140.13188904951824
140.13293417660913
140.1342769295099
140.1360805094703
140.16611535095825
140.16382527020548
140.16560331434144
140.16675272569435
140.17561420382933
140.1761841296285
140.18333843178868
140.1853934350432
140.2183708841084
140.21974711186417
140.21924235292724
140.21898432243827
140.21925832601684
140.23282483352332
140.24890723113967
140.2493413446586
140.24993940707614
140.25001645551626
140.26568084948434
140.28721177818764
140.28890476289857
140.28838211827818
140.32185854021554
140.32317830637598
140.3367507473702
140.33770518852748
140.34309293565752
140.34358162019635
140.35406125431075
140.36760566814084
140.37008520577405
140.37028710067432
140.37977088126672
140.37776475738457
140.37727345202995
140.38402821748167
140.38402975354288
140.3845539084666
140.38482817303188
140.38331426404127
140.3837895563459
140.39122045654022
140.39205712603737
140.42667297619354
140.42775579441727
140.44848098492193
140.45533425113734
140.45429367440943
140.4567345538096
140.4741287604316
140.48143508081952
140.48167632270045
140.5224498905263
140.55616058837782
140.55699776569804
140.58640542973163
140.5861073847072
140.586053726668
140.6423669929555
140.66537639577277
140.68944664702332
140.69678538416682
140.71210659085784
140.7504513584833
140.77378870883416
140.80479070007618
140.80349468521086
140.8019036519605
140.8134471260459
140.82343058729668
140.82390409255453
140.8527662943163
140.8526098706082
140.85601939204864
140.85543116564747
140.8558805767197
140.86458956685198
140.86606776661594
140.87336010079125
140.8846126677497
140.91677226866418
140.96368080761738
140.96264741591202
140.9627381936252
140.96450794407423
140.96523307983895
140.97825026365845
140.98255191512914
140.98743491377482
140.98817992378562
140.98761853844752
141.00085008776279
141.00349452501132
141.00651343608504
141.00510186773855
141.00565364616256
141.02069529697542
141.01973696930793
141.03232443314505
141.03861298942945
141.04088686316643
141.04104358488323
141.04176804019494
141.0763418271945
141.09220603046703
141.09323752576393
141.09266823915598
141.10569998058548
141.10730781661638
141.10867382396717
141.14567743702315
141.15887566753022
141.17136003239554
141.17132281216124
141.1852942919865
141.18350888549645
141.1839266774663
141.18850499106998
141.21239444630334
141.21215327061333
141.22391509156768
141.22419060448325
141.22327735342216
141.22322953883148
141.22478192375493
141.23940647180714
141.25778403290968
141.25815741947804
141.27139747442254
141.27248964755557
141.27112001018017
141.30205836381933
141.3001146435509
141.32649661281997
141.33691072172428
141.33697811850178
141.3376180897891
141.34286342470796
141.34204146424116
141.34286342470796
