with mode=3, handoff cost coefficient = 1.0
158.1146569850532
159.19071417950238
159.46302066425017
159.59089278841645
159.85964703950555
159.94512766007392
160.16369343536084
160.17735199221795
161.1989479981451
161.41961461593309
161.43504945886465
161.8134343118649
162.11204618196194
162.10520187243998
162.13950440250224
162.5054321079181
162.81745955989953
163.17191580316938
163.50770449391763
163.55538443584598
163.54310266945458
163.5601181532889
163.62803688428497
163.67617594937474
163.6939296476483
163.7065026729475
163.71056389409944
163.7105078325995
163.71171854460252
163.95682664175783
164.11426363082057
164.1142036040104
164.11216776345074
164.12457503636978
164.1311005045176
164.33021965130024
164.3302420967684
164.34151006058096
164.34150473343357
164.36097091573808
164.35800578685007
164.35820351349517
164.36544445738
164.3640283828809
164.3675987724524
164.69923312088153
164.69915919100555
164.6991111329241
164.70299278207335
164.7030491416488
164.7030491416488
164.70299619944134
164.70299619944134
164.70299619944134
164.70299619944134
164.70299619944134
164.70299619944134
164.70299619944134
164.70299619944134
164.70299619944134
164.70299619944134
164.70299619944134
164.70299619944134
164.70299619944134
164.70299619944134
164.70299619944134
164.70299619944134
165.01018838921382
165.01058576968705
165.01067521439296
165.01055288970645
165.01213405044595
165.01213405044595
165.01213405044595
165.0126917223908
165.0126917223908
165.03092119029546
165.03102801634802
165.0310523860874
165.03483813761682
165.0346775720978
165.0782828371071
165.06827254164088
165.07018677361398
165.07021031494483
165.07192153626903
165.07197418829256
165.07195137647
165.07193881936044
165.07193881936044
165.07193881936044
165.0824587325822
165.08257001460453
165.08357554481802
165.08247528438463
165.08247528438463
165.0851611943591
165.0851611943591
165.08835616559014
165.08830851277352
165.0886901106767
165.0887235116122
165.0887235116122
165.0887235116122
165.0887235116122
165.0887235116122
165.0887235116122
165.0887235116122
165.0887235116122
165.0887235116122
165.0887235116122
165.0887235116122
165.0887235116122
165.0887235116122
165.0887235116122
165.0887235116122
165.0887235116122
165.0887235116122
165.0887235116122
165.0887235116122
165.0887235116122
165.0887235116122
165.0887235116122
165.0887235116122
165.0887235116122
165.0887235116122
165.0887235116122
165.0887235116122
165.0887235116122
165.0887235116122
165.0887235116122
165.0887235116122
165.0887235116122
165.0887235116122
165.0887235116122
165.0887235116122
165.0887235116122
165.0887235116122
165.0887235116122
165.0887235116122
165.0887235116122
165.0887235116122
165.0887235116122
165.0887235116122
165.0887235116122
165.0887235116122
165.0887235116122
165.17406349485913
165.17703984668165
165.17707585375535
165.179951222343
165.17787918812883
165.17787918812883
165.18065167242992
165.18065167242992
165.18067657853578
165.18067657853578
165.18067657853578
165.18067657853578
165.18067657853578
165.18067657853578
165.18067657853578
165.18067657853578
165.18067657853578
165.18067657853578
165.18067657853578
165.18067657853578
165.18067657853578
165.18067657853578
165.18067657853578
165.18067657853578
165.18067657853578
165.18067657853578
165.18067657853578
165.18067657853578
165.18067657853578
165.18067657853578
165.18067657853578
165.18067657853578
165.18067657853578
165.25290939688347
165.2528626593122
165.25365226700103
165.2536775172677
165.2536775172677
165.2536775172677
165.2536775172677
165.2536775172677
165.2536775172677
165.2536775172677
165.2536775172677
165.2536775172677
165.25756668701234
165.25757113252507
165.25757733385336
165.25758638367165
165.25758638367165
165.25758638367165
165.25758638367165
165.25758638367165
165.25758638367165
165.25758638367165
165.25758638367165
165.25758638367165
165.25758638367165
165.25758638367165
165.25758638367165
165.25758638367165
165.25758638367165
165.25758638367165
165.25758638367165
165.25758638367165
165.25758638367165
165.25758638367165
165.25758638367165
165.25758638367165
165.25758638367165
165.25758638367165
165.25758638367165
165.25758638367165
165.25758638367165
165.25758638367165
165.25758638367165
165.25758638367165
165.25940512035623
165.2593965490575
165.25982733053416
165.25983479407495
165.25983479407495
165.26109706924788
165.26109706924788
165.26109706924788
165.26109706924788
165.26109706924788
165.26109706924788
165.26109706924788
165.26109706924788
165.26109706924788
165.26171325322477
165.26197572373667
165.26197572373667
165.26197572373667
165.26197572373667
165.26197572373667
165.26197572373667
165.26197572373667
165.26197572373667
165.26197572373667
165.26197572373667
165.26197572373667
165.26197572373667
165.26197572373667
165.26197572373667
165.26197572373667
165.26197572373667
165.26197572373667
165.26197572373667
165.26197572373667
165.26197572373667
165.26197572373667
165.26197572373667
165.26197572373667
165.26197572373667
165.26197572373667
165.26197572373667
165.26197572373667
165.26197572373667
165.26197572373667
165.26197572373667
165.26197572373667
165.26197572373667
165.26197572373667
165.26197572373667
165.2634790087068
165.26350024945657
165.26550388909885
165.26549021024874
165.26548757240428
165.2654993846118
165.2654993846118
165.2654993846118
165.2654993846118
165.2654993846118
165.2654993846118
165.2654993846118
165.2654993846118
165.2654993846118
165.2654993846118
165.2654993846118
165.2654993846118
165.2654993846118
165.2654993846118
165.2654993846118
165.2654993846118
165.2654993846118
165.40185500492808
165.40184347348128
165.4018515221685
165.40179802378793
165.40179802378793
165.40179802378793
165.40179802378793
165.40179802378793
165.40179802378793
165.40179802378793
165.40179802378793
165.40179802378793
165.40179802378793
165.40179802378793
165.40179802378793
165.40179802378793
165.40179802378793
165.40179802378793
165.40179802378793
165.40179802378793
165.40179802378793
165.40179802378793
165.40179802378793
165.40179802378793
165.40179802378793
165.40179802378793
165.40179802378793
165.40179802378793
165.40179802378793
165.40179802378793
165.40179802378793
165.40179802378793
165.40179802378793
165.40179802378793
165.40179802378793
165.40179802378793
165.40179802378793
165.40179802378793
165.40179802378793
165.40179802378793
165.40179802378793
165.40179802378793
165.40179802378793
165.40179802378793
165.40179802378793
165.40179802378793
165.40179802378793
165.40179802378793
165.40179802378793
165.40179802378793
165.40179802378793
165.40179802378793
165.40179802378793
165.40179802378793
165.40179802378793
165.40179802378793
165.40179802378793
165.40179802378793
165.40179802378793
165.40179802378793
165.40179802378793
165.40179802378793
165.40179802378793
165.40179802378793
165.40179802378793
165.40179802378793
165.40179802378793
165.40179802378793
165.40179802378793
165.40179802378793
165.40179802378793
165.40179802378793
165.40179802378793
165.40179802378793
165.40179802378793
165.40179802378793
165.40179802378793
165.40179802378793
165.40179802378793
165.40179802378793
165.40179802378793
165.40179802378793
165.40179802378793
165.40179802378793
165.40179802378793
165.40179802378793
165.40179802378793
165.40179802378793
165.40179802378793
165.40179802378793
165.40179802378793
165.40179802378793
165.40179802378793
165.40179802378793
165.40179802378793
165.40179802378793
165.40179802378793
165.40179802378793
165.40179802378793
165.40179802378793
165.40179802378793
165.40179802378793
165.40179802378793
165.40179802378793
165.40179802378793
165.40179802378793
165.40179802378793
165.40179802378793
165.40179802378793
165.40179802378793
165.40179802378793
165.40179802378793
165.40179802378793
165.40179802378793
165.40179802378793
165.40179802378793
165.40179802378793
165.40179802378793
165.40179802378793
165.40179802378793
165.40179802378793
165.40179802378793
165.40179802378793
165.40179802378793
165.40179802378793
165.40179802378793
165.40179802378793
165.40179802378793
165.40179802378793
165.40179802378793
165.40179802378793
165.40179802378793
165.40179802378793
165.40179802378793
165.40179802378793
165.40179802378793
165.40179802378793
165.40179802378793
165.40179802378793
165.40179802378793
165.40179802378793
165.40179802378793
165.40179802378793
165.40179802378793
165.40179802378793
165.40179802378793
165.40179802378793
165.40179802378793
165.40179802378793
165.40179802378793
165.40179802378793
165.40179802378793
165.40179802378793
165.40179802378793
165.40179802378793
165.40179802378793
165.40179802378793
165.40179802378793
165.40179802378793
165.40179802378793
165.40179802378793
165.50620605359669
165.50620279893178
165.50661585039063
165.5067036070993
165.5067036070993
165.5067036070993
165.5067036070993
165.5067036070993
165.5067036070993
165.5067036070993
165.5067036070993
165.5067036070993
165.5067036070993
165.5067036070993
165.5067036070993
165.5067036070993
165.5067036070993
165.5067036070993
165.5067036070993
165.5067036070993
165.5067036070993
165.5067036070993
165.5067036070993
165.5067036070993
165.5067036070993
165.5067036070993
165.5067036070993
165.5067036070993
165.5067036070993
165.5067036070993
165.5067036070993
165.5067036070993
165.5067036070993
165.5067036070993
165.5067036070993
165.5067036070993
165.5067036070993
165.5067036070993
165.5067036070993
165.5067036070993
165.5067036070993
165.5067036070993
165.5067036070993
165.5067036070993
165.5067036070993
165.50620605359669
