with mode=1, handoff cost coefficient = 1.0
158.1146569850532
158.13177327068695
158.17155944673877
158.1950458439847
158.25944766252397
158.28766076928704
158.3227117765984
158.3587115434582
158.4025501844317
158.43798440379632
158.47297540456213
158.49815201284906
158.52742123006303
158.60498881013564
158.6238816760903
158.6517933076172
158.68551467090117
158.72655194454478
158.74168377726255
158.76016027168606
158.78863037097622
158.81532393183494
158.81783736641054
158.8491068193589
158.8884326525748
158.89452665606865
158.9373266567783
158.97845618896554
159.00476190831694
159.01681412839142
159.045184330107
159.04898719970168
159.06879713240002
159.08562826674375
159.12581247560018
159.15098443475088
159.17081072564596
159.19287987927405
159.21004285110465
159.22323117345417
159.25022029315525
159.27075905913026
159.31104741920788
159.3232191280815
159.33710240394734
159.33830369895182
159.33665712478535
159.37040714427286
159.4143689661002
159.4232947593715
159.46422662429808
159.47101189123603
159.47912276790257
159.49668405970206
159.51992888557592
159.57208084048844
159.585989256486
159.60936736761778
159.64738935269645
159.66435381208746
159.67896904853248
159.72492853146528
159.74188992609143
159.74570824145047
159.76268349282518
159.77933218995713
159.79168716476624
159.8181408507658
159.8323091478931
159.85889957372652
159.88304300350796
159.89083603974385
159.94597464954504
159.99493760852016
160.00546555508112
160.0289899495838
160.04494826608254
160.05566138399294
160.06303086757663
160.11799424622484
160.13127585923803
160.14759907632003
160.14409682600677
160.1458821271684
160.15252641556714
160.18057050801866
160.18190162784828
160.18679388417368
160.19478620920336
160.21594890009328
160.2269838928339
160.24617467604642
160.2506238234941
160.264451734933
160.28849320853914
160.31111756334133
160.3404723176684
160.35001965197827
160.36810418866156
160.36942793556167
160.38072089828697
160.4104437271488
160.41903069077887
160.42969778265476
160.4763587743287
160.47537660617516
160.4902268343613
160.4911376798599
160.50294641472937
160.5392535160541
160.58465055764583
160.59896311974583
160.6157209648085
160.62799917115666
160.63881482260658
160.64697301520127
160.64364926463068
160.64650978242085
160.65565479428057
160.65531995172486
160.65690544500973
160.68012651867141
160.67772779329079
160.6793099382787
160.68866550957142
160.70944117452285
160.7202607747304
160.74559573059398
160.7440339671037
160.74524229789895
160.7597193435147
160.76207670503504
160.7713845943554
160.78175882541075
160.7871924112259
160.79901641043168
160.81649833407775
160.83310141948184
160.84725051845146
160.86199452133505
160.8708259528313
160.8757749295306
160.91729093573818
160.91723489029832
160.94183078614353
160.9427921698963
160.98327964950076
160.98968793114028
160.98951925152954
161.03235593169444
161.07698100816822
161.07624586807614
161.0972360123668
161.15346670739632
161.155255640371
161.18355482171714
161.18388645349023
161.18732059585366
161.26443393257605
161.2729011034932
161.28094289364233
161.29805263223693
161.3280725265549
161.38287724295654
161.3833584794338
161.39861576701733
161.39891087994948
161.4284672492427
161.4310804478069
161.44771133142376
161.46215856484451
161.46563489169932
161.49776435853983
161.5016144234918
161.50272573773535
161.52333511643877
161.52706019062657
161.52712914894227
161.52816631377618
161.529631574595
161.52714824036136
161.53563359314882
161.54449442330306
161.54647979312605
161.547373429547
161.5504578687974
161.5667433871807
161.57313330165357
161.574258230038
161.57151745298026
161.57466693777167
161.62762759416842
161.62643658231735
161.66819693574004
161.66995975157914
161.69896360092565
161.69822942688586
161.69970412897268
161.75359749783004
161.75208087873497
161.75963392427556
161.77215146703492
161.78828214000532
161.78863676199302
161.8016079280216
161.82078513509842
161.86209231162638
161.86257722933047
161.87537136343536
161.8980223036317
161.89913748997174
161.92866958742664
161.93007105032595
161.93112905210685
161.95908254630194
161.9589666152116
161.9640226404499
161.9777275771903
161.98265901664996
161.9840075357369
161.99093663382615
162.0131483272106
162.02617871691697
162.03551554361786
162.06294271871712
162.11658632841497
162.1304489204319
162.20252633994392
162.22531299946647
162.28883273916648
162.30541890295075
162.30577657892454
162.30875181064815
162.32426653418605
162.33240731115006
162.34579304781585
162.3433926800083
162.35425608948722
162.41106832616362
162.41490981277363
162.41577374777063
162.4188449672444
162.41560296549676
162.43453414072752
162.4512363256553
162.45460707502212
162.4677966694323
162.49290040478365
162.52083601354727
162.51918484594714
162.5205776363226
162.52252647363957
162.5218694583538
162.53717267166874
162.59323652954896
162.61676452149874
162.61770029595803
162.62554235547353
162.63985556991864
162.68812168186085
162.71671446243778
162.73908085307622
162.7594308311981
162.76206673995856
162.7656950512905
162.78381478538313
162.79524495211936
162.84777897438778
162.86764087742682
162.89154948963457
162.89347156778933
162.90384622361972
162.94670303412136
162.9667118704351
162.99758408037724
163.00676901692236
163.01556430753814
163.01820849928197
163.06093818793934
163.06366110346116
163.07215151826335
163.07227530355712
163.07487606130144
163.07330274411805
163.0902130243002
163.09938873522455
163.11407796824884
163.12660928035598
163.12788360674384
163.1259166465448
163.15021907926533
163.1664808879454
163.1836996542299
163.18514619066627
163.18506840582813
163.22745268263373
163.2267464209557
163.31740424976329
163.31783094415687
163.32702202273143
163.32945005952652
163.3697149787396
163.38555855088453
163.38578155701822
163.38664869536842
163.38602302767484
163.43119103610687
163.43438775161889
163.43583763432426
163.45879607448603
163.46101326944455
163.51176209587513
163.5754647719305
163.59021433898033
163.6044271064833
163.60871242960332
163.632562419458
163.6763491973187
163.71751022353877
163.77577417863634
163.77548302151237
163.77510961820678
163.79113952838009
163.79377415543357
163.79221412621294
163.79383961406916
163.83600191116057
163.88003136448688
163.89228515407086
163.88856915151285
163.89363424664194
163.90812540903963
163.90703223562062
163.92077635811626
163.92843693017144
163.93331925928217
163.939892301531
163.94089838775693
163.9798781549705
164.00097753423353
164.0427056695221
164.04481495677317
164.0697744733658
164.112666781748
164.11288275714384
164.12551784395498
164.15148784021497
164.17403789500563
164.17538722808138
164.17664644490605
164.18313009761152
164.18602853224263
164.19009671180146
164.25636977319616
164.25985943791798
164.26008867910636
164.276846818358
164.29068781962525
164.28896561326204
164.30203159585437
164.3050690713367
164.31351313517956
164.34030711308623
164.3423678563193
164.35794949033553
164.36004578820487
164.37396048507918
164.38840203821806
164.39786189441818
164.39844301356717
164.39778149550907
164.39908135200068
164.41339100354568
164.41548078453457
164.43082873261494
164.44123151685244
164.48143586560505
164.48302219122482
164.5056730573398
164.50679669324182
164.50685145365466
164.52129517512793
164.52262559090113
164.52404452596224
164.53072375065895
164.53794239928285
164.55511985836125
164.57706006852146
164.58760248468553
164.61252397043694
164.62110562681997
164.6524067493949
164.66520966952478
164.66619876468616
164.6677866731653
164.72245639415948
164.72936979602247
164.73114393527263
164.73243808353192
164.74576725004874
164.74731039086862
164.74911860911854
164.79031097910982
164.79358881237584
164.8086343864945
164.850574898256
164.8498503224083
164.85769298131612
164.86728135860764
164.87503118533658
164.87523457043338
164.88227595797218
164.8799078148644
164.8783743664149
164.88732184131908
164.88825748915417
164.88677622233848
164.8962230321676
164.91015138752414
164.91859603674436
164.91834434005952
164.9159187047502
164.91343285138458
164.9183960869976
164.91882727242665
164.92171526022668
164.9380431040996
164.93867299445694
164.94117191983662
164.94125871550017
164.95168963280412
164.95263247019895
164.95880805268277
165.00758000557454
165.0151837595842
165.0334035507315
165.05677512200768
165.0588432209549
165.0650610294083
165.0703258240958
165.07064850069682
165.07110012835756
165.07093710804003
165.07286051120488
165.08896352010984
165.090103219064
165.0895103887948
165.08983797343365
165.0890740839423
165.08975360722704
165.09678551321306
165.09740138184128
165.09666736318553
165.11807907513543
165.11861498045107
165.12052156033909
165.12426841108456
165.12268587206412
165.12005659335472
165.13977221158098
165.16626485045103
165.1662564785304
165.18028423111238
165.17928990519292
165.1951469832695
165.19928322597636
165.1992960471904
165.20490731677273
165.23534423474814
165.24107678650904
165.28226383740096
165.29102599650946
165.2975761596008
165.3062084347422
165.3090980923193
165.3123425876353
165.32727573690468
165.33393023010964
165.34476491754947
165.34222093062832
165.34868882055517
165.35476705558227
165.35615799272784
165.35811075212015
165.35837486216414
165.3586570280993
165.35905822109524
165.3673691087022
165.409924851646
165.4114834246191
165.41411633772955
165.41331313128342
165.4238175678077
165.43898838055205
165.44080343968253
165.43961873262384
165.4539385288279
165.45685192555786
165.45744172707091
165.48007188505596
165.52982427510324
