with mode=0, handoff cost coefficient = 1.0
158.1146569850532
158.12628594999447
158.12589922572013
158.12476495377118
158.11772757001307
158.12938542058833
158.1458430299625
158.2395909875528
158.2367886588589
158.23677723431962
158.23677805712876
158.24116595095444
158.2157478128831
158.21597664416458
158.2159752742121
158.21597018100368
158.24116595095444
158.30061820910603
158.32096796675538
158.31963016268548
158.3712332872222
158.39969598506465
158.42479883671032
158.42479861748376
158.4239961706102
158.59014348903122
158.61974745962698
158.62161247277717
158.6212674027381
158.61870071666578
158.63867333152064
158.64132612711487
158.64644410567456
158.70559477588472
158.7615117591111
158.77374370588967
158.78791762472065
158.78895622483932
158.82180189209762
158.8234212976905
158.8234214978642
158.82378158949808
158.82851435696696
158.85725794618966
158.85656962621442
158.85665270963713
158.87722463708113
158.8786751648974
159.04426029738718
159.08391558846156
159.0839149658422
159.10843350860156
159.10814560172633
159.10782608353853
159.10443082680243
159.103369706943
159.10843350860156
159.1079052343039
159.13164618919714
159.13164338298586
159.15566014549452
159.15683373356737
159.15562761003474
159.15565073069513
159.15565104608706
159.16623281278717
159.16623461179822
159.16649909004423
159.1861900473269
159.18656062479744
159.2016421081098
159.2018128300238
159.2033498974622
159.22239571612667
159.22390647079547
159.2246808054753
159.22529854300336
159.2512745414678
159.27771816973325
159.27814450488813
159.27757368147167
159.27757488971383
159.27762096797943
159.30351419371186
159.30403355316122
159.32096441857774
159.32132502792257
159.3213251025183
159.33174306894918
159.33641433379702
159.3364211708092
159.33732191504862
159.36223045056184
159.36236780313925
159.36284277996526
159.36330452753498
159.36355571199834
159.36386877614694
159.36427004680817
159.3647529841485
159.36426903088605
159.3630799374172
159.36299347401382
159.36301572621565
159.3647529841485
159.3647548517248
159.3647591446848
159.36476433761698
159.36482776418399
159.36513670962455
159.3785611307179
159.38271808346843
159.38290775051667
159.38290776704736
159.39204826552822
159.3922600459165
159.392259050623
159.39301226061184
159.39209167056404
159.39209538800972
159.39353763070113
159.3936667761252
159.39305060026942
159.39307023463897
159.3931463200488
159.39331288430384
159.40572023480198
159.4057203480061
159.40572089502393
159.40555775727734
159.40557504014646
159.40572023480198
159.40572111618525
159.40574630998853
159.40580960808305
159.40580968269091
159.40907594944886
159.4091340634618
159.40913705991528
159.40931366389415
159.4093136813217
159.4093867904803
159.41440966645874
159.41850726506786
159.41850729322587
159.42099410845987
159.42559523970192
159.44655581804227
159.44664820944732
159.4466714007008
159.45040752714448
159.45040755177195
159.45041736880214
159.47136334650943
159.471542237381
159.4715422632049
159.4715435474889
159.4738833194955
159.4739539967476
159.47428244702238
159.47427728628384
159.47464172404625
159.47465757228903
159.47466510497725
159.4792673326534
159.4792725847859
159.48190958356648
159.48191467669852
159.4819070894476
159.48223018434376
159.48229240435333
159.4824389756899
159.4837239792375
159.48391203103787
159.48416818999897
159.48416170902937
159.4842181206972
159.4906026390009
159.4907148613606
159.5116467199699
159.51164678766074
159.51197198566385
159.51284102023038
159.51468695032506
159.5147085688701
159.51645436600435
159.51645429525672
159.51811821101424
159.51814455124145
159.52372459810715
159.52925057303486
159.53043832435162
159.53043837680394
159.53047774030628
159.53051630401785
159.53663836736658
159.55761626095085
159.55757769723928
159.55758240576017
159.55760089723958
159.55765925300545
159.5577488127852
159.55793221087666
159.5579638739861
159.55797432905928
159.5580093684892
159.55821048258764
159.55848651924794
159.55851627499274
159.55851616121296
159.55850887923984
159.56038669094877
159.56045742058274
159.56749436042156
159.56777978191573
159.57537900496627
159.57544959381522
159.57543016938237
159.57694344315414
159.57700395487984
159.57700111726842
159.57716809224934
159.5783327067693
159.5784180007853
159.57841803885572
159.57999852512495
159.57999987847666
159.57999989545687
159.58176220312606
159.58782793543241
159.58789762174024
159.5878976369284
159.5879781678603
159.58799720961966
159.58800771378654
159.58800768531262
159.59345484389917
159.5936060365169
159.59360606499078
159.5940954291279
159.59414287735345
159.59410817245944
159.59857709663015
159.59857712204018
159.5986423650565
159.5986477975914
159.59870120978434
159.59871296761136
159.59874305745538
159.59874309990977
159.59904580088494
159.60072033903865
159.60601090925798
159.60601309579664
159.60601314329705
159.60729710386954
159.60743843487364
159.60745662292632
159.60973728708086
159.61170244272964
159.61378317909342
159.61592119533208
159.6159187753309
159.62269390624675
159.62269393048493
159.6227482284328
159.62528198506877
159.62536497991795
159.62536501922077
159.62738301707796
159.62754855342544
159.62755558616186
159.632000012364
159.63961580927898
159.66061335731496
159.66073953409244
159.66094385867626
159.66785981822187
159.66791331437804
159.6679133155007
159.66795993884617
159.66796025647912
159.66801326384115
159.6680440525347
159.68902086887545
159.68903371526642
159.68907630609533
159.6891157052455
159.68911575309374
159.6891157672057
159.6891733460456
159.68918424408406
159.69678808294594
159.69679279928107
159.6967406109743
159.69672279943626
159.69672274406304
159.69678808294594
159.69678809749638
159.70058798315893
159.701640676115
159.70164068780696
159.7016444557608
159.70165958113577
159.70172777474548
159.70172778564447
159.7017303889904
159.70175460391175
159.701762163589
159.70383155804797
159.70383156726692
159.705150276409
159.70518161704555
159.70523941331103
159.70524843132722
159.70525899852612
159.70581926708053
159.70689525213203
159.70689563016495
159.70687960255728
159.70689563016495
159.7069118488073
159.7069118505634
159.70693970270833
159.7069396000188
159.70798890437683
159.7080188941564
159.70802258115484
159.7080974366201
159.7086484700547
159.7099170319252
159.7099063290674
159.70990680583265
159.70990868244814
159.7099070325554
159.70993297875066
159.70995245134418
159.71110128891144
159.7111175842936
159.71112739198028
159.71116290308504
159.7146977614098
159.71470333988987
159.71692501212965
159.71692501223828
159.71693002950977
159.71695772163352
159.71955666188262
159.7201386815148
159.72381051108462
159.72382994505202
159.72482762376978
159.7248201198948
159.7273971116345
159.72739711891205
159.73093101099886
159.73094408546285
159.73095840797794
159.73097619757624
159.7308248189417
159.73159298371257
159.7316039944326
159.73271477057665
159.73274220798115
159.73274220955173
159.73276272663736
159.73291431564087
159.73545629623126
159.73546343822542
159.7355499404685
159.74604475687855
159.74604981354423
159.74605877687233
159.74662161046234
159.7484154578407
159.74842450805698
159.74895539697678
159.74896256770435
159.74948059672047
159.7494772006616
159.74947777560612
159.75125914939878
159.75130128145182
159.7513013078453
159.75131421050216
159.75485271376354
159.75487261833362
159.75492067743295
159.75492069052285
159.7550374978044
159.75580239031677
159.7563368175573
159.75634607575242
159.75634608175704
159.75810793887837
159.75810792491728
159.75812128792538
159.7596833542521
159.75976080829824
159.7598641541244
159.75986660101708
159.76045289504358
159.76045531960378
159.76399817350432
159.76456177234974
159.7645737030427
159.76471786694358
159.76480802599227
159.7660583687803
159.76604598445837
159.76608193562402
159.76859204282246
159.76859938352047
159.76862977540134
159.76883350054365
159.76883352836649
159.76887071614377
159.7688647911355
159.77254831514645
159.7725291102352
159.77252912676997
159.77256035301423
159.77257206353545
159.77257996811016
159.7726553975441
159.77439417590523
159.7749511296505
159.77497339533627
159.7764243273463
159.77642444452746
159.7773389478708
159.7773292306077
159.77735248223794
159.777341937884
159.7773422133969
159.77734807440817
159.77856867222366
159.78907012074387
159.7890642165255
159.78906421361893
159.7890643195887
159.7890643068391
159.78909260128816
159.78964097781702
159.79084702905695
159.7909581344476
159.7910003346805
159.7946859419884
159.8051959592688
159.80888129701998
159.80889278562705
159.80889279188966
159.8088901988704
159.80889022589736
159.81244189801117
159.81245143883294
159.81256974452398
159.8161187108116
159.8161079472657
159.81610794927792
159.81684133274743
159.81684135674314
159.81686854768972
159.81686855312108
159.81685067902322
159.81685532616987
159.81802835740444
159.81804794447436
159.8181435189457
159.81816214563304
159.81868489428908
159.82009376254845
159.82009860993114
159.82012328657868
159.82062296890882
159.82431035119833
159.8243201222371
159.82432446435087
159.82485415119768
159.825657984086
159.8294684107237
159.83996747431698
159.83996374578297
159.83998570792434
159.84003355396197
159.84003653828742
159.840047168992
159.84004117464517
159.84004560576827
159.84007776920953
159.84009882522716
159.84009882849648
159.85059280194213
159.8523101003781
159.85448310863913
159.85452023234387
159.85540053419513
159.85543332640754
159.8555336062146
159.85552412355506
159.8555336062146
