with mode=1, handoff cost coefficient = 1.0
134.62879560027943
134.63994674308572
134.65336869505174
134.6723259213863
134.68812481740764
134.70430802320905
134.7671291261701
134.83122620718981
134.84690707203853
134.88352402138054
134.89527059868786
134.90263663375367
134.9204954186829
134.93990714563114
134.97069840798275
135.01401819622703
135.06410871459798
135.0731557967007
135.0945951432757
135.12134662733718
135.16333681886698
135.1813195406776
135.1845271430264
135.1875966488554
135.24567552034122
135.28414215538743
135.322577184484
135.3311076646795
135.34075360134585
135.343239016672
135.35139232383884
135.3604694510378
135.42457484446274
135.43906554396233
135.47852516780017
135.5702182092632
135.6153161692115
135.64494637300078
135.65394087337125
135.6727596947786
135.67702713456148
135.68422502479666
135.68512777157852
135.70995910800622
135.7143305054405
135.7166587442426
135.74082293438425
135.79727063906725
135.83823089773722
135.86648576005504
135.87202339005404
135.8727793678536
135.88838085879172
135.9501104628552
135.95627725657914
135.98074001444124
135.99676225902124
136.02884980667943
136.02917974883565
136.07364566236328
136.097619150737
136.1127082572812
136.13665718984169
136.13678248743406
136.15018040911647
136.17456782772746
136.17433069420366
136.17501969926957
136.1916407318089
136.19458098815412
136.24037797792693
136.26904891262208
136.26889618299896
136.29715282654732
136.33492847897125
136.37297586413476
136.37306905303282
136.38655488268003
136.38581796650786
136.45112043600884
136.45227354214478
136.4674952132668
136.4700262409192
136.48877000497959
136.5060877856789
136.50918846250767
136.5087172172542
136.56398701502854
136.56932917755796
136.60199078503183
136.64711164707438
136.65457333993234
136.66997023846324
136.6701042348331
136.7028160163887
136.70169516130233
136.70782750851438
136.73077241761433
136.7316364726088
136.78509899920337
136.85143464160913
136.8893914739416
136.90489938526946
136.91192000635817
136.94629347893368
136.94594465960492
136.95877029647042
136.98147992349462
136.98015896366974
137.0196114063783
137.01914365224368
137.03468080226992
137.0356837840722
137.1164200825007
137.1153738444101
137.11606168235699
137.11597718286055
137.13300992818273
137.15789852121185
137.18091654980634
137.23736286349413
137.26451714209338
137.26577262725993
137.32942775335442
137.33158510148888
137.3527502981644
137.39176166256684
137.39907364416368
137.44125428991765
137.4817795183599
137.48255250417066
137.48334936322937
137.48332620975862
137.5192890905613
137.54727593660078
137.54694459440046
137.58586570551137
137.60561970094344
137.60938431074837
137.61167178602756
137.6505728005381
137.6650191436722
137.71833614808932
137.75817910978037
137.7572071264741
137.79992967099687
137.80411964749564
137.8039379636904
137.84373898558658
137.91954661896943
137.95952868871393
137.97460874060977
137.97253773716304
138.03412519605624
138.0344052010406
138.03520907167143
138.04745153781167
138.0863268501476
138.08730258076895
138.0919290369683
138.09414852239004
138.12592883584676
138.127825208847
138.12900670251085
138.1412307331384
138.14328203344306
138.16446696962484
138.16678047540995
138.20554262702998
138.20474752855253
138.28160751534082
138.32257004661454
138.32728439820755
138.34346647531154
138.34510778103603
138.3479416880394
138.34686449112678
138.34672886891084
138.3597235327935
138.36131026153464
138.39971219020518
138.41281109773092
138.47431509999979
138.47539870497758
138.51531471210063
138.52110184702622
138.57227672953601
138.61342816204615
138.63921884263107
138.6726140512013
138.6732054360785
138.71138745455738
138.75058099667262
138.78282651516832
138.78628039566001
138.80100751157408
138.83840310215015
138.8982142322305
138.9006407387233
138.93123901995176
138.93250388586145
138.9318208869974
138.95390060076068
138.96944780876578
139.0072282164558
139.02627788128373
139.02718881579548
139.02949346546492
139.0812347444845
139.13272487769737
139.1644088381741
139.18043783159888
139.21862856979024
139.25845604669453
139.27652990923463
139.28815879757073
139.30089111165552
139.3147282196386
139.34432118810855
139.34589837065568
139.36101609766519
139.36150258597215
139.36437679159317
139.3643879280529
139.36451249213238
139.3830628472654
139.4205829851478
139.42319164876523
139.42294255115849
139.43613655528588
139.47414021673396
139.473182142112
139.52467227679486
139.57687906174934
139.61567329015696
139.69278233633585
139.69129674865812
139.70508616067642
139.7186751293201
139.73598984738425
139.79115177058227
139.79331160172163
139.80796192372605
139.80771561599877
139.84413234138032
139.8631341462327
139.8652929966044
139.90308019145576
139.92221564114467
139.96039403524114
139.96178089019975
139.98858723359797
140.04467306995554
140.07005212958884
140.0700067854604
140.09457617789974
140.12008646638589
140.1351828313495
140.13484250191036
140.1344167752282
140.1591514875595
140.2132222862727
140.21405020252348
140.26101609984886
140.30016004850958
140.31841772906256
140.3207805725224
140.32269765488275
140.3230990688872
140.3605912447877
140.35924369893843
140.3968512035549
140.45207628648663
140.50408199906246
140.52292863803703
140.5806755724378
140.59346731557437
140.62067762613768
140.65804339669717
140.6956295196568
140.71119928419705
140.7255929565107
140.7255996257029
140.76356719078234
140.77566593105104
140.77388447444795
140.77578515912563
140.77697083440518
140.8129219657061
140.87486538577448
140.87470864738626
140.8915207416554
140.89153084115213
140.9318516060162
140.94475839900906
140.94440027615647
140.9547213819645
140.9557126056671
140.96986591624741
141.00056807930721
141.00055292809373
140.99961654543785
141.00032313397227
141.00086868762725
140.99944591968006
141.03327336115476
141.06152556781998
141.07717477695658
141.07741440829247
141.07632422823997
141.07479944728112
141.0765802077342
141.07513416755702
141.07741440829247
141.09500101163493
141.0958729498076
141.09756681504302
141.1037787094059
141.1281435568844
141.15338865137457
141.15289351627374
141.1728132438957
141.21212114680034
141.23965959311158
141.24001761593934
141.24857166249808
141.26869632810534
141.28343055574473
141.3009747246361
141.3202575720815
141.32242718432235
141.3229817042677
141.32862581982954
141.3482327174334
141.35403384119132
141.36044019187503
141.36043480231933
141.3798173730508
141.38041810191532
141.39885454783277
141.45185739124142
141.46620790069767
141.47565959709655
141.4823042734035
141.4990212769398
141.50585733881795
141.51396010524107
141.5230509021231
141.54194631133868
141.54251040139047
141.5614495870338
141.56160571513158
141.56974216975158
141.58866414474903
141.58835750454287
141.61524868405814
141.63975545421263
141.66648422410142
141.66651837654692
141.6663956384157
141.66659433614518
141.6666606413541
141.66665561366239
141.66663613416858
141.66769780571946
141.7503490475888
141.76962798385802
141.7695237504586
141.7697852561445
141.77009223985112
141.77840438327124
141.7785547872247
141.7787578842407
141.78425741937937
141.78428811355187
141.79007573283758
141.7903267886128
141.80957070324408
141.82850237507017
141.83472101919662
141.85884725341225
141.86735051164624
141.87315519478247
141.89274310694387
141.93729673670938
141.94641870799762
141.97044737190896
141.9762757971224
141.99556343084492
142.01213133977362
142.01231099787285
142.01218174791362
142.05613056952546
142.05610608724683
142.08660374431682
142.08688745087835
142.0869334673571
142.1317189323536
142.15822799571
142.17198669353698
142.17238751297626
142.17860160492842
142.19715521870322
142.21581983202998
142.23236105341923
142.23219217731085
142.23316639604806
142.2663332324855
142.27202723983788
142.29169264775433
142.31091613451073
142.31161289790765
142.33871280506062
142.33873322331934
142.34658922521723
142.35752506304794
142.3747167412074
142.41248405470841
142.4127308684302
142.41288771256018
142.42082414490437
142.42022652983826
142.42035382103683
142.43796778514516
142.4678502958808
142.48622852306806
142.48563591974516
142.51279019524753
142.53993866312965
142.540218198987
142.54011578061028
142.54940328957377
142.56786606624942
142.5682203213776
142.56824599440262
142.58352036713657
142.58349679704847
142.60222922870923
142.6306655594351
142.67432025154162
142.67437815651363
142.67462101532624
142.692580738583
142.7035395498411
142.72326761706242
142.72314079938636
142.74285846168587
142.76313753782912
142.76832865965397
142.77678020968364
142.79443025950107
142.79474325000956
142.79470553195284
142.8000370106866
142.79994802043012
142.81840602554263
142.82694516168613
142.8270004175082
142.837869261508
142.86419442969705
142.86421107795562
142.8729699132827
142.88648021544498
142.8865344965966
142.88677283717658
142.88675708485684
142.8952666439366
142.89557713082678
142.8958250984776
142.89602034119764
142.91404810123288
142.9141905826229
142.9140301931251
142.91415122919636
142.9142449386233
142.91495500427965
142.92310540930401
142.92333091111044
142.93194878381752
142.93208824316932
142.93261885771446
142.93304088582926
142.93329016998962
142.96808826906212
142.96813360223217
142.97604745221855
142.98400111797824
142.98909239690738
142.98937115008124
143.01270395179375
143.0126054269771
143.0325336511358
143.03254211567935
143.03284268892673
143.03295976472134
143.04883741569876
143.0490122646673
143.04890751369794
143.04904879726286
143.04901226548182
143.05664991266104
