with mode=0, handoff cost coefficient = 1.0
134.62879560027943
134.65068171371743
134.6476275826227
134.6472760227053
134.65235022159462
134.6839713830456
134.68114154431177
134.68114491165025
134.82037749838804
134.90062807720827
134.90577583593122
134.91129014742023
135.20947071651383
135.23979473864728
135.2400413921904
135.28704243348335
135.29364702238306
135.301548534735
135.30155767511783
135.32168883635856
135.3128578552815
135.4149315119
135.41763663349045
135.41630892430425
135.41630892430425
135.41481721817908
135.46122210505737
135.46127738954047
135.5103894903301
135.5051176719665
135.50921974037215
135.5421923624827
135.5421950292459
135.54098847857867
135.5404383203386
135.5404383203386
135.5439524392825
135.5402626201853
135.54101940773916
135.54022803007874
135.5402788739005
135.5439524392825
135.54581073337428
135.5448072763123
135.54648887468792
135.54671813023165
135.55165267830847
135.55201249520076
135.55177023741692
135.5517730906625
135.55828230029545
135.5695020107978
135.57020231878346
135.6395919582297
135.63979912251165
135.63989977499193
135.6514663955756
135.66172631245485
135.8123941033707
135.83817404736263
135.83883764977114
135.84787573282705
135.85355621268545
135.85446516777748
135.8545621911829
135.8573285411714
135.86311769272575
135.8645653580406
135.8649975545635
135.86370714439553
135.86412700612073
135.8652390714102
135.8654773323433
135.86551201666572
135.86444076313728
135.86465519824606
135.88290743023816
135.8893035892224
135.8945705537833
135.89455908358323
135.94723247659607
135.9471209123455
135.94802064866835
135.94802299440394
135.9478495665214
135.9489045288135
135.9530363237244
135.95182375246702
135.95182524986296
135.95283069614592
135.95501280721246
135.95594498982385
135.95620063564184
135.95685039408917
135.95611114194847
135.95494466526216
135.9549399337066
135.95757207685003
135.9576709364502
135.98182004497966
135.98156325875493
135.98156486873182
135.981565760139
135.98366584670282
135.98490390186242
135.98360301333742
135.98279220348599
135.98278995647797
135.98316994293225
136.1362261302672
136.13652608904155
136.1386457713846
136.1386457713846
136.13908739668676
136.1390890025437
136.13940112796723
136.13928899483102
136.29160587160678
136.28702162977527
136.3565839799583
136.50674345600575
136.65808046882452
136.8069112189761
136.95377723016415
136.9762132963631
136.97553112807017
136.97602332471675
136.97693129924647
136.97729795919915
136.97752520555966
136.9773743967857
136.9980765394498
136.99750887209456
136.99751059407072
136.9978911391977
136.99794729806985
136.99870115139245
136.99870115139245
137.00064777068357
137.00069793526743
137.00415427706366
137.00415427706366
137.15326097549263
137.15270684972216
137.1527077587339
137.152462710071
137.15246371680246
137.15326097549263
137.1534353418082
137.15387913406437
137.15387817326007
137.15389777060844
137.15510731131891
137.1552488225182
137.1552501055575
137.15560052781225
137.15560152695932
137.15578028689038
137.1556985281826
137.1567921905325
137.15685848399457
137.15682863503085
137.1576376904133
137.15815510016623
137.1581542087597
137.1580248311292
137.15801290319598
137.15845136589593
137.15878880295622
137.20491897041688
137.21455600441112
137.21455689581765
137.21452369219645
137.2144610547587
137.2143707237494
137.21455600441112
137.2145686958433
137.21458498864618
137.21473291853795
137.2290757961533
137.22917608255653
137.2291780046227
137.22938380910654
137.22938442102702
137.2294199987449
137.22955476933222
137.22957078426708
137.22965147088325
137.2332231391323
137.2332630255826
137.24746944045575
137.24794041194104
137.24803179241783
137.2480261557813
137.26210529119476
137.26213102532768
137.26213102532768
137.26213102532768
137.2631532919126
137.26344186990917
137.26358969869915
137.2635898955249
137.2635898955249
137.26359352381152
137.26367909987002
137.26381196976445
137.2637951003269
137.26391711901516
137.26396636154075
137.2673255218659
137.26732856783383
137.26742887671608
137.26743515752509
137.28070221524433
137.28076379403
137.28099032461878
137.28112020501365
137.28115164643896
137.28128808696098
137.2812909771523
137.28171176881864
137.28155310603316
137.28155339557847
137.28156433811364
137.28207019161022
137.28248202747238
137.2825028050267
137.28252831244723
137.28252903105215
137.28254046654112
137.285860236899
137.28600491020384
137.3096306481199
137.30961884907492
137.3098929166516
137.3099756748377
137.3131880561914
137.31318809979166
137.31320997523198
137.31353042526447
137.31375445422037
137.31376217390132
137.31392200746666
137.31393483764006
137.31407858796305
137.35076220835458
137.3507622883772
137.35097476288797
137.3875165759748
137.42467934199456
137.42466246359842
137.4247207675337
137.42495484878492
137.4249549084482
137.4249549251449
137.42499164253505
137.42617591307976
137.42617590921233
137.42617630732641
137.42619544378
137.42625478728382
137.42641758009805
137.43975748627207
137.43978970720403
137.44000814710313
137.44060738456375
137.44049821863103
137.44061814813722
137.44070866436527
137.4407126076212
137.45811815312038
137.4581235066449
137.4581246166737
137.4582350030123
137.45835513403094
137.45842603876622
137.47579164382358
137.49866466802354
137.51598991094707
137.51604691417833
137.51611765433316
137.51613849170747
137.51616720981696
137.51617485330772
137.5161773252095
137.51616374097173
137.51627633917818
137.5162763595328
137.51635015181859
137.51648943508263
137.51721011554184
137.5170922114056
137.51711071627255
137.52188882165703
137.5221334833551
137.52230059851692
137.52225310876582
137.52227543356716
137.52227354592935
137.52224499572878
137.52230059851692
137.52236008755747
137.522368655975
137.54060693256145
137.5427158190326
137.54272992580147
137.54278550087432
137.54285460349624
137.54309255727242
137.54315679944048
137.543171018335
137.54324807404495
137.5432484852319
137.54328027157916
137.54330262090355
137.54329997422906
137.54330064359195
137.54331857127323
137.5436293726065
137.54364141400725
137.5436461691085
137.54412212396534
137.54413133988584
137.54411365448095
137.5627581620796
137.56275196189546
137.56275564862645
137.5627601171471
137.5632950443183
137.5633417726896
137.5633606153911
137.56339496941683
137.56348047776072
137.5634719669197
137.56347200496924
137.56347263192131
137.5650419901443
137.56510137072027
137.56509548357798
137.56510155588018
137.57375867563562
137.57375870763448
137.57378477943405
137.57378477943405
137.58069839165972
137.5831531813185
137.58313710080483
137.58314238287775
137.58316001846978
137.5833464255398
137.58341012198176
137.58339491413167
137.58364521470625
137.58360199535335
137.58360235357605
137.5836049419912
137.58360553911734
137.58399495007015
137.58404598986226
137.58431512863538
137.5843490471328
137.59121790976326
137.59129584979638
137.59134847040616
137.60921815519964
137.6092184333525
137.6092184333525
137.60922581907658
137.6092333796954
137.6093278109872
137.60954714343896
137.60955265861946
137.6095528838853
137.61200728573684
137.61192826650844
137.6119287285284
137.61858273003625
137.61863052519857
137.61863068503732
137.61863068369314
137.61863655715675
137.61862418686502
137.61881934496452
137.62747679153085
137.6274790477194
137.6278952776086
137.6278954178432
137.6278954178432
137.62798937879603
137.62852543490357
137.62852547552913
137.62852582235794
137.6285194492574
137.6285222131389
137.62852543490357
137.62852808987847
137.62852808987847
137.62852808987847
137.62855121365288
137.6285491793065
137.62857349425633
137.62868941033108
137.62868942299866
137.62869011908975
137.6287053647003
137.6287444424458
137.62874548809577
137.62881409211187
137.6288230534536
137.62884013410027
137.62885972104735
137.62885789886974
137.62891047622014
137.6332337041368
137.6334360655699
137.63348532889754
137.6390997496169
137.63911123076008
137.63911246067494
137.63911455474891
137.63917352140783
137.63917497751493
137.63917683213452
137.6391738888902
137.63917790647423
137.63919923347493
137.64251463874376
137.64251762936743
137.6425176670914
137.6426940596392
137.6426984402988
137.64270794755888
137.64271004478948
137.6427476827235
137.64275412326353
137.64291545512776
137.64299975365498
137.6430397870275
137.64635133949054
137.64635422063435
137.646370388856
137.64642492320246
137.6464249416204
137.64642629535481
137.65074254619927
137.65075808913872
137.65078486676228
137.65086705509705
137.65086662776662
137.65090130600254
137.65090134067736
137.65089201298392
137.65089201298392
137.65090348003497
137.65090130600254
137.6509016583674
137.65090292081192
137.6509029230804
137.65090301563725
137.65306007499186
137.65308226277708
137.653083414587
137.65308342732996
137.65308318852976
137.65308473994676
137.65315701010883
137.65316390934746
137.65316471272962
137.65316501360914
137.65481741588553
137.65490436316693
137.65490978264452
137.65527651324498
137.6553015957066
137.65530939253512
137.65531140802042
137.65531368091533
137.6553270274012
137.65533333804638
137.65533635815729
137.65534151827805
137.65534151827805
137.65534696013952
137.65534973548574
137.6553773854156
137.65538323274566
137.6553832329707
137.6553905259541
137.65539063623174
137.65540757388618
137.65598864929441
137.65599306413068
137.65600177701785
137.65608489626106
137.65612402089334
137.6561832390471
137.656185430349
137.65618544539188
137.65618556168818
137.65676045272593
137.6584866877119
