with mode=3, handoff cost coefficient = 1.0
134.62879560027943
134.66112394931662
134.81336052159892
134.81336052159892
134.8956208156628
134.93078797389677
134.94521887010006
135.14804769543778
136.12651587376834
136.45742321628467
137.36885113899157
137.36885113899157
137.3800825506844
137.3943793528397
137.58348242684178
138.47612983914132
138.62880883949742
139.03518907963715
139.05176828232965
139.0517609741197
139.4980361837823
139.49802483716567
139.5180700439792
139.52489808576294
139.5342066427918
139.54161355767198
139.95413495139277
139.9541429634634
140.42360307056862
140.4399885612328
140.43648447289354
140.7462070722237
140.73193820669195
140.73856730627745
140.73901485435826
140.73901485435826
140.73901485435826
140.73901485435826
140.73901485435826
140.73901485435826
141.08819180586508
141.0970029581834
141.0969895260216
141.0988565658243
141.13046141660922
141.133112397757
141.13440862698025
141.13185432461464
141.14412035145475
141.14529508531962
141.14956093354326
141.14946907700295
141.14948090077036
141.35600264686218
141.35611315835962
141.35447503945954
141.75580410356443
141.75578104933922
141.75634686284576
141.7563627782175
141.7563627782175
141.76059833596454
141.76047023032407
141.77135227249033
141.77363261873106
142.51310656578664
142.5130755456996
142.5130755456996
142.51603295231652
142.51639890494818
142.51731537439812
142.52404648221702
142.52451844756368
142.52453450536257
142.52453450536257
142.68426430760962
142.68461726239173
142.6875094150153
142.6875094150153
142.68941812371511
142.68942626961595
142.69150833340615
142.69151732627878
142.69430245473143
142.69609740420861
142.69600234006444
142.69600234006444
142.69759492631226
142.69759492631226
142.69835081369266
142.69744073033664
142.69744073033664
142.69744073033664
142.69744073033664
142.69744073033664
142.69744073033664
142.69744073033664
142.7125074436057
142.7173187906119
142.71741087439838
142.7174249564592
142.71804109284577
142.71804109284577
142.71804109284577
142.71804109284577
142.71804109284577
142.71804109284577
142.72083271838994
142.7208378479928
142.7208378479928
142.73274483074954
142.73273914331742
142.73274274440948
142.72653691754377
142.72653691754377
142.72653691754377
142.72653691754377
142.72979171185307
142.72979171185307
142.72979171185307
142.72979171185307
142.72979171185307
142.72979171185307
142.72979171185307
142.72979171185307
142.73284892613742
142.74725874718575
142.74748668067267
142.74905885797762
142.74905561534018
142.7493943880426
142.74936558625768
142.74936558625768
142.74936558625768
142.97679621148
142.97726475504828
142.97726475504828
142.97724725147688
142.98268052359953
142.9824107488497
142.98613241773276
142.99167246700466
142.99165589312187
142.99165589312187
142.99289357088563
142.99289357088563
142.99289357088563
142.99289357088563
143.16753394879183
143.16568065346817
143.164716534332
143.16545858815076
143.18654925587035
143.18654925587035
143.1865794207746
143.1885136941082
143.1885136941082
143.18851873779522
143.1889771709388
143.19060198826244
143.19162056868512
143.19163626696954
143.1917750295293
143.1917750295293
143.1917750295293
143.1917750295293
143.1917750295293
143.1917750295293
143.1917750295293
143.1917750295293
143.1917750295293
143.1917750295293
143.1917750295293
143.1917750295293
143.1917750295293
143.1917750295293
143.1917750295293
143.1917750295293
143.1917750295293
143.1917750295293
143.1917750295293
143.1917750295293
143.1917750295293
143.1917750295293
143.1917750295293
143.1917750295293
143.1917750295293
143.1917750295293
143.1917750295293
143.1917750295293
143.1917750295293
143.1917750295293
143.1917750295293
143.1917750295293
143.1917750295293
143.1917750295293
143.1917750295293
143.1917750295293
143.1917750295293
143.1917750295293
143.1917750295293
143.1917750295293
143.1944625988485
143.19456068163998
143.19456072387226
143.19564254371377
143.19564254371377
143.19564254371377
143.19564254371377
143.19564254371377
143.20244483321125
143.20245396471495
143.20287798131503
143.2028786850183
143.2028786850183
143.2028786850183
143.2028786850183
143.2028786850183
143.2028786850183
143.2028786850183
143.2028786850183
143.2028786850183
143.2028786850183
143.2028786850183
143.2028786850183
143.2028786850183
143.2028786850183
143.2028786850183
143.2028786850183
143.2028786850183
143.2028786850183
143.2028786850183
143.2028786850183
143.2028786850183
143.2028786850183
143.2028786850183
143.2028786850183
143.2028786850183
143.2028786850183
143.2028786850183
143.2028786850183
143.2028786850183
143.2028786850183
143.2028786850183
143.2028786850183
143.2028786850183
143.2028786850183
143.2028786850183
143.2028786850183
143.2028786850183
143.20405714150513
143.20405132300297
143.20431282699028
143.20431282699028
143.20431282699028
143.20431282699028
143.20431282699028
143.20431282699028
143.2867117465646
143.28642783204742
143.28642073294932
143.28642781607712
143.28642781607712
143.28642781607712
143.28642781607712
143.28642781607712
143.28642781607712
143.28642781607712
143.28642781607712
143.28642781607712
143.28642781607712
143.28642781607712
143.28642781607712
143.28642781607712
143.28642781607712
143.28642781607712
143.28642781607712
143.28642781607712
143.28642781607712
143.28642781607712
143.28642781607712
143.28642781607712
143.28642781607712
143.28642781607712
143.28642781607712
143.28642781607712
143.28642781607712
143.28642781607712
143.28642781607712
143.28642781607712
143.28642781607712
143.28642781607712
143.28642781607712
143.28884466432933
143.28964163949468
143.28964163949468
143.28961612089
143.28961612089
143.28961612089
143.28961612089
143.28961612089
143.28961612089
143.28961612089
143.28961612089
143.28961612089
143.28961612089
143.28961612089
143.28961612089
143.28961612089
143.29040071897597
143.29040071897597
143.29183889047943
143.29184156271924
143.29244062393389
143.29244891056902
143.29244891056902
143.29244891056902
143.29244891056902
143.29244891056902
143.29244891056902
143.29244891056902
143.29244891056902
143.29244891056902
143.29244891056902
143.29244891056902
143.29244891056902
143.29244891056902
143.29244891056902
143.29244891056902
143.29244891056902
143.29244891056902
143.29354910949394
143.29354910949394
143.29354910949394
143.29354910949394
143.29354910949394
143.29354910949394
143.29354910949394
143.29354910949394
143.29354910949394
143.29354910949394
143.29354910949394
143.29354910949394
143.29354910949394
143.29354910949394
143.29354910949394
143.29354910949394
143.29354910949394
143.29354910949394
143.29354910949394
143.29354910949394
143.29354910949394
143.29354910949394
143.29354910949394
143.29354910949394
143.29354910949394
143.29354910949394
143.38981013576813
143.38976330390815
143.38981006822007
143.3897859042193
143.3897859042193
143.3897859042193
143.3947333480171
143.6919928693212
143.69194559056157
143.691945615429
143.69198469474517
143.69198469474517
143.69198469474517
143.69198469474517
143.69198469474517
143.69198469474517
143.69198469474517
143.69198469474517
143.69198469474517
143.69198469474517
143.6949285860899
143.69517516113288
143.69525946806135
143.69525859219488
143.69525859219488
143.69525859219488
143.69525859219488
143.69525859219488
143.69525859219488
143.69525859219488
143.69525859219488
143.69525859219488
143.69525859219488
143.69525859219488
143.69525859219488
143.69525859219488
143.69525859219488
143.69525859219488
143.69525859219488
143.69525859219488
143.69525859219488
143.69525859219488
143.69525859219488
143.69525859219488
143.69525859219488
143.69525859219488
143.69525859219488
143.69525859219488
143.69525859219488
143.69525859219488
143.69525859219488
143.69525859219488
143.69525859219488
143.69525859219488
143.69525859219488
143.69525859219488
143.69525859219488
143.69525859219488
143.69525859219488
143.69525859219488
143.69525859219488
143.69525859219488
143.69525859219488
143.69525859219488
143.69525859219488
143.69525859219488
143.69525859219488
143.69525859219488
143.69525859219488
143.69525859219488
143.69525859219488
143.69525859219488
143.69525859219488
143.69525859219488
143.69525859219488
143.69525859219488
143.69525859219488
143.69525859219488
143.69525859219488
143.69525859219488
143.69525859219488
143.69525859219488
143.69525859219488
143.69525859219488
143.69525859219488
143.69525859219488
143.69525859219488
143.69525859219488
143.69525859219488
143.69525859219488
143.69525859219488
143.69525859219488
143.69525859219488
143.69525859219488
143.69525859219488
143.69525859219488
143.69525859219488
143.69525859219488
143.69525859219488
143.69525859219488
143.69525859219488
143.69525859219488
143.69525859219488
143.69525859219488
143.69525859219488
143.69525859219488
143.69525859219488
143.69525859219488
143.69525859219488
143.69525859219488
143.69525859219488
143.69525859219488
143.69525859219488
143.69525859219488
143.69525859219488
143.69525859219488
143.69525859219488
143.69525859219488
143.69525859219488
143.69525859219488
143.6965724355469
143.6965724355469
143.6965724355469
143.6967641494637
143.6967641494637
143.6967859027945
143.69678894671083
143.69678894671083
143.69678894671083
143.69678894671083
143.69678894671083
143.69678894671083
143.69678894671083
143.69678894671083
143.69678894671083
143.69678894671083
143.69678894671083
143.69678894671083
143.69678894671083
143.69678894671083
143.69678894671083
143.69678894671083
143.69678894671083
143.69678894671083
143.6965724355469
