with mode=0, handoff cost coefficient = 1.0
158.04230447199623
158.05851061914706
158.05851061914706
158.1503684078698
158.15026827857
158.16971142472832
158.17258738001863
158.1762777938215
158.20100660333708
158.19530522153713
158.20257946319242
158.29999408040408
158.30502683368675
158.29566171853952
158.29569363755442
158.30585226235436
158.30470426239668
158.30628987948458
158.32900682085912
158.3289803139567
158.33523236902695
158.28230839977624
158.28230839977624
158.36645037365173
158.36564043340258
158.39794343687367
158.4013868529273
158.4013868529273
158.42786993402476
158.42786902849332
158.44946287564014
158.54594674328592
158.54554753993014
158.54601707216685
158.57540298441538
158.57540404228703
158.57613021182763
158.57282514691624
158.57421387648037
158.57399567439666
158.57642717974204
158.57649271642617
158.57972875189878
158.6107265378212
158.6275837700314
158.62712582023158
158.62811361412082
158.62811361412082
158.62810365472995
158.62807805582082
158.61336195378047
158.62811361412082
158.64208803291814
158.66323607283914
158.65942568697903
158.6594492702088
158.6601365251249
158.66013467958237
158.66637483680046
158.67106021754296
158.6703729626269
158.6703668189131
158.66933270114023
158.71989324620372
158.7800389789012
158.83265973313163
158.83272078942727
158.83362933612406
158.8329375328437
158.83975978776968
158.83901601739356
158.83694117887427
158.8369586639363
158.8369648076501
158.83975978776968
158.84260703247412
158.86649080868332
158.86667882879013
158.86802841490496
158.87234557307045
158.87236554194274
158.8964608407969
158.896461942604
158.92044444564206
158.9339486611282
158.9345175614867
158.9378793144717
158.938581286802
158.9390219998808
158.9629726024388
158.98587321731
159.04105747506017
159.04106963004924
159.04252144021788
159.042806212184
159.06382384520296
159.07819794909008
159.07819516785977
159.08011411162508
159.08011350169303
159.07980411403534
159.10355632775529
159.1047042299721
159.1027019816076
159.1047042299721
159.1043899551702
159.10948390039704
159.1100214772934
159.1100244934267
159.11049236784123
159.11348976772575
159.1134910235905
159.11387722629422
159.1121318670622
159.13333749861243
159.13300450452232
159.1332846157221
159.13382038146236
159.13443342868968
159.1348525256355
159.1461105491585
159.1461142440016
159.14681208126837
159.1465168428652
159.1465168428652
159.1465176851448
159.1465176851448
159.14681208126837
159.14683669211323
159.14693546105516
159.14740548358373
159.1474086622105
159.1478457276776
159.150728072302
159.16260664181166
159.16285899804473
159.1628579817429
159.1625730233263
159.16209896308516
159.16226257736608
159.16285899804473
159.16316990271133
159.1632516320994
159.16329610642856
159.16340819280217
159.16346720355122
159.1634678584393
159.16352323173896
159.16343028753553
159.16361841884063
159.16368290141165
159.1637228193894
159.16372297265087
159.16372307219345
159.17751994954438
159.17751994954438
159.1775204871412
159.1775208185369
159.17772729003298
159.17791628521715
159.17850300783837
159.17867677227383
159.17873486131992
159.17873811213735
159.18011822264774
159.18030783114608
159.18002371823815
159.18572355032933
159.19951400714837
159.19952541264416
159.20716783927375
159.20716783927375
159.2072213917555
159.20748946255625
159.20748952819304
159.21313702854204
159.21316913834198
159.21316935921374
159.2133220153562
159.2188047978299
159.22154092017965
159.2217960895084
159.22186110554875
159.22192955775753
159.2272095550758
159.2275474530481
159.22765139394602
159.2279837627199
159.23563300191546
159.24941112748755
159.25300697271211
159.25325221961768
159.25335224276478
159.2533523432422
159.253419439854
159.2534196183833
159.25358698037462
159.2540835286492
159.25416506528032
159.2541599288985
159.25416183499826
159.2542608686331
159.2544035581636
159.2544132658638
159.25507643345017
159.2551355584686
159.25527434396952
159.2552805759063
159.25530447576094
159.25530455900682
159.2578879723325
159.25794164202648
159.25794661478452
159.25796700759201
159.2632351675972
159.26325810064
159.26325807951312
159.26313062838395
159.26312024044995
159.26312024044995
159.26325810064
159.2670821015184
159.26708326666534
159.2671599311387
159.2697786681676
159.269778735322
159.27051264253296
159.27054397423387
159.27054398005725
159.27054398005725
159.2710348470708
159.2711071612463
159.2711422080173
159.27113244621634
159.27113250421127
159.27113250421127
159.27122883228492
159.27155715039254
159.27156581904669
159.27156586126813
159.27156586126813
159.2716844854085
159.27169382023214
159.27197593701223
159.27197593701223
159.27197804108374
159.27224178633153
159.27222858406554
159.27225580870285
159.27226062689488
159.2723244373333
159.27240068190514
159.27514075396263
159.2751438969653
159.27514501024865
159.2751450141171
159.2751674384984
159.2751756424746
159.27519877599653
159.27817049502283
159.2787544096893
159.28257958466
159.28640168663216
159.28666315912218
159.28670732689648
159.28682884968325
159.28693734478688
159.28694003133802
159.28696819630892
159.2869682492974
159.28696837057066
159.2869684092145
159.2870624884083
159.2870633630056
159.28991568311366
159.2911365076752
159.2911365076752
159.29138158630016
159.29139462040123
159.29136597175395
159.29137060931973
159.29137065599787
159.29419516149304
159.2942254919835
159.29426243409893
159.29443142245708
159.2944892035456
159.29452056852028
159.29454679440795
159.29455422672348
159.2946434964741
159.2946689214119
159.2946704986637
159.29514483423094
159.29515437139972
159.2951668996811
159.29517581532727
159.29589786335228
159.2959202085742
159.2959290787441
159.29596633107028
159.29599132346982
159.29878099482735
159.29879311030976
159.29885742452547
159.29886577270412
159.29892286225467
159.29890268487497
159.3000435526867
159.3001677593657
159.30017155955537
159.3040051185646
159.3040391587924
159.30466901940886
159.30467878714657
159.30468048121983
159.3072349953191
159.31106933676963
159.31113641554873
159.31496773836741
159.31503049370724
159.31503049370724
159.3161507811768
159.3161507811768
159.32304410726078
159.32304462170944
159.32564743816025
159.32828656068713
159.33110000399168
159.33219880824495
159.33216462337225
159.33323600435054
159.3332605194939
159.33362309991594
159.33362547662432
159.3341884983611
159.33441591183865
159.33441981828003
159.33444165863554
159.33446525205673
159.33446625371568
159.3345003811219
159.33452186058344
159.33711051185185
159.33843333427149
159.34532827121814
159.3453307275734
159.34546459206834
159.3454818910127
159.3454880057673
159.34846442572484
159.3484664158285
159.3502756877395
159.35033944548329
159.35034027454003
159.3504390126264
159.35048038176674
159.35737072877683
159.36014305920474
159.36017793480144
159.36017793611006
159.36023331980945
159.3602536827465
159.360261245129
159.36031210313115
159.36031223172148
159.3631169572443
159.36312167523394
159.36314262595928
159.36328862451333
159.36328885680578
159.36331876901835
159.36332027902745
159.36334300279026
159.36373070755957
159.3637934536458
159.36383601128227
159.36383613139856
159.36383613820178
159.36390900353683
159.36506575378485
159.36506651139686
159.3680405623368
159.36804056427158
159.36809349957517
159.36864623945627
159.36866639387398
159.36874765449278
159.36874771544336
159.3690000856725
159.36909270785708
159.37185773835802
159.37191061124946
159.37191061124946
159.37191061124946
159.3719456338764
159.37194297391767
159.37463218314542
159.37476774345686
159.3748021180523
159.37482283337602
159.37482205710774
159.37482262940685
159.37482262940685
159.3748729265523
159.3748751025956
159.37487762521314
159.37754850787744
159.37754940277938
159.37752973795986
159.37755328445098
159.37755333713682
159.37754850787744
159.3778485183311
159.37784800449356
159.37933485331666
159.38062626231476
159.38062626231476
159.38062750114076
159.38097184896336
159.38097187570676
159.38097187570676
159.3810141988953
159.38108160878647
159.3810905522495
159.3810905522495
159.38111430085726
159.3811183190509
159.38111837768466
159.38111622245378
159.38111980628034
159.3811366488855
159.3811367098829
159.3811612148352
159.38117967560316
159.38119051376376
159.38119223441404
159.38119116599168
159.38122658280884
159.38122658572976
159.38123609618629
159.38174455410785
159.3818639072502
159.38188716879264
159.38190937238895
159.38190984677158
159.38191203703266
159.3819222317847
159.38282679452655
159.38264886395547
159.38272162711047
159.38272036583172
159.3829232710005
159.38295590771196
159.3829654812521
159.3848883756463
159.3848883756463
159.38492853997934
159.38493062656045
159.38552409132544
159.38579687123934
159.38771876345973
159.3877581823984
159.38777893570165
159.38778368046826
159.3878375979178
159.387837853898
159.3878513360477
159.38786057695813
159.3878688003077
159.38787940054513
159.3878807280677
159.38786535226524
159.3878814909483
159.38788652570378
159.38839388965812
159.3883968572531
159.38839687298548
159.38839746565486
159.3883978040441
159.38972326832084
159.38975472748447
159.38975593512973
159.38975593512973
159.38980586337104
159.38980773472255
159.38983785211047
159.38983899516893
159.3899632964663
159.38998661161733
159.39138147524952
159.39277552871795
159.39277283479134
159.39409054207192
159.3942909480628
159.39463301617573
159.39464335539841
159.39465350806555
159.39614044150267
159.39614620493973
159.39668745851645
