with mode=1, handoff cost coefficient = 1.0
158.04230447199623
158.0818074428777
158.10345017167953
158.1294892460856
158.1560436078331
158.18401993529181
158.18933310408903
158.24868473405093
158.27922275903094
158.2871171203151
158.3051003243878
158.34495907212033
158.37744155145987
158.39845596862884
158.4130400467846
158.43771087574245
158.45254865624972
158.4845885099161
158.4993456161789
158.50742777885313
158.5305618719913
158.56105319381732
158.57627121037112
158.63683605581892
158.66983627999375
158.68282646883327
158.70109368526244
158.73811972212405
158.7670055325575
158.83297281291055
158.84629107620077
158.86785481085153
158.8868136649229
158.92587271459277
158.9321422263889
158.97580478094028
158.97954621761426
158.99085464974507
159.03160867418222
159.05045153049485
159.06595445401473
159.09315322254778
159.11606848013622
159.11756697915138
159.13527039047605
159.1663147016777
159.1887236389201
159.19911002118943
159.20045863505976
159.21670983063314
159.23606612551936
159.25159786896674
159.26381332919095
159.29587205704414
159.31431077232338
159.3198995932145
159.34810710516072
159.37641455168688
159.38827034886563
159.3923047787057
159.4149666793137
159.45405764131826
159.46861046540488
159.46962584539466
159.47931970874205
159.5014702758211
159.51675770930322
159.54769723856793
159.55266490816078
159.5566368503438
159.55416403604607
159.57141506148997
159.57282707155815
159.59259544196533
159.60888773411563
159.60746931675618
159.617877426317
159.61865928097174
159.6467339955956
159.66560582444467
159.70022454879432
159.70743788518243
159.7084872581627
159.72143049127496
159.72211400108557
159.73910174021626
159.73638643692902
159.74081985838387
159.76703271548172
159.80841886298344
159.8130095164286
159.84022725553334
159.87602338279157
159.87857708149653
159.8776214443495
159.90889322909337
159.9185595094144
159.91951351861576
159.9251568162797
159.93508314683277
159.94971022172638
159.9540649889248
159.9757142546671
159.98665784692528
160.00286967261835
160.0322602802233
160.04898403840045
160.08410469461384
160.09454398886555
160.0955413476742
160.11842038410435
160.14506417791816
160.15341432909565
160.1647081994556
160.16256609426668
160.1893616116688
160.2044517097299
160.2110014184224
160.22653239539076
160.23701665637006
160.24523362137958
160.28672312390614
160.30602737535108
160.32549234634095
160.3531417693
160.3891287138059
160.42554462539508
160.45224227070412
160.47514104974303
160.4884897625302
160.49322744354743
160.49351429774342
160.5212241563821
160.52238654522222
160.5562793229372
160.56306977726211
160.5728412959579
160.57249436336195
160.57593361012277
160.58548549529755
160.5945252695377
160.59867855111028
160.6335558635921
160.66266268788118
160.668476262319
160.66662924222643
160.6773285340007
160.68840872085883
160.69878808454428
160.6997409409566
160.7007941756424
160.7183311906602
160.73330452018365
160.76577083733997
160.81548803687963
160.8154670928338
160.82005344042682
160.82261545783786
160.8219013700882
160.82558218858054
160.87020825375419
160.90360591412198
160.92022845131493
160.92170285328368
160.9356309444841
160.94787272167622
160.97207780891975
160.96982431843773
160.98911748294276
160.98896371358182
160.9960424562176
160.99424659951404
161.01104422236446
161.03061966751088
161.03699727595722
161.08183624498878
161.0985374415946
161.11998544964365
161.13311542530528
161.15327221467086
161.16354061728438
161.2101620830794
161.22172349897548
161.24352026572512
161.24368673122416
161.25013710997942
161.2899620114382
161.30501462615922
161.30807496038176
161.30589738533337
161.33683322747555
161.34944728948685
161.38676121888778
161.38967024583792
161.39798595295292
161.4279883355786
161.45540295020265
161.4680019027283
161.46576672674303
161.4702155229204
161.48443328453916
161.49174669473697
161.5248842856847
161.54791388814726
161.55477393697973
161.55591639487827
161.55601026828535
161.5573172249753
161.56058847348538
161.5604783355567
161.5626701865005
161.55993436184806
161.56731904737433
161.592309731169
161.60687019445635
161.6071989430171
161.60635583230425
161.6113538714961
161.6139497939151
161.6140573009523
161.62560674306152
161.6289978079924
161.63518225605594
161.6468992766599
161.65159097843332
161.65489806689868
161.6834954746201
161.69155324146337
161.70496703694647
161.70403020552737
161.71923555538925
161.72538651703215
161.72373940398955
161.74114699051435
161.74507401969618
161.77098100280395
161.76895560478755
161.7833729802205
161.78466910573977
161.79456627232517
161.79104473641155
161.79086449205863
161.79342197303683
161.82446869360206
161.83785447303038
161.84102475720047
161.85048800865655
161.85685439604407
161.8768845928878
161.87803893540888
161.8932087754888
161.8940223741148
161.906553487555
161.91010972300586
161.94238012113084
161.94242926984367
161.9461303093956
161.94677309400547
161.9760906578855
161.99959031735483
162.00119015047915
162.0277873642718
162.03326489725328
162.08424483839215
162.08323557516158
162.12870186588376
162.1348189665361
162.1421139445474
162.15258571852874
162.16153174779845
162.19654660169016
162.20056024010455
162.2114398087147
162.2192744459297
162.23950831496947
162.23986937031506
162.26670522072337
162.26274266028463
162.26599679691407
162.31739288192966
162.33221839162064
162.35494012953563
162.37583065211814
162.37549458719434
162.38585870157576
162.38820224826665
162.4194675402513
162.42877968043837
162.4298457001718
162.44581746688266
162.44747926328054
162.44858854721318
162.44772046541783
162.44600443338751
162.45673910134272
162.49504074585582
162.51599124352495
162.52212703530552
162.53334685333198
162.5427901998584
162.54205990755696
162.5407846249808
162.56578490882404
162.5821226077395
162.6313746944945
162.63247885907018
162.64296560965326
162.6430247569528
162.6575168072679
162.66033449949367
162.6576968311008
162.67286423168116
162.67229553786066
162.68740700871643
162.6888218474887
162.7064505864372
162.70450962283294
162.7146834121257
162.72591899524008
162.72770724894102
162.7298425940769
162.7283078842639
162.74006870332298
162.75761271464714
162.77743341434154
162.80525899189766
162.8042494213778
162.80464035405453
162.83128130294634
162.82916183277868
162.82707013811515
162.83646769777036
162.83766097677258
162.84011285860416
162.8563667860438
162.85915950430467
162.8607078644619
162.86261893689053
162.86124814749047
162.85913028151109
162.87145749276266
162.89697845253883
162.90550949682452
162.95677161712288
162.95755257085338
163.01596810637167
163.02464194020965
163.02363899354862
163.02612996582707
163.04204400234934
163.06315029039183
163.07802409567748
163.1061699511182
163.10754389509842
163.12627086090993
163.16239746929716
163.17635949130482
163.19194093425693
163.19888329051963
163.19776166468225
163.196455529822
163.21325857773618
163.23992495352564
163.23479335581112
163.26471505782368
163.27310858584852
163.27305777399783
163.28117076726957
163.28252141503364
163.2832197377162
163.29145834571122
163.31862532142588
163.32921297490327
163.33249116466473
163.34113400554412
163.3499461279094
163.35901922970683
163.38480178251558
163.39739447080228
163.39306435989172
163.39604876457759
163.4239011565683
163.42574056973723
163.42746771176905
163.4255152748135
163.42831398584732
163.42753662844663
163.43829510411223
163.4499100113216
163.4493059297539
163.45976554877396
163.45843980307865
163.45792513941868
163.46495782207887
163.47858373514146
163.4763195278038
163.5006529443199
163.50811683000597
163.52204320067918
163.5384359693576
163.53910753871915
163.5469621594643
163.57286620284995
163.5859233785505
163.59229367534252
163.59265524887994
163.58890459434068
163.58939212687488
163.59175774132976
163.59734851809358
163.60513993466407
163.60554738333178
163.61318510251002
163.61073191544568
163.65022042877047
163.6765223827
163.6792646239495
163.69484646982133
163.69622466555705
163.71123755061393
163.71179812240288
163.71938958645322
163.71931644205895
163.720751974232
163.75270575532122
163.7528233695686
163.7609989506536
163.783137618159
163.80651500480548
163.84601716594767
163.86252879475688
163.88022806269058
163.89148660154126
163.89347680157246
163.89392883467164
163.9064379961381
163.90914501241295
163.90855923118778
163.9100245782655
163.91051974867145
163.93518500259555
163.94053257218505
163.9397378468518
163.94532863831316
163.9465528944226
163.96831513207212
163.968604326979
163.9798402241785
163.9859036271006
164.01306527744504
164.03007817160253
164.0593442805488
164.08311542195878
164.08059146803407
164.0816488431066
164.08242444886145
164.08319848550443
164.08171161827565
164.0965504821822
164.10360307148474
164.10381180903164
164.10353487847286
164.1038512312441
164.12566817755473
164.12514369548916
164.1296296124318
164.13557000314614
164.13326596137176
164.1443777519684
164.1464831365064
164.14783585334266
164.14671047620342
164.15310587155707
164.15319964039023
164.1533679290978
164.15934821715436
164.16884419320186
164.18694628226342
164.18529477645018
164.18574845541096
164.18569892757048
164.20228981691167
164.2022088270625
164.22279896257515
164.2382705590075
164.26376841243166
164.27623022120312
164.29447838580631
164.29350664277686
164.29147948149972
164.2994743331804
164.3028579572361
164.30527925526104
164.30618120114468
164.32536389821774
164.325410522877
164.33024701650496
164.3311090954275
164.32717031235632
164.32636807929183
164.3311090954275
