with mode=3, handoff cost coefficient = 1.0
158.04230447199623
158.05935674101767
158.29542634019705
158.31353016106905
158.33016595488098
158.7083367750969
158.7895767936709
159.46221747562564
159.7737850094317
159.94512960519464
159.99833679273883
159.99833679273883
160.00027590544417
160.0038962563121
160.00376095910315
160.6122880654091
160.77166720875542
160.77187801117677
160.8143187820674
160.8143841583421
160.81409759746543
160.86923158265924
161.16798545323482
161.4208050126437
161.43930555203275
161.65805472649697
161.96600280527156
161.98186881598508
161.98884641356796
162.01522850020058
162.0774856818843
162.0737311972032
162.35836714033016
162.6277400175723
162.7763973166966
163.04551427310676
163.08754727756462
163.29558159451972
163.2955766043414
163.30645305776926
163.3101862119003
163.31151051100812
163.31187288908387
163.31184559124088
163.31964503093215
163.32038794531863
163.32250178671885
163.32250178671885
163.322466593146
163.32248615455822
163.326586460659
163.32889833775434
163.33143171727238
163.49524579844493
163.49528757038476
163.5025306122371
163.5025306122371
163.50229506274047
163.50229506274047
163.50229506274047
163.66817142952723
163.66671310174561
163.66741043147584
163.66741043147584
163.66741043147584
163.66741043147584
163.66741043147584
163.66741043147584
163.68323945682482
163.69520233596074
163.69519082401985
163.69519082401985
163.68527551310396
163.68527551310396
163.68527551310396
163.68527551310396
163.69120440883708
163.69120440883708
163.69120440883708
163.69120440883708
163.69120440883708
163.69120440883708
163.69120440883708
163.69120440883708
163.69120440883708
163.69711990901797
163.69713284141977
163.69713284141977
163.7008311730305
163.7008311730305
163.70067694499326
163.70067694499326
163.70067694499326
163.7028760712027
163.7039739481167
163.70423715295303
163.70380756101358
163.70380756101358
163.70380756101358
163.70380756101358
163.70380756101358
163.70380756101358
163.70380756101358
163.70380756101358
163.70380756101358
163.70492123312684
163.70492123312684
163.70492123312684
163.70492123312684
163.71267331885295
163.71161080935286
163.71130561107933
163.71165356952235
163.77743909276515
163.77690723484807
163.77748687769045
163.77625806347393
163.77625806347393
163.77625806347393
163.77625806347393
163.77625806347393
163.77625806347393
163.77625806347393
163.77625806347393
163.77625806347393
163.77625806347393
163.77625806347393
163.77625806347393
163.77625806347393
163.77625806347393
163.77625806347393
163.77625806347393
163.77625806347393
163.77625806347393
163.77951616363745
163.77951616363745
163.77951616363745
163.77997583658598
163.77997583658598
163.77997583658598
163.77997583658598
163.77997583658598
163.77997583658598
163.78155720629928
163.78142823272256
163.78142823272256
163.78172986354832
163.78172986354832
163.78172986354832
163.7855737631561
163.78934789012686
163.78934789012686
163.78934789012686
163.78966140186114
163.78966140186114
163.78966140186114
163.78966140186114
163.7956674251267
163.79573664962098
163.79587926382857
163.7959840159142
163.7959840159142
163.7959840159142
163.7959840159142
163.7959840159142
163.7959840159142
163.7959840159142
163.7959840159142
163.7959840159142
163.7959840159142
163.7959840159142
163.7959840159142
163.7959840159142
163.7959840159142
163.7959840159142
163.7959840159142
163.7959840159142
163.7959840159142
163.7959840159142
163.7959840159142
163.7959840159142
163.7959840159142
163.7959840159142
163.7959840159142
163.7959840159142
163.7959840159142
163.7959840159142
163.7959840159142
163.7959840159142
163.7959840159142
163.7959840159142
163.7959840159142
163.7959840159142
163.7959840159142
163.7959840159142
163.7959840159142
163.7959840159142
163.7959840159142
163.7959840159142
163.7959840159142
163.7959840159142
163.7959840159142
163.7959840159142
163.7959840159142
163.7959840159142
163.7959840159142
163.7959840159142
163.7959840159142
163.7959840159142
163.7959840159142
163.7959840159142
163.7959840159142
163.7959840159142
163.7959840159142
163.7959840159142
163.7959840159142
163.7959840159142
163.7959840159142
163.7959840159142
163.7959840159142
163.7959840159142
163.7959840159142
163.7959840159142
163.7959840159142
163.7959840159142
163.7959840159142
163.7959840159142
163.7959840159142
163.7959840159142
163.7959840159142
163.7959840159142
163.7959840159142
163.7959840159142
163.7959840159142
163.7959840159142
163.7959840159142
163.7959840159142
163.7959840159142
163.7959840159142
163.7959840159142
163.7959840159142
163.7959840159142
163.7959840159142
163.7959840159142
163.7959840159142
163.7959840159142
163.7959840159142
163.7959840159142
163.7959840159142
163.7959840159142
163.7959840159142
163.7959840159142
163.7959840159142
163.7959840159142
163.7959840159142
163.7959840159142
163.7959840159142
163.7959840159142
163.7959840159142
163.7959840159142
163.7959840159142
163.7959840159142
163.7959840159142
163.7959840159142
163.7959840159142
163.7959840159142
163.7959840159142
163.7959840159142
163.7959840159142
163.7959840159142
163.7959840159142
163.7959840159142
163.7959840159142
163.7959840159142
163.7959840159142
163.7959840159142
163.7959840159142
163.7959840159142
163.7959840159142
163.7959840159142
163.7959840159142
163.79748000592528
163.79748000592528
163.79851762546002
163.79800454112808
163.79800454112808
163.80069147634515
163.80069147634515
163.8005541220478
163.80069124196788
163.80069124196788
163.80069124196788
163.80069124196788
163.80069124196788
163.80069124196788
163.80069124196788
163.80069124196788
163.80069124196788
163.80069124196788
163.80069124196788
163.80069124196788
163.80069124196788
163.80069124196788
163.8055554382513
163.80633475473311
163.80700634422843
163.80716069936418
163.80716069936418
163.80812334787663
163.80812334787663
163.80812334787663
163.80825999488792
163.80825999488792
163.8620000535252
163.86167160967213
163.86196384288237
163.86201519691966
163.86678230321874
163.86818137230304
163.8682905458218
163.86828083522104
163.86828083522104
163.86828083522104
163.86828083522104
163.86828083522104
163.86828083522104
163.86828083522104
163.86828083522104
163.86828083522104
163.86844514148387
163.86844514148387
163.86844514148387
163.86844514148387
163.86844514148387
163.86844514148387
163.86844514148387
163.86844514148387
163.86844514148387
163.86844514148387
163.86844514148387
163.86844514148387
163.86844514148387
163.86844514148387
163.86844514148387
163.86844514148387
163.87050342066894
163.87057908001492
163.87060395669138
163.87068126785516
163.87068126785516
163.87068126785516
163.87068126785516
163.87068126785516
163.87068126785516
163.87068126785516
163.87068126785516
163.87068126785516
163.91978989260738
163.92082135096186
163.9210203042022
163.92123819880285
163.92123819880285
163.92123819880285
163.92123819880285
163.92123819880285
163.92123819880285
163.92123819880285
163.92123819880285
163.92123819880285
163.92123819880285
163.92123819880285
163.92123819880285
163.92123819880285
163.92123819880285
163.92123819880285
163.92273972611656
163.92273972611656
163.92289549890825
163.92269481875488
163.92269481875488
163.92269481875488
163.92269481875488
163.92269481875488
163.92269481875488
163.92296997583517
163.92296997583517
163.92296997583517
163.92296997583517
163.92296997583517
163.92296997583517
163.92296997583517
163.92296997583517
163.92296997583517
163.92296997583517
163.92296997583517
163.92296997583517
163.92296997583517
163.92296997583517
163.92296997583517
163.92296997583517
163.92296997583517
163.92296997583517
163.92296997583517
163.92296997583517
163.92296997583517
163.92296997583517
163.92296997583517
163.92296997583517
163.92296997583517
163.92296997583517
163.92296997583517
163.92296997583517
163.92296997583517
163.92296997583517
163.92296997583517
163.92296997583517
163.92296997583517
163.92296997583517
163.92296997583517
163.92296997583517
163.92296997583517
163.92296997583517
163.92296997583517
163.92296997583517
163.92296997583517
163.92296997583517
163.92296997583517
163.92296997583517
163.92296997583517
163.92296997583517
163.92296997583517
163.92296997583517
163.92296997583517
163.92296997583517
163.92296997583517
163.92296997583517
163.92296997583517
163.92296997583517
163.92296997583517
163.92296997583517
163.92296997583517
163.92296997583517
163.92296997583517
163.97408216202828
163.9740828545759
163.9740828545759
163.9740828545759
163.9740828545759
163.9740828545759
163.9740828545759
163.9740828545759
163.9740828545759
163.9740828545759
163.9740828545759
163.9740828545759
163.9740828545759
163.9740828545759
163.9740828545759
163.9740828545759
163.9740828545759
163.9740828545759
163.9740828545759
163.9740828545759
163.9740828545759
163.9740828545759
163.9740828545759
163.9740828545759
163.9740828545759
163.9740828545759
163.9740828545759
164.02144661051028
164.02140288491915
164.02140288491915
164.021552383479
164.021552383479
164.021552383479
164.021552383479
164.021552383479
164.021552383479
164.021552383479
164.021552383479
164.021552383479
164.021552383479
164.021552383479
164.021552383479
164.021552383479
164.021552383479
164.021552383479
164.021552383479
164.021552383479
164.021552383479
164.021552383479
164.021552383479
164.021552383479
164.021552383479
164.021552383479
164.021552383479
164.021552383479
164.021552383479
164.021552383479
164.021552383479
164.02144661051028
