with mode=1, handoff cost coefficient = 1.0
158.38525989969568
158.39472256873586
158.41554394852156
158.42259697326438
158.43509551826287
158.4955716223719
158.51449915313293
158.5633193360087
158.58678730181995
158.59599313577323
158.61473794772894
158.65319112040737
158.67197020913164
158.6851395818473
158.69953108467084
158.70880313547966
158.73971819104543
158.74790173994387
158.7572893762087
158.77334750639199
158.85508822313196
158.86755059284434
158.87876827827986
158.89276844264467
158.92164052630434
158.9375146410508
158.9401998091226
158.9502659109591
159.0116763303592
159.02055992443437
159.02275946393902
159.08180246185842
159.08840733839395
159.12404371228763
159.1279927068437
159.13452151495696
159.2036745186313
159.2140942480756
159.21581456161135
159.21289362694085
159.23506131259532
159.23966471780625
159.29713055684388
159.3141213469457
159.3679917228692
159.42725000765842
159.43875320423334
159.4601269798557
159.46057251004024
159.48548285587762
159.5266478073453
159.54407244167538
159.5499102046271
159.555990284059
159.61337105062455
159.6153304740524
159.6238843522993
159.65626713047308
159.68988599190402
159.69857302881127
159.75255082694162
159.7545827439218
159.8447603570474
159.85140346205472
159.87689434813055
159.88511654406787
159.98818656805906
159.99293521334494
159.9955093695252
159.9950773946175
160.02728165114868
160.0287191296169
160.03245207621163
160.0413923994528
160.09986369563552
160.1056428119985
160.10332456572152
160.11065698561802
160.1164282142549
160.1872462676312
160.19082513852717
160.20527936228626
160.20826753013577
160.22068014631307
160.22565357813312
160.29482108545187
160.2994426363611
160.3024404254916
160.3058961641503
160.34154487075173
160.42867180181798
160.4328021659728
160.43507010283443
160.44269980557422
160.4425987619995
160.44866178939668
160.45036110789826
160.4556547624929
160.50649720203415
160.51136426434928
160.5137727065578
160.51233841174164
160.62828317847155
160.66169619564488
160.71345452739052
160.73798726824873
160.7433895017382
160.7655085093249
160.76912984528312
160.81216343213367
160.91461088087513
160.91908335799337
160.91927531211635
160.9228318910492
160.94686600185733
161.0147877634462
161.02397775601054
161.02591554255645
161.04215194378554
161.0470701454669
161.05216806055918
161.06916551887755
161.07125828996513
161.07590317822468
161.07826982534812
161.0942703577117
161.19521971640935
161.24855284920872
161.2523485848153
161.31621562830145
161.32212742927385
161.32243642982252
161.37681287276396
161.37972683842585
161.3816112767846
161.3879595348863
161.39150016128576
161.40108759734923
161.41072942685537
161.43186678753995
161.47735002969355
161.54383060583277
161.54392815676383
161.54909127706446
161.5514750275197
161.55501593792405
161.55187013444052
161.5835945249574
161.59803900177087
161.59887959697252
161.64510334565264
161.6794812389289
161.69617613822913
161.6996164272975
161.70018890683522
161.72060811026822
161.88093505560954
161.88194513586004
161.8866703067654
161.89727916874563
161.92901330885755
161.9634032990863
162.04592413180876
162.0590966741079
162.0775992682208
162.07418025774686
162.14327858764665
162.14387275338
162.15823379273067
162.15916905309572
162.15806496047196
162.19151403237618
162.1923928324287
162.2321290007933
162.28224988819647
162.28282507986322
162.31165597694348
162.3125327382359
162.38247686997136
162.40469131061292
162.40087267686545
162.4040339697601
162.43976104814607
162.44549238994418
162.44602153734365
162.45451323678796
162.48479759668163
162.48464218796167
162.4895746651538
162.4915443481329
162.49481318026153
162.63780869854432
162.63511393303034
162.63821214093946
162.6374999376893
162.64223954630475
162.65521921197578
162.6752117108784
162.67934584994254
162.67658777164607
162.6784727791326
162.6798488448718
162.68301165666
162.6994070285664
162.7051500089312
162.70706424145766
162.72213599908685
162.77485678069252
162.777238624642
162.78089988761525
162.82870697013703
162.89507308534115
162.89792671393465
162.8944401985858
162.89676320397456
162.9012204277238
162.89973782608854
162.90154961925606
162.94936155737528
163.00177449375437
163.03261109499917
163.03371069593922
163.08281121841375
163.1807169911356
163.19409131928035
163.24723918800353
163.29659534882157
163.30087648522917
163.36521240552065
163.36960152387184
163.38078761155012
163.3797769457885
163.41480134241712
163.4195934503837
163.42108438025238
163.4729759003759
163.47415461552143
163.50808837164382
163.52292261029663
163.5530186670808
163.55332611941608
163.57190982645696
163.57393312889803
163.5739800306228
163.57753811406272
163.64322078613776
163.68975568790245
163.7092270996196
163.71307907130628
163.71314091566785
163.74349206919854
163.7573070202635
163.75645615402564
163.76040949481128
163.76114510619573
163.81039522761196
163.81493929231857
163.81847749008443
163.81901457872718
163.83100913438204
163.84351250586604
163.8424267337479
163.8447236791075
163.85926422436188
163.86121811394742
163.9097475300178
163.9277244776406
163.9457889149359
163.947133359844
163.9782479719226
164.00882082544229
164.00464947616598
164.00658766637574
164.0175158640198
164.01516185240214
164.01536727561964
164.02929779721086
164.02936733767342
164.0789251073475
164.0805078518332
164.0980351420126
164.09989367153779
164.11281661309155
164.11264099866779
164.13067818009242
164.13251387256736
164.15071328960374
164.14810810610007
164.14775888738072
164.22736030180332
164.25933824908574
164.26152636427412
164.26384657424367
164.26654335744183
164.26891655134438
164.27039049178308
164.27092310644633
164.27724490407002
164.28900581658948
164.29221767696126
164.29498086375142
164.2959368063847
164.29471236416424
164.29605670364546
164.2986160634395
164.31115638371676
164.31142778047794
164.31088696672342
164.31374198175303
164.31250613557293
164.3147579463485
164.31822391075832
164.36659003890549
164.36829310387637
164.41767175847278
164.45605705532643
164.485724244634
164.4912229292861
164.51231580416294
164.54391176027178
164.5601227298348
164.56318231359174
164.56652607527306
164.56651568911903
164.56766941473694
164.56756562524942
164.56805811224433
164.5800762368798
164.57940869913094
164.57995051497332
164.58084488608736
164.58060623107215
164.58279770050143
164.6304992431329
164.62994253829993
164.63047586458927
164.6437680928387
164.69058320893257
164.6892383479865
164.7042998971374
164.70527952297346
164.7076889240919
164.72353002373978
164.7221110929813
164.75259577457888
164.75280790118234
164.75242535866596
164.764521578853
164.7655159344844
164.76588538465677
164.76829637371324
164.7665126091534
164.79865744038764
164.79973044693963
164.83386022355617
164.83668434482945
164.834603956109
164.83268385412399
164.82960502574664
164.8508263585624
164.85276549127627
164.85164187329053
164.85647335693304
164.8908317334662
164.89026695686036
164.90890025372394
164.90735343885493
164.92267235165284
164.92747007601716
164.92786757974088
164.92866107856088
164.92867258989892
164.93141399303164
164.93568340695677
164.93465852504036
164.9367483918459
164.9379704361041
164.93535817511625
164.93396786530053
164.95147857727304
164.95214595013667
164.98439850555457
165.00078121016702
165.00208939608413
165.00332060849055
165.01630576161185
165.0197534261185
165.05651064141566
165.05853298013335
165.0755845395643
165.07608945845524
165.07768842578758
165.0773821688399
165.0824531405437
165.0858370459924
165.08653433868653
165.08604555625436
165.1189599403103
165.1208148978382
165.12260481509617
165.13844990863998
165.1386722829791
165.14175963124535
165.14311056383343
165.13994363054212
165.14223438569982
165.1430390659047
165.14134541837657
165.14340358309016
165.17740589322676
165.17863789165585
165.17958529810213
165.18314287476065
165.19976425522157
165.19898229990883
165.20143555894484
165.21623427142873
165.21780895719382
165.21809059754383
165.252065972664
165.28525735609128
165.285437313621
165.2839598572422
165.31613160467882
165.3214800190913
165.32130642938375
165.33333912821715
165.35007717036945
165.34815636909858
165.34922646225363
165.35376194027342
165.36390600149358
165.36566196405036
165.3703815971161
165.36874019471415
165.39081987594136
165.3907060820669
165.38955151482836
165.3943514155439
165.4104030071561
165.4134095044591
165.41556928168464
165.41788320795337
165.4494971064054
165.47662084093704
165.51454659993504
165.51688128422856
165.51766169362412
165.5226271770606
165.52354922336067
165.52786723848092
165.52978303519419
165.53144353593927
165.5309423344978
165.52870364313708
165.52738155461878
165.5289636078178
165.53144353593927
165.53267590108274
165.53409612149574
165.56157176831866
165.56340994523094
165.5822441369729
165.58260775140832
165.5834973951063
165.58394789475125
165.6023469548284
165.6022681699355
165.60773392279407
165.6097635613494
165.60957235451122
165.60964744836716
165.60954567822196
165.6170656123869
165.61694394413362
165.64430180501813
165.64634373768584
165.64729744068504
165.64922276278762
165.64955681139847
165.65004459583386
165.66600479038866
165.6658742510126
165.66565710532078
165.6674573308908
165.66751014839787
165.67391373134396
165.67448666365476
165.67494166184716
165.6767627543493
165.67693002011328
165.67869116687848
165.68041253926467
165.698585752966
165.698650889714
165.6986138325811
165.69917730171233
165.70634900374398
165.7060744717317
165.70595261832918
165.70634900374398
