with mode=3, handoff cost coefficient = 1.0
158.38525989969568
158.52184785059143
158.57039914596413
158.68246499098785
158.6824644353707
158.74266536530746
158.78905965209287
158.79345527799478
158.79342345174928
158.79323364368472
159.22292473639985
159.26641158364072
159.603479577453
159.60348425213536
159.60349137174273
159.9016854824793
159.91475360344995
161.20049259050367
161.2070644003501
161.26622808417574
161.26620255852123
161.28529714391254
161.28529090901125
162.51730851304657
162.51732973329464
162.78925121436885
162.78924163830766
162.78925119810285
162.83565104149525
162.83566025456432
162.82792931973543
162.83218417666342
162.83642141402296
162.83642141402296
162.83641155469712
162.83642099576446
162.84358764195974
162.90119705177938
162.92871114918265
162.961007512643
162.9609949431522
162.96095327869477
162.9816400219506
162.98160562459702
163.01134344875769
163.01134543278837
163.04850770305504
163.04864130149235
163.04867010518936
163.04374908890426
163.08277632290256
163.1097030275106
163.11363122493395
163.12516999202566
163.1251260473498
163.1307556045779
163.148350891859
163.18573613583126
163.18712528336212
163.1840578319722
163.19982952873048
163.86725506908843
163.86745469250707
164.5072891319218
164.5072891319218
164.50796247998719
164.50800447618838
164.50800447618838
164.79668367068516
164.7981891484593
164.843083158306
164.84792112205355
164.84797635263553
164.87266210939933
164.87266038860596
164.87260692029784
164.8768957375021
164.87688632755385
164.9089973384344
164.90900993585365
164.9090222455775
164.91125511266637
164.91719434343395
164.94859832730504
165.19247153975076
165.1925018867435
165.1925013278318
165.1925244986041
165.1925244986041
165.1925244986041
165.2027243000097
165.2027334919837
165.20400663402071
165.20403878212394
165.20867744784113
165.20867470931353
165.2165362709612
165.2165362709612
165.2136449457062
165.21615065995127
165.21615065995127
165.21615065995127
165.21613236340852
165.21613236340852
165.21892034903107
165.21890398937384
165.2189104624227
165.21892147021111
165.21892147021111
165.21892147021111
165.21892147021111
165.21892147021111
165.21892147021111
165.21892147021111
165.21892147021111
165.21892147021111
165.21892147021111
165.21892147021111
165.21892147021111
165.21892147021111
165.21892147021111
165.21892147021111
165.21892147021111
165.21892147021111
165.21892147021111
165.22066432004755
165.2209498562959
165.22093398974695
165.22147808585947
165.22147808585947
165.22147808585947
165.22147808585947
165.22147808585947
165.22147808585947
165.22532024985514
165.22760743660612
165.22761971377764
165.22813343657864
165.23048439612305
165.2297556378677
165.2296724670513
165.23315262982163
165.23310901566362
165.23598076360005
165.23633723099644
165.24095353620214
165.2432827813824
165.24328086945556
165.2432823854417
165.2432844330589
165.2432844330589
165.2432844330589
165.24860218220857
165.24497113141055
165.24496833231717
165.24495926376534
165.24495926376534
165.2488932014382
165.2488932014382
165.24936239508395
165.24936239508395
165.24936239508395
165.24936239508395
165.24936239508395
165.24936239508395
165.27225994995214
165.2708132667997
165.27145962348908
165.2714602439192
165.2714602439192
165.2714602439192
165.27383865024214
165.27384148501653
165.27468391637453
165.27468406455603
165.27468406455603
165.27468406455603
165.27468406455603
165.27468406455603
165.27468406455603
165.27468406455603
165.27468406455603
165.27747347849458
165.29856161656625
165.29855523238942
165.2986618331867
165.2986571816595
165.2986571816595
165.2986571816595
165.2986571816595
165.2986571816595
165.30188221743384
165.302748534708
165.30358546739237
165.43790361151727
165.43627635995753
165.43635476325971
165.43693430738227
165.43693430738227
165.8318213362348
165.833698722006
165.83368267627642
165.832379581991
165.832379581991
165.832379581991
165.832379581991
165.832379581991
165.8421904284209
165.84096434595068
165.84219386144275
165.8435013484049
165.85137172177838
165.85062343423965
165.85129148623707
165.85129148623707
165.85129148623707
165.85129148623707
165.85129148623707
165.85129148623707
165.85129148623707
165.85129148623707
165.85129148623707
165.85129148623707
165.85129148623707
165.85129148623707
165.85129148623707
165.85129148623707
165.85129148623707
165.85129148623707
165.85129148623707
165.85129148623707
165.85129148623707
165.85129148623707
165.85129148623707
165.85129148623707
165.85129148623707
165.85129148623707
165.85129148623707
165.85129148623707
165.85129148623707
165.85129148623707
165.85129148623707
165.85129148623707
165.85129148623707
165.85129148623707
165.85129148623707
165.85129148623707
165.85129148623707
165.85129148623707
165.85129148623707
165.85129148623707
165.85129148623707
165.85129148623707
165.85129148623707
165.85129148623707
165.85129148623707
165.85129148623707
165.85129148623707
165.85129148623707
165.85129148623707
165.85129148623707
165.85129148623707
165.85129148623707
165.85129148623707
165.85129148623707
165.85129148623707
165.85129148623707
165.85129148623707
165.85129148623707
165.85129148623707
165.85129148623707
165.8643534712948
165.8643492757167
165.86472232967088
165.86472232967088
165.86472232967088
165.86472232967088
165.86472232967088
165.86472232967088
165.86472232967088
165.86472232967088
165.86472232967088
165.86472232967088
165.86472232967088
165.86472232967088
165.86472232967088
165.86472232967088
165.86472232967088
165.86472232967088
165.86472232967088
165.86472232967088
165.86472232967088
165.86472232967088
165.86472232967088
165.86472232967088
165.86472232967088
165.86472232967088
165.86472232967088
165.86472232967088
165.86472232967088
165.86472232967088
165.86472232967088
165.86669358150232
165.86669404419274
165.86670471439243
165.86670439016336
165.86670439016336
165.86670439016336
165.86670439016336
165.86670439016336
165.86670439016336
165.8706830141793
165.87068333437173
165.87069060668333
165.87069723891975
165.87069723891975
165.87069723891975
165.87069723891975
165.87069723891975
165.87069723891975
165.87069723891975
165.87069723891975
165.87069723891975
165.87069723891975
165.87069723891975
165.87069723891975
165.87069723891975
165.87069723891975
165.87069723891975
165.87069723891975
165.87069723891975
165.87069723891975
165.87069723891975
165.87069723891975
165.87069723891975
165.87069723891975
165.87069723891975
165.87069723891975
165.87069723891975
165.87069723891975
165.87069723891975
165.87069723891975
165.87069723891975
165.87069723891975
165.87069723891975
165.87069723891975
165.87069723891975
165.87069723891975
165.87069723891975
165.87069723891975
165.87069723891975
165.87069723891975
165.87069723891975
165.87069723891975
165.87069723891975
165.87069723891975
165.87069723891975
165.87069723891975
165.87069723891975
165.87069723891975
165.87069723891975
165.87069723891975
165.87275216817642
165.87378828134865
165.8736500006461
165.87365010434036
165.87365010434036
165.87365010434036
165.87365010434036
165.8757767719791
165.87577679292022
165.87592465984844
165.8759321199913
165.8759321199913
165.8759321199913
165.8759321199913
165.8759321199913
165.8759321199913
165.8759321199913
165.8759321199913
165.8759321199913
165.8759321199913
165.8759321199913
165.8759321199913
165.8759321199913
165.8759321199913
165.8759321199913
165.8759321199913
165.8759321199913
165.8759321199913
165.8759321199913
165.8759321199913
165.8759321199913
165.8759321199913
165.8759321199913
165.8759321199913
165.8759321199913
165.8759321199913
165.8759321199913
165.8759321199913
165.8759321199913
165.8759321199913
165.8759321199913
165.8759321199913
165.8759321199913
165.8759321199913
165.8759321199913
165.8759321199913
165.8759321199913
165.8759321199913
165.8759321199913
165.8759321199913
165.8759321199913
165.8759321199913
165.8759321199913
165.8759321199913
165.8759321199913
165.8759321199913
165.8759321199913
165.8759321199913
165.8759321199913
165.8759321199913
165.8759321199913
165.8759321199913
165.8759321199913
165.8759321199913
165.8759321199913
165.8759321199913
165.8759321199913
165.8759321199913
165.8759321199913
165.8759321199913
165.8759321199913
165.8759321199913
165.8759321199913
165.8759321199913
165.8759321199913
165.8759321199913
165.8759321199913
165.8759321199913
165.8759321199913
165.8759321199913
165.8759321199913
165.8759321199913
165.8759321199913
165.8759321199913
165.8759321199913
165.8759321199913
165.8759321199913
165.8759321199913
165.8759321199913
165.8759321199913
165.8759321199913
165.8759321199913
165.8759321199913
165.8759321199913
165.8759321199913
165.8759321199913
165.8759321199913
165.8759321199913
165.8759321199913
165.8759321199913
165.8759321199913
165.8759321199913
165.8759321199913
165.8759321199913
165.8759321199913
165.8759321199913
165.8759321199913
165.8759321199913
165.8759321199913
165.8759321199913
165.8779166636735
165.87820326117452
165.87993258185136
165.87990056088236
165.8802011545841
165.88142651592585
165.88142651592585
165.88142651592585
165.88142651592585
165.88142651592585
165.88160523341602
165.88160120025407
165.88160120025407
165.88160120025407
165.88160120025407
165.88160120025407
165.88191722104614
165.88191722104614
165.88191722104614
165.88360463232263
165.88369118432124
165.88369184651268
165.88391733492432
165.88534346009902
165.88534346009902
165.88534346009902
165.88534346009902
165.88534346009902
165.88535295236522
165.88654243018055
165.88534346009902
