with mode=0, handoff cost coefficient = 1.0
158.38525989969568
158.43124790426074
158.43124790426074
158.42969198853908
158.447585300738
158.45446831419517
158.4770043665969
158.64037763828037
158.64057163951367
158.65898580060193
158.65898298225275
158.65997705266784
158.70593921409818
158.75253374844792
158.75812816163204
158.75683902739604
158.75683991014355
158.77730106406943
158.7542678502312
158.77099635163194
158.74963221381665
158.749757248944
158.77730106406943
158.79875223355123
158.80180778346426
158.80367518481341
158.81736632618941
158.8247371343203
158.82562499694373
158.8283904966809
158.83611232201693
158.8365898080196
158.83690430896814
158.86617906632412
158.86921219735947
158.86921015151117
158.89461888455168
158.8964821431509
158.89406765721657
158.89481725936704
159.1004244880452
159.12419950086056
159.1272110954635
159.12149053107214
159.12149116685055
159.25199665630146
159.26608453413849
159.27478390584326
159.28840904181402
159.28908093870166
159.28480804249176
159.287628065575
159.29923953314903
159.29923882673464
159.30500190794837
159.3147018298323
159.31481199636508
159.5196485726695
159.52364649550728
159.52708358186942
159.52306868379142
159.52359230184467
159.57222011891878
159.5770918311951
159.57455844429126
159.57921588664794
159.6273222631058
159.63490132688676
159.63732901118397
159.64114632476972
159.64628359298612
159.64882036500146
159.648594299017
159.65081349480434
159.6506816380277
159.64920629620298
159.6493381529796
159.65682924768046
159.65711386301138
159.66448736527744
159.66448744568424
159.66295897540596
159.660844034963
159.67246112855202
159.67246041403178
159.67450925293207
159.67753257933114
159.68269504547914
159.6847579832187
159.6942764796166
159.6965430292013
159.69867747822394
159.69781374956258
159.6978224864968
159.70270330506455
159.7039518462653
159.69754943053314
159.6932540393456
159.69485225737915
159.69485225737915
159.7039518462653
159.7039539454976
159.74027171288313
159.74041318537067
159.74041326773602
159.74159671602268
159.753271663683
159.75336605479293
159.75668072419
159.7691225572588
159.76935864590007
159.76935893678265
159.76935895937078
159.77092878305936
159.7706627567884
159.77079074329396
159.7709042241688
159.7696192206352
159.77092878305936
159.7748569680165
159.77535886946768
159.77614686133302
159.77629788715774
159.77666000193625
159.78868475026104
159.79209666125084
159.79209792619554
159.7921223270417
159.7960140593466
159.80802073905775
159.80802075691594
159.80804239844736
159.80838621825825
159.8083863578898
159.81158904091208
159.81158904129208
159.81158906247163
159.81203544108124
159.81167069433698
159.81291295208908
159.81300595680347
159.81567329262867
159.86701564978407
159.86696112936667
159.8669611279903
159.8681841106149
159.86859213988663
159.88619340769043
159.88624734086844
159.88627554179806
159.88632228140096
159.8884107322794
159.88872921333876
159.8889188708223
159.88951545471218
159.88951564375972
159.88962710463548
159.88962731643076
159.8917338374379
159.8953491489951
159.94642178006296
159.94646725970668
159.9464673185658
159.94646819138737
159.94646819138737
159.94663638357693
159.94952841362405
159.94948956034452
159.94956007784546
160.00088233173014
160.00088231326154
160.00088231326154
160.00088234634805
160.0023572495617
160.0020398101156
160.00347146016844
160.00439443630174
160.00444308185425
160.00444303364685
160.00800735328548
160.01134549229675
160.01134557126417
160.0117894186567
160.0118085544478
160.01220747179283
160.0123994454354
160.01274900131247
160.01295760783137
160.01548195612324
160.01593309836164
160.01632261486682
160.01632264763265
160.01632264763265
160.01681282217683
160.01650720139813
160.01764611389345
160.01829788605403
160.01847563014698
160.01847563863444
160.0698445781152
160.07136030510412
160.07151002473842
160.07151000088263
160.0719488746381
160.07512191708597
160.0752635621467
160.0752636587549
160.07774752875332
160.0794781131439
160.13088318589516
160.16370603330165
160.16366481350454
160.16332674854257
160.16377196037985
160.16377473014649
160.16585982427523
160.16789269612207
160.16791369662516
160.1682466015368
160.1702924279909
160.17043079048221
160.17114171433732
160.20377508274885
160.20519037900348
160.2055127010636
160.20627749263903
160.20753271960552
160.2075499366178
160.20811894567964
160.20811897144486
160.25869217080566
160.25902786319722
160.2590181866433
160.25977328004151
160.26002750629038
160.2600355395636
160.25996336172307
160.26199699607608
160.26237797688634
160.26250804918564
160.26250805159665
160.26321836428008
160.26536006825646
160.26656992457802
160.2666940918846
160.26683271865195
160.26809347429173
160.26777737051052
160.2689781306284
160.26928628362398
160.2703864412989
160.2706428226828
160.27064995199044
160.2719633665203
160.2719633757483
160.32312988833382
160.32428858075644
160.35748257173321
160.35748254061312
160.35715491943583
160.35714418525208
160.35717061798192
160.35748257173321
160.36044208296624
160.36046051665028
160.38601317482792
160.38695431765612
160.38695711050548
160.3869572352512
160.38743861779204
160.38751456690326
160.38759178591468
160.38751456690326
160.38768144509748
160.38771718547937
160.39061637757916
160.39060535113353
160.39224729396616
160.39287955385512
160.39292485140697
160.39291899281375
160.4017036227771
160.40210198328307
160.40241187645222
160.40358356691704
160.4035836764184
160.405171122889
160.4052231331515
160.40570952123747
160.4057095204822
160.41177642553285
160.42837173098508
160.4292351584175
160.4292351769007
160.43529468997193
160.43529481529956
160.4353075902021
160.43525361859994
160.43526114523593
160.43777955028924
160.43778851781593
160.43778816678596
160.43781895958094
160.43781900162585
160.4378190072704
160.43882548366236
160.45488457659027
160.4548949982909
160.4549028030993
160.45490279656073
160.45501631728706
160.45502123023743
160.45502126237344
160.45502125253068
160.4550214641887
160.45501631728706
160.45494296526047
160.45525935732525
160.45524630552822
160.45532248340095
160.45582429077365
160.45582787987675
160.4588559316643
160.4588813742635
160.45888138717487
160.46717515469592
160.4671816737382
160.46859053863082
160.4685933185501
160.4686167400906
160.4686175895202
160.46912044851416
160.46913506631608
160.46915289585417
160.4696553797863
160.46965538211123
160.4696553821236
160.469655424704
160.46965987333505
160.46978139481817
160.4698890081206
160.46989226211676
160.47003768848518
160.47003921432963
160.47010037967624
160.47010037673857
160.4701004085178
160.4708720473784
160.47089830648326
160.47091657527577
160.47108921758974
160.47109876929017
160.47110185670292
160.4711018580374
160.47117904677611
160.4711790507034
160.47148611119155
160.4710776314358
160.47117662042768
160.4714932319035
160.4718606016431
160.4719388793414
160.47224324772256
160.48054089542134
160.48054168506425
160.48356924722097
160.48387344720072
160.48395055781
160.48397613817855
160.48443402097743
160.48441587512576
160.48444955256392
160.4845041563988
160.48450418971083
160.4845042056555
160.48450421006967
160.4845042138652
160.49211732570063
160.49211732678384
160.49243406977675
160.4924380788077
160.49682005908838
160.49682009910845
160.49682085696455
160.4973337064319
160.49739507481195
160.4976699011925
160.49766990121873
160.49767606054658
160.49769279402014
160.49769279402014
160.4977482220473
160.49774975833822
160.49778037967027
160.49828116139835
160.4982934714522
160.49967346194478
160.49972637992488
160.4997571913976
160.50033737091397
160.50034160774803
160.50035133544122
160.50035133579743
160.50039687131255
160.50039911774115
160.50041086706585
160.50041824105892
160.50042982608778
160.50044013428646
160.50054834053782
160.50054834005977
160.50055482747968
160.50056711557275
160.5005737543949
160.5005842261078
160.50058462413912
160.50058255932936
160.50058262850825
160.50058273605063
160.5006180206937
160.50067269304213
160.5006977281805
160.50070022886626
160.50046798519548
160.50051491174457
160.50049386102165
160.5006977281805
160.5006910072878
160.50069626700247
160.50070643900935
160.50070821025687
160.50289151534838
160.50704390250115
160.5070461249479
160.50719355515338
160.5072806907736
160.50730156881164
160.50758681057246
160.5076422909863
160.50764313578014
160.50764313667324
160.50764313697758
160.50765897296705
160.507740463957
160.51413158190513
160.51423345240016
160.51424433245697
160.5142655817271
160.51427300470476
160.5143209219189
160.51437986782108
160.51439741422286
160.51462982048105
160.5146311065202
160.51463709255813
160.5148659445469
160.51486587200662
160.51638058568622
160.5163870054594
160.5163870119914
160.5163870119914
160.5163821256527
160.51638058568622
160.51638314884272
160.5163830287951
160.51638507408896
160.51645390717619
160.5164546770504
160.51646019867349
160.51721739472993
160.51721739804591
160.51722022647095
160.51722411698967
160.5174193926351
160.51741939740515
160.51742193119892
160.51754722860431
160.51754722928595
160.51755332538275
160.51755426179795
160.51755427299292
160.51754722860431
160.51755437625312
160.51755480484408
160.51755791244472
160.51755928558293
160.5175606179351
160.51756061856938
160.51756112247398
160.5175955424614
160.51759588459115
160.51759654504488
160.51797510201314
160.51797514297223
160.51797607375224
160.51797751410427
160.51797898003247
160.51804986068666
160.51814425245533
160.51852278423945
160.51859364422796
