with mode=0, handoff cost coefficient = 1.0
174.22586431126973
174.23780843150473
174.23780387484112
174.24546285545347
174.2800203350501
174.2791604809863
174.27914775171445
174.265509024749
174.2523768829498
174.2800203350501
174.30557482029405
174.30542110131563
174.3160586365201
174.3709605347572
174.37111425373564
174.36998817780946
174.36997737657015
174.3740526389048
174.3769696073275
174.3812929667783
174.38129331236186
174.38242748759401
174.39233589210266
174.3923398591915
174.38894983740974
174.40247477589034
174.40245022531153
174.40210742171223
174.42001545837078
174.4200112371568
174.42382099357883
174.42302312205808
174.4230195897924
174.42303782531363
174.4241653155597
174.43085348595608
174.43135805827453
174.43027611739134
174.43028509215887
174.43032250653087
174.43069380316612
174.4464630615691
174.44722394337
174.44203311370873
174.44013046985512
174.44043592306556
174.44031591949806
174.44722394337
174.474133314403
174.47371144989603
174.47388813687266
174.47389408225703
174.53050166208635
174.62231036306758
174.62232343337985
174.62247414338907
174.6225150755266
174.62386191083542
174.7154643998995
174.71715947116266
174.71745412232704
174.77431075438366
174.77595282267737
174.77595648407845
174.77563655257714
174.77506397958075
174.77514566889374
174.83260516703538
174.8326089129766
174.83948813855307
174.84334393098447
174.84252919581397
174.84159675126375
174.84272452411312
174.84224563226334
174.84334393098447
174.84334499828887
174.8433504076356
174.8433525003346
174.84797434775282
174.84818463045616
174.84974926002178
174.8503427882874
174.85196095161783
174.85350066182784
174.85350079730415
174.8577598991138
174.8582391397475
174.86080724120507
174.86051241818285
174.86073935574606
174.86171716279904
174.86171973848076
174.8618660572724
174.8629756205303
174.8643938265261
174.87892039855245
174.8790791432686
174.87915463357746
174.8788806626988
174.88207689767432
174.92747527493458
174.9312919607516
174.93143175244847
174.9314751826023
174.93198445056765
174.93602124246792
174.93608147555628
174.93614309288034
174.93615952207122
174.93954636129158
174.94301749123244
174.94301745402794
174.94308832016313
174.94384358623455
174.98959379050902
174.99244251314576
174.9924966921733
175.005546322925
175.02322401798773
175.02347249053258
175.02349718862905
175.02349778827005
175.02405420538324
175.0241525111679
175.02415295293457
175.0245853376617
175.02533260287444
175.0260186835502
175.0398719814695
175.06804339940032
175.11377443240505
175.11417281584167
175.11419275201646
175.1152972161957
175.11525808717263
175.1153212029171
175.1153220057829
175.11550943024855
175.11612325756352
175.11578359874807
175.14457170687808
175.14457334648034
175.16281330576174
175.16281352261257
175.1735317448107
175.1736484941219
175.1740303385332
175.17510759183077
175.1778175877077
175.19673777719652
175.19673816782839
175.19641955912007
175.20006017806517
175.20017893979917
175.20017921170293
175.20017929292982
175.20040433929344
175.20058158978523
175.20050917964093
175.20051024183022
175.2005343836654
175.2006067938097
175.20060664044786
175.20061035441194
175.20060965145777
175.20060991935225
175.20193136190133
175.20192764793723
175.20188655302337
175.2018869833084
175.20188792328815
175.20193136190133
175.20728681004482
175.20728792345594
175.20738338794547
175.2083609556822
175.20862388804917
175.20822770244945
175.20862388804917
175.2086242511944
175.2086394011431
175.2086395491069
175.20867581302687
175.21401151218595
175.21493917667016
175.2149392945302
175.21599240321723
175.2160032874252
175.21600356911128
175.21600354619835
175.21601590772363
175.217439912792
175.2174402451534
175.21807971959842
175.21806666671884
175.21803759724784
175.2181678490564
175.21816986019607
175.21820206446327
175.21820906625837
175.21907949289087
175.21907489596035
175.2334593817451
175.2334744784857
175.23343854647047
175.23347213770802
175.24718212335722
175.24719065977527
175.24732101605545
175.24755776652134
175.24761260109398
175.2476221622229
175.24765242787566
175.2541083620894
175.25410987621376
175.25427138716395
175.2542717351181
175.25531633532188
175.26973195219082
175.2699613752265
175.2699609904366
175.2843498028324
175.28467488991274
175.28473578916487
175.28866619903414
175.28872325909825
175.28888412029656
175.2905046810872
175.2905053298344
175.2905149212995
175.29056897294555
175.29066603941243
175.2906791448067
175.29169557582608
175.29169530311046
175.29169530530655
175.29170809592767
175.29547409414417
175.29547420184312
175.29671901532703
175.2969917878122
175.29699277321924
175.30328824690577
175.3034398721855
175.30445391358
175.3188927982624
175.3189034758981
175.31890579769163
175.31893575890038
175.3189463517874
175.32050455374912
175.32157625061393
175.32157723428907
175.3216608718551
175.32182663523457
175.3218804980321
175.32833730457156
175.3289857377088
175.32905454102993
175.32906303313206
175.32902878961775
175.32903720550914
175.3289915408741
175.32905454102993
175.3404932194836
175.3404941786013
175.3404824205537
175.3404731447324
175.34047317903133
175.34055519776064
175.34085018014272
175.340866352367
175.34086690328812
175.34804411062072
175.34833865256766
175.34834663476042
175.34835440609416
175.34838504035312
175.3483964247791
175.3484943717929
175.34850367214807
175.34936015195603
175.3565561574576
175.3565740556995
175.36324133096542
175.36328804152512
175.36598178196294
175.36598174913647
175.3690458194385
175.36904298201634
175.36904579359134
175.3690459472923
175.36906074431707
175.369045608167
175.36904634878297
175.36978648722558
175.3724786884043
175.3725029312541
175.3725026101134
175.3725076125745
175.37252707142872
175.37336689420079
175.37338990711459
175.3734737520656
175.37349274347548
175.3734929707215
175.3761819573071
175.37626999375829
175.3763372423306
175.37635116709257
175.3764012635241
175.37641084595336
175.37641064349413
175.37645305945608
175.37645309412642
175.37716106644882
175.3771507154132
175.37724715118964
175.3772652763038
175.37730500305963
175.3780439707774
175.3780312895385
175.3780314123024
175.37803141019316
175.37872023791437
175.37873708312063
175.3804894496114
175.38057082508604
175.38396244139267
175.38396281769985
175.3839628767285
175.38396575098167
175.38396579213074
175.38396244139267
175.38530639537865
175.38530639402242
175.38531929121783
175.38531957347504
175.38533887312084
175.3853408621932
175.38558947212283
175.3891819835614
175.38920474208993
175.38920478396142
175.38920563436085
175.38920704626202
175.38914819343768
175.38920474208993
175.38922427315683
175.38923692024474
175.38925039698364
175.3892509603297
175.3892530000444
175.38927810829787
175.3892786923655
175.38927880655814
175.389707858873
175.38987582997052
175.3898811720711
175.3899592004924
175.3899597819398
175.39175556811813
175.39175968222105
175.39176764046778
175.39173815748956
175.39174995130816
175.3917561455204
175.39175971551003
175.39263308010334
175.3926324939771
175.39263263483735
175.39263995825968
175.39264615287914
175.39335376264927
175.39343115840768
175.39355651046077
175.3935565157642
175.39356869769364
175.3935693507581
175.39357004311915
175.3935732027254
175.39359201310558
175.39438842439355
175.3943962793764
175.39482205784452
175.39489242956333
175.39489248807777
175.39668807467683
175.39669038030843
175.39670660180371
175.39670829892162
175.39687356024996
175.39690178948297
175.39758868526107
175.39765525101097
175.39768309000422
175.3976884319861
175.39768845050907
175.39768932546687
175.39769296061456
175.39769381369703
175.3976943937195
175.39776815927317
175.39777210637746
175.39856935761424
175.39858308689412
175.39871222843703
175.39871283367805
175.39873117348517
175.39918174767337
175.3991826481126
175.39930783419544
175.3993079259472
175.39930989302957
175.3993106761976
175.3993117174411
175.40111936602517
175.40111938456687
175.40112997240035
175.40224836291569
175.40232805198764
175.4024897445969
175.4025671758586
175.40256717680305
175.40256723094313
175.40256728115955
175.4025790676505
175.40258327364091
175.40325472211418
175.40331886530174
175.40332366555418
175.40332772995097
175.40333042855607
175.40349041573464
175.4036157488109
175.40361586561355
175.4036222761413
175.40374854596038
175.40376103771123
175.40388505306058
175.40394693906225
175.40396118283698
175.40414210754062
175.40414211227198
175.40429912209117
175.40429913840987
175.4043005696454
175.40437346446998
175.40438652209454
175.40450913342244
175.4045091797074
175.40450873789726
175.40451295834285
175.4073740907302
175.4073741051748
175.407574222028
175.4075742267626
175.40757704610832
175.40758098917965
175.4075819719173
175.407574222028
175.40767400661952
175.40768190695564
175.40769328699412
175.4077314719506
175.4077314722981
175.40773149555292
175.40773855341806
175.4077397778251
175.4077314719506
175.4077314731554
175.4079477120333
175.40794787991112
175.40816403931407
175.40820551446387
175.40820551905412
175.4082058582907
175.40865470905493
175.4091067790597
175.40982203729368
175.41010135627803
175.41010137771383
175.41010137901782
175.41011963571037
175.41011990165828
175.41012090053533
175.41083656399542
175.4108380107452
175.41083802016476
175.41084082420937
175.41084155831177
175.41083656399542
175.41083678025538
175.41083699291977
175.41092093199677
175.41092809789802
175.41092809996627
175.41094358140356
175.4109435819672
175.41094358140356
