with mode=3, handoff cost coefficient = 1.0
174.22586431126973
174.24934690161433
175.44012172139412
175.77228782845964
175.79225438037798
175.80032794064715
175.799728157194
175.86537980556147
177.00355504430763
177.30514967728197
177.31971625091745
177.3196701688703
177.3456530539872
178.02506169139312
178.04707560689698
178.2829264730206
178.32067733556846
178.31569760790148
178.31543154681628
178.60613736836748
178.61812213962446
178.6174178126075
179.0036255653633
178.99736323546318
179.6755852125093
179.6750132792646
179.67884680794208
179.69602002045298
179.9375236483886
179.93753735040065
179.93897474884403
179.93913812849723
180.58745886577196
180.5875664410684
180.9441107714365
180.96341108101095
181.1795057126768
181.2455968885593
181.253423963038
181.8325629686436
181.83609927251118
182.13400238114312
182.1339221709065
182.13381170119195
182.1535907337363
182.15335748964614
182.1538944738099
182.3455970534651
182.34561411943557
182.3666511307403
182.36646569679638
182.37934979887913
182.40077116012196
182.40656006372723
182.40248581006085
182.39170783892394
182.40255266145968
182.40465768560088
182.40716410152507
182.6597770933945
182.6595446123315
182.6745784048061
182.68269627477824
182.68527491589836
182.70253888026483
182.70858517873376
182.720476069763
182.722184578589
182.7229512172295
182.72319283931645
182.72314629642656
182.72314629642656
182.72314629642656
182.72314629642656
182.75247235643647
182.7617494710236
182.77332714187233
182.7732163074816
182.7736018117848
182.77345212632522
182.77345212632522
182.77345212632522
182.77345212632522
182.77345212632522
182.77345212632522
182.77345212632522
182.77345212632522
182.77345212632522
182.77345212632522
182.77345212632522
182.79599296158662
182.79657470887676
182.79839265497688
182.7984215400442
182.7984215400442
182.7996234735804
182.7996234735804
182.7996234735804
182.7996234735804
182.7996234735804
182.7996234735804
182.7996234735804
182.7996234735804
182.7996234735804
182.7996234735804
182.7996234735804
182.7996234735804
182.7996234735804
182.7996234735804
182.80055676292383
182.80071881660857
182.80156326584762
182.80169750636625
182.80169750636625
182.80169750636625
182.80169750636625
182.80169750636625
182.80169750636625
182.80169750636625
182.80169750636625
182.81879376476053
182.81273401400836
182.80955111638343
182.81557857252986
182.81557857252986
182.81557857252986
182.81503038310416
182.81503038310416
182.8169567252793
182.8169567252793
182.81806724139676
182.81811206041286
182.82133199568997
182.8212932883953
182.82252672955065
182.8267441373025
182.82678517628858
182.82677418046626
182.8249311271926
182.8249311271926
182.8249311271926
182.8249311271926
182.8249311271926
182.8249311271926
182.8249311271926
182.8249311271926
182.8249311271926
182.8249311271926
182.8249311271926
182.8296301861946
182.82961163393014
182.829643678847
182.83235460290578
182.83275743835335
182.83877062895093
182.83929194398047
182.84106375020235
182.84112615040488
182.84112615040488
182.84226882841745
182.84226882841745
182.8436386894723
182.8436386894723
182.8436386894723
182.8454308025503
182.8454308025503
182.84711753412867
182.84707721252312
182.84707721252312
182.84871950566566
182.84871950566566
182.84871950566566
182.84879770500507
182.84879770500507
182.9952488002981
182.99646779985903
182.9856030026532
182.98566302654632
182.98795997413077
182.98795997413077
182.98788692312303
182.98788692312303
182.99054899469752
182.99054899469752
182.99048787824412
182.99056261051777
182.99056261051777
182.99056261051777
182.9939234351925
182.9939234351925
182.9939234351925
182.9967132225086
182.99664110327777
182.99656620405082
182.99656620405082
182.99656620405082
182.99656620405082
182.99656620405082
182.99656620405082
182.99656620405082
182.99656620405082
182.99656620405082
182.99906690485042
183.00269396408498
183.00370029700272
183.00365822254895
183.00251952871344
183.00251952871344
183.00251952871344
183.00251952871344
183.00251952871344
183.00251952871344
183.00251952871344
183.00251952871344
183.00251952871344
183.00251952871344
183.00251952871344
183.00251952871344
183.00251952871344
183.00251952871344
183.00251952871344
183.00251952871344
183.00251952871344
183.00251952871344
183.00251952871344
183.00251952871344
183.00251952871344
183.00436677772726
183.00436677772726
183.00436677772726
183.00436677772726
183.00436677772726
183.00436677772726
183.00567334798504
183.00567334798504
183.00567334798504
183.00567334798504
183.00567334798504
183.00567334798504
183.00567334798504
183.00567334798504
183.00567334798504
183.00567334798504
183.00567334798504
183.00567334798504
183.00567334798504
183.00858406138363
183.00887249012249
183.00891999887307
183.00943235057957
183.00943235057957
183.00943235057957
183.00943235057957
183.00943235057957
183.00943235057957
183.00943235057957
183.01266240309502
183.01269849501273
183.01269258753774
183.01274456788036
183.01274456788036
183.01274456788036
183.01274456788036
183.01274456788036
183.01274456788036
183.01274456788036
183.01274456788036
183.01274456788036
183.01274456788036
183.01274456788036
183.01274456788036
183.01274456788036
183.01274456788036
183.01274456788036
183.01274456788036
183.01274456788036
183.01274456788036
183.01274456788036
183.01274456788036
183.01274456788036
183.01274456788036
183.01274456788036
183.01274456788036
183.01274456788036
183.01274456788036
183.01274456788036
183.01274456788036
183.01274456788036
183.01274456788036
183.01274456788036
183.01274456788036
183.01274456788036
183.01274456788036
183.01274456788036
183.01274456788036
183.01274456788036
183.01274456788036
183.01274456788036
183.01274456788036
183.01274456788036
183.01274456788036
183.01274456788036
183.01274456788036
183.01274456788036
183.01274456788036
183.01274456788036
183.01274456788036
183.01274456788036
183.01274456788036
183.01274456788036
183.01274456788036
183.01274456788036
183.01274456788036
183.01274456788036
183.01274456788036
183.01274456788036
183.01274456788036
183.01274456788036
183.01274456788036
183.01274456788036
183.01274456788036
183.01274456788036
183.01274456788036
183.01274456788036
183.01274456788036
183.01274456788036
183.01274456788036
183.01274456788036
183.01274456788036
183.01274456788036
183.01274456788036
183.01274456788036
183.01274456788036
183.01274456788036
183.01274456788036
183.01274456788036
183.01274456788036
183.01274456788036
183.01274456788036
183.01274456788036
183.01274456788036
183.01274456788036
183.01274456788036
183.01274456788036
183.01274456788036
183.01274456788036
183.01274456788036
183.01274456788036
183.01274456788036
183.01274456788036
183.01274456788036
183.01274456788036
183.01274456788036
183.01274456788036
183.01274456788036
183.01274456788036
183.01274456788036
183.07341287180134
183.07332951142718
183.07430329603068
183.07431590225454
183.07431590225454
183.07431590225454
183.07431590225454
183.07431590225454
183.07431590225454
183.07431590225454
183.07431590225454
183.07431590225454
183.07431590225454
183.07431590225454
183.07431590225454
183.07431590225454
183.07431590225454
183.07431590225454
183.07431590225454
183.07431590225454
183.07431590225454
183.07431590225454
183.07431590225454
183.07431590225454
183.07431590225454
183.07431590225454
183.07431590225454
183.07431590225454
183.07431590225454
183.07431590225454
183.07431590225454
183.07431590225454
183.07431590225454
183.07431590225454
183.07431590225454
183.07431590225454
183.07431590225454
183.07431590225454
183.07431590225454
183.07431590225454
183.07431590225454
183.07431590225454
183.07431590225454
183.07431590225454
183.07431590225454
183.07431590225454
183.07431590225454
183.07431590225454
183.07431590225454
183.07431590225454
183.07431590225454
183.07431590225454
183.07431590225454
183.07431590225454
183.07431590225454
183.07431590225454
183.07431590225454
183.07431590225454
183.07431590225454
183.07431590225454
183.25413923929733
183.25415713580696
183.2545871601895
183.25420092762815
183.25420092762815
183.25420092762815
183.25420092762815
183.25420092762815
183.25420092762815
183.25420092762815
183.25420092762815
183.25420092762815
183.25420092762815
183.25420092762815
183.25420092762815
183.25420092762815
183.25420092762815
183.25420092762815
183.25420092762815
183.25420092762815
183.25420092762815
183.25420092762815
183.25420092762815
183.25420092762815
183.25420092762815
183.25420092762815
183.25420092762815
183.25420092762815
183.25420092762815
183.25420092762815
183.25420092762815
183.25420092762815
183.25420092762815
183.25420092762815
183.25420092762815
183.25420092762815
183.25420092762815
183.25420092762815
183.25420092762815
183.25420092762815
183.25420092762815
183.25420092762815
183.25420092762815
183.25420092762815
183.25420092762815
183.25420092762815
183.25420092762815
183.25420092762815
183.25420092762815
183.25420092762815
183.25420092762815
183.25420092762815
183.25420092762815
183.25420092762815
183.25420092762815
183.25420092762815
183.25420092762815
183.25420092762815
183.25420092762815
183.25420092762815
183.25420092762815
183.25420092762815
183.25420092762815
183.25420092762815
183.25420092762815
183.25420092762815
183.25420092762815
183.25420092762815
183.25420092762815
183.25420092762815
183.25420092762815
183.25420092762815
183.25420092762815
183.25420092762815
183.25420092762815
183.25420092762815
183.25420092762815
183.25420092762815
183.25420092762815
183.25420092762815
183.25420092762815
183.25420092762815
183.25420092762815
183.25420092762815
183.25413923929733
