with mode=1, handoff cost coefficient = 1.0
174.22586431126973
174.31053623412268
174.31841122770345
174.3478439119667
174.37052752571933
174.4217065850292
174.4428432807549
174.4744960328028
174.50958160850232
174.59035059706287
174.5936937456992
174.65530645046655
174.70624154285522
174.71872951734179
174.7564603674419
174.7671893353201
174.79632305195793
174.8269560267695
174.84434402549869
174.87790045396076
174.89769184582497
174.93911434768864
174.94385744562996
174.97419708235273
175.02186232423125
175.08617599003847
175.11496990548704
175.143874278501
175.15074543659904
175.19883745316034
175.24177751658974
175.27574552886952
175.29343409962635
175.40879519862273
175.45311040262277
175.46763724304415
175.47982625186722
175.4916692461205
175.5115630796483
175.56849103798405
175.6030087354904
175.62285210050138
175.67320234863894
175.68635375340432
175.72939505293087
175.772830136992
175.81816697252975
175.85935373046271
175.88884307126557
175.9275003258062
175.92743303281227
175.9732143841099
176.00125138265545
176.03459209344797
176.07226222211995
176.1196337127698
176.13086385468253
176.14337244705874
176.14388862222603
176.15798742687267
176.16007837822752
176.2055847923699
176.22321244198136
176.24022307343452
176.24151142620707
176.25882034977207
176.25682045110466
176.26121348028752
176.30961555149477
176.31098516312653
176.3124741110459
176.34393210581283
176.41664163213966
176.41892669288703
176.42117597260483
176.45493488946207
176.49538229459267
176.5069045308233
176.50769588460463
176.5094316871139
176.5074293471515
176.5093271155812
176.5274568290596
176.55660175241414
176.60126122823408
176.6333278815811
176.63255861240083
176.68956573116125
176.7184409048166
176.71591043803465
176.7629414285059
176.76247877999774
176.7824469906867
176.81933499410675
176.82908875123658
176.85595963524833
176.87301879186373
176.87689253599441
176.87526361039068
176.93380140305328
176.93954186186917
176.94294295256884
176.94527749788872
176.99153127145033
177.00216358036607
177.00814587999278
177.05630791907248
177.0581373794648
177.08826439241744
177.09905327623272
177.13507029288849
177.13431136363377
177.1635384797142
177.17563980271566
177.1891405197311
177.23464928636025
177.25004128079578
177.25301333125233
177.25436707553152
177.28388962655686
177.30912390922194
177.3641082590988
177.44554267357017
177.5027209712262
177.51368569545
177.52975307427585
177.58339032237112
177.6208325563289
177.62061831375792
177.63309497773537
177.63428051327278
177.68843713550007
177.7078915273025
177.73591146525845
177.74469969402153
177.7479667000888
177.82192069853758
177.83116277676697
177.86960170604874
177.89816304724394
177.905449659585
177.96271330923852
177.9765322481342
177.97823741844923
177.99212322025278
177.9930988492051
177.99423628089625
177.99518153240857
178.01734788228774
178.01659719297967
178.046329927813
178.10284800770575
178.11266034198775
178.1239284437804
178.12516534423798
178.13393341176337
178.15133612347012
178.15100027181285
178.21765504107216
178.2703854588496
178.30364000347902
178.34953467736304
178.41649540507495
178.47753876995094
178.47692867271567
178.51053292102466
178.51145443076564
178.51817828933702
178.57723852959595
178.62144695897996
178.6543138936389
178.69514214521277
178.6948424880364
178.76357284816874
178.76426996090873
178.82460271779198
178.8464546089918
178.87440266596235
178.88432530257387
178.9261759496505
179.0108040107688
179.03876385009534
179.0975984248702
179.12326004714998
179.1226382618612
179.1502419875614
179.1521910553979
179.1654466615842
179.16590745063868
179.167054851666
179.18157038537083
179.18282412999903
179.2203454195128
179.2232804383837
179.2410998712327
179.24374937195685
179.2457707454607
179.2500613382969
179.32600710478536
179.33856016571863
179.33787702535105
179.3361057737231
179.3551925191608
179.35283451473094
179.35493753273232
179.35418214719252
179.35440100394155
179.40339528593339
179.40609456877888
179.44227314412757
179.45118463970334
179.4540047547292
179.49606046996874
179.5694154120471
179.6123268073483
179.62649784024495
179.6504711215815
179.71140496630406
179.7386945609865
179.76757425758183
179.80679846657574
179.85334489812885
179.8570167993295
179.89926604718528
179.9161205919327
179.9174071462207
179.9277194966736
179.92601316576366
179.95338893109044
180.00055031526946
180.07283604481705
180.08315728689348
180.12838385437996
180.15539301342832
180.1824826350371
180.21127717588303
180.23503053793195
180.29265157596586
180.30614221726924
180.3208793669507
180.34673218043426
180.39407562096184
180.39416298286903
180.40565565699112
180.40594658874446
180.40686631405927
180.40699961357012
180.41708487088496
180.45608815401658
180.50083770515468
180.58839364992184
180.63049506062345
180.6295768570585
180.67308106084056
180.6746629877756
180.7000311915291
180.7005612067092
180.69971555702566
180.70136093188347
180.70181616361455
180.71277137722757
180.73031781430333
180.78666252508202
180.81292675517454
180.82155309625574
180.8217690603385
180.82355463980898
180.84406845503423
180.86454883788778
180.90428694789998
180.90546791836874
180.93496562140135
180.9724579861185
180.97118944835745
180.975943689738
180.97868203447084
181.00519601159127
181.03425501912943
181.1042286732936
181.1035280267191
181.10167212033176
181.09925250328732
181.09790410175688
181.12663932769954
181.15110397711624
181.17010294936136
181.17477988581427
181.1958676660321
181.1959137699093
181.25585720765275
181.25625693795212
181.2564856486198
181.26020355605
181.2620785238148
181.2853930232318
181.2846149273082
181.30800889036277
181.319271224
181.3283385065207
181.3351144361481
181.33437952500478
181.34328614666762
181.36992488527986
181.36930279029622
181.42254578579553
181.46294184062705
181.4651831304544
181.49124542528784
181.51644150147823
181.51523206278793
181.60023854023322
181.61682348179022
181.64110476921653
181.6444124000237
181.64395801515275
181.6670574150521
181.6900834184216
181.68948129773247
181.6877010860488
181.69186328659697
181.6915745153264
181.69775464584308
181.70954131184408
181.73728288468945
181.73667156391593
181.7399991779164
181.74151191637498
181.75561636509633
181.75884951668655
181.75949507538908
181.77244478650735
181.77076790326828
181.77943129819124
181.77920767070066
181.7793507552984
181.82858224707363
181.83183863044817
181.87607485368244
181.8787927772472
181.88820650174344
181.88783956925698
181.92920113715232
181.9439138501405
181.9431376336314
181.97937312556147
181.98033391894006
182.02033688798542
182.0214790589002
182.02276448149414
182.03323101533888
182.04691091789923
182.04722045449952
182.04875027327284
182.04635576968977
182.04854022528556
182.05033927958564
182.05194152315718
182.05364606680007
182.06427993927377
182.09829639865242
182.10062487572526
182.1004440002234
182.10226379691764
182.1136695195937
182.1364367952885
182.18043122885075
182.2091653720752
182.22037815081887
182.21829444146448
182.2168216545194
182.2243720698596
182.22165626321325
182.22572911903683
182.22581015134864
182.23970625684856
182.25205948941908
182.25216247252453
182.25506663998652
182.27349299531372
182.27488498542345
182.27596144747542
182.2894698892482
182.28954327232233
182.30354381229765
182.30243168868
182.30177024305388
182.34802702201694
182.40331961898454
182.4066874186445
182.41777754648373
182.44709698822658
182.4859952903903
182.51601735467386
182.56096121920274
182.56001728615462
182.56971240768485
182.57179471995983
182.57099627463333
182.5718134456014
182.56942625577454
182.57211559238556
182.62420504147684
182.6380233170977
182.6411270005409
182.64110960250554
182.63996292097664
182.64958333893588
182.7034782539142
182.7059629661291
182.7213178326102
182.72131858492682
182.73432818086027
182.7448053000313
182.76889648861956
182.76930961206853
182.83300336067006
182.83266257960074
182.83253042159856
182.86094316255156
182.86111581074294
182.86933221573958
182.92727600583868
182.93046363040102
182.9484560244477
182.95770094470944
182.95791029766588
182.95689307919642
182.95819307629924
182.9580991989507
182.95945803544598
182.96792235461015
183.0026940682142
183.02351097247742
183.03559716946145
183.04616101189373
183.09187245534926
183.1182142433389
183.12966265534885
183.12685577574905
183.13992710540657
183.1408899613267
183.142015229585
183.18364626814883
183.19266663127326
183.23397078993227
183.27381806846063
183.30636051850803
183.31882398096215
183.31613781352019
183.31596451807175
183.33180423754067
183.33420076615195
183.33569614741597
183.33918074839008
183.34225412924553
183.34392770966426
183.34558429867585
183.345646074306
183.3598159726326
183.35749941238052
183.35599866451705
183.35692796025705
183.39045759231078
183.38961690704392
183.40160280184435
183.41844004734406
183.4165313791932
183.44327053678188
183.44524730106178
183.47575841192327
183.50269560052448
183.50307266937713
183.55971364318373
183.56930071582747
183.58027603755173
183.59409395338818
183.64844353010162
183.6573376544977
183.65678019260724
183.68063878461263
183.69024387799803
183.68931491402955
183.69092528612325
183.70369785865037
183.71424794850478
183.7262984273563
183.75795088752332
183.75828280890087
183.76112263371306
183.77683774946703
183.78605925753072
183.79970790357964
183.8016202643291
183.82168385724987
183.87555961027545
183.8724932816456
183.87801002641697
183.89959657546177
183.89995476648056
183.90007386790617
183.90807659935857
