with mode=1, handoff cost coefficient = 1.0
168.0155889081914
168.02550468778915
168.08996999382703
168.1196221639167
168.15150765949295
168.18964108166915
168.20479984081297
168.2115005439282
168.23242458407645
168.28150513540396
168.3027901733804
168.31400123585536
168.36605188659152
168.38965980580429
168.40239345462265
168.44481937326728
168.4866543560193
168.49509633929048
168.56346766914282
168.578711212668
168.59362896296298
168.59708757144355
168.60181722022358
168.66678322685266
168.675392478425
168.7493674821784
168.76430174739576
168.77553602603712
168.79641478958592
168.80556437610997
168.82951579274265
168.83997200030566
168.8699247674135
168.91666920639665
168.9277602091933
168.9412660043381
168.994893389816
169.00163236548963
169.00792946439282
169.06538628166763
169.08100263391475
169.1320697628457
169.1340615251047
169.18037889906066
169.22976013641153
169.23982076811717
169.24627142650883
169.26672405967562
169.2750524642016
169.3220171391746
169.33185010781563
169.33014592030526
169.33157425170327
169.37714002942482
169.39288141927017
169.44292632507606
169.45073499622632
169.49191831412975
169.50055785986814
169.53863407252004
169.5546492912252
169.5598279460946
169.56602994621744
169.56829351027767
169.6264109569029
169.63585513843535
169.72657886546222
169.77759935593977
169.7816930009891
169.80144031631806
169.81668984999948
169.85913955225655
169.87682758746033
169.87773768624905
169.88260822989727
169.87962193190512
169.89137859475784
169.91608042242345
169.92366857604136
169.928633271725
169.92971681600017
169.93060500174522
169.9483187070324
169.96615674442424
170.00724594543402
170.02012935010114
170.03095373807633
170.10592544964092
170.16419647150698
170.19473265214623
170.29044328760483
170.29668521250196
170.3101210760691
170.31143436239216
170.32887636981172
170.3306486255062
170.39736164895638
170.42473097705565
170.43038177220052
170.47306728879482
170.47336691591286
170.5053073256838
170.54181232070968
170.557142874179
170.56368997048
170.56510757132315
170.56403023491595
170.5689680297237
170.6288177354373
170.65866820676297
170.6671105938093
170.6692264511231
170.70687736517493
170.75705127406616
170.80811186507336
170.86356048257954
170.9603197353985
171.04829183177458
171.05802961497022
171.07211413119518
171.08552897997234
171.13747187257192
171.17108364992646
171.22220125071337
171.2275650280549
171.29476978214356
171.30786526020466
171.35232054826403
171.39312393048544
171.39252210947814
171.450768857139
171.50412696305298
171.50711807830152
171.51491782220833
171.55542537714314
171.55577644862558
171.56964978801395
171.61027311378817
171.60964278776973
171.67827535991742
171.69616410556165
171.73807501187065
171.74863909917943
171.7605347760364
171.7737653381463
171.80209068589392
171.80704175858367
171.8192582242168
171.82085659024358
171.9006020132195
171.90793941290374
171.95460395373394
171.96126441892628
171.9558949373913
171.9680380712322
171.9671189930397
171.98082461188113
171.99103625859553
171.99151468478883
172.0678332388499
172.07626387576474
172.0885109280518
172.10017243110872
172.0988756641429
172.10395200275576
172.11199198649166
172.1117285195947
172.11923942081393
172.1320499225386
172.1604530244835
172.1947494554865
172.24521686682718
172.24535931602492
172.2579027251624
172.33059589278866
172.34737723043918
172.35538781650553
172.35898749673186
172.35703501085177
172.3986418639127
172.40281418118417
172.40234691742174
172.5080290347561
172.55945785400138
172.60461685582865
172.61755791940138
172.6756143699355
172.7331983867209
172.73454896774356
172.78470112739612
172.82208962556646
172.85006296516733
172.863277140903
172.8965692337878
172.89606573325412
172.89856215958338
172.898836887914
172.9110641550111
172.94918758158866
173.00954252765783
173.0137148848066
173.01535382784823
173.0189164305041
173.04494486993434
173.08970798869808
173.11317180795393
173.11792683454385
173.14579363882038
173.1468978443801
173.14403821915695
173.14478274250567
173.14487414924133
173.1434155310946
173.1468978443801
173.15325231628174
173.15318325197399
173.18905464752552
173.1899307852153
173.19127158754637
173.19480927885127
173.21614483351811
173.23744822349622
173.26235794366124
173.26970646770744
173.27110217187092
173.27333965240007
173.2801461567936
173.280722338521
173.28229092452702
173.30045526456135
173.30086450842398
173.3018341068762
173.3031026742467
173.3034111770628
173.30730459349095
173.33284255089373
173.33612909115737
173.3363047880162
173.35943348183656
173.37982186015094
173.3811954273677
173.4182071787322
173.42033954957543
173.4439776656398
173.44877371269916
173.4616659274545
173.48220347994388
173.53336085734466
173.534103115476
173.55103129917535
173.57480709007564
173.57558437989726
173.57608337210337
173.60198629526667
173.62340657219931
173.6493723145312
173.6512573424704
173.65247879253496
173.65751131627854
173.65851649390413
173.65933477695813
173.65933853755385
173.6641383784542
173.66488911991092
173.6833257188031
173.70772769937741
173.7091109273387
173.7100884971074
173.71218001892896
173.71897750958271
173.72420578752238
173.74273439234022
173.7439052408963
173.7452992045322
173.75814324914992
173.77046979696914
173.77109443497227
173.77233210638735
173.77294106434138
173.7726596549083
173.77302630035575
173.77909726621147
173.77993959853814
173.7853391545051
173.82699287742724
173.8337169836474
173.8540498677689
173.85827225232546
173.89049894634923
173.9161522776154
173.93498057928915
173.93891449958812
173.9664566109608
173.989977765905
173.98994404530046
173.98988629914302
173.99425568556575
173.99413627153027
174.0067998699612
174.0126366228524
174.03671545258533
174.03614155033392
174.04863331514747
174.05288169442963
174.05375379206842
174.09715353788982
174.12088037181505
174.1208620951203
174.12258762315338
174.12762015042597
174.1276323251414
174.1347899750525
174.13452041237687
174.1354424752008
174.16770451959275
174.1677132627428
174.19583225271975
174.2118045519668
174.21476619376205
174.21476486565754
174.21789025550143
174.2177258021313
174.24284088425765
174.24981545605021
174.27690344643995
174.28318597984003
174.28332596513067
174.28367459105033
174.31270893288396
174.31271714528665
174.3129580197137
174.31324826915744
174.3341243601845
174.33918712550948
174.35130030597963
174.35505381630725
174.36108344510527
174.38390091162785
174.38857176157035
174.42408672035015
174.42395823077948
174.42454177456747
174.42491823322214
174.4590883220147
174.45966645993508
174.47222421675775
174.4920691902135
174.4922006668576
174.5206679457899
174.5199151261624
174.52037423996603
174.5236141130204
174.54823315700415
174.5489633996896
174.58776654275104
174.59266848893085
174.62610790120385
174.62619987089977
174.63883952858419
174.66258684508472
174.6627305209079
174.6672735570033
174.66750455775022
174.6930318084693
174.69315059556718
174.693965876706
174.71711322869083
174.74176508967608
174.7486706854052
174.74873821198625
174.75409987381067
174.7595594817219
174.7768003794997
174.78184416227802
174.80706265753773
174.82707753516453
174.833039087541
174.8542478826586
174.85503786034266
174.8547552029409
174.86156766402868
174.8812655893127
174.9261691546299
174.92741786441616
174.95108852557632
174.9786619180794
174.98229672983072
174.98585632581404
174.98910096609364
174.9993109817427
174.999413700393
175.00511772945995
175.0301212690514
175.05325381309595
175.0564915332789
175.05639918629691
175.05739840695654
175.0810416662393
175.09413583297024
175.12480709167613
175.1290699185132
175.14869571061945
175.14859889052926
175.14882602616277
175.1535435669705
175.15716232330303
175.15706118323692
175.1577520615385
175.16973450347592
175.16991846208347
175.17395059008848
175.17374632201987
175.17511367545816
175.1750336621725
175.17522904112118
175.1963295101565
175.20818724415966
175.24855951876663
175.27211219012003
175.27552552683537
175.28417012285786
175.2843711420372
175.28432760909325
175.28469234451055
175.30765810884597
175.33328911647655
175.3739819414675
175.37884466030724
175.38411979560078
175.40451870283084
175.40416538969484
175.41697176704434
175.41700383451348
175.43323331487795
175.46739853288773
175.51469636019104
175.5428385130398
175.54317792037705
175.54372674612432
175.5437078462532
175.5547480605011
175.55407695436273
175.55942901990045
175.56384699577748
175.56473565973263
175.59967626736295
175.63150517592857
175.64391713319282
175.65527636276525
175.66725425926634
175.70470269341644
175.70837250732063
175.7319927983252
175.73182832300435
175.73218308740323
175.75543735167466
175.75538529103076
175.7551038669394
175.7551693995746
175.7588635699446
175.77022359419365
175.79702497875854
175.79801953291974
175.79807405231037
175.80926819738818
175.83256650439435
175.85464216681711
175.85477762441425
175.88509932710284
175.886009031277
175.88681038879236
175.88663372079225
175.88718300084034
175.88726711431588
175.89288519174974
175.92373038457927
175.92400750021667
175.92487444095667
175.93369846964026
175.9335339151109
175.93354209650008
175.94619600827713
175.96915838034528
175.96909719912983
175.9924458658802
176.0157193798653
176.02046923526115
176.02046234706665
176.02020641111267
176.02074710175634
176.02060521764776
176.0207421452702
176.03216653961923
176.03753079553513
176.03698964321885
176.0413610218002
176.0415297459668
176.05874390155742
176.06992905485038
176.07007866772074
176.07516492397292
