with mode=3, handoff cost coefficient = 1.0
168.0155889081914
168.3139130139746
168.33542443166522
168.47998872793798
168.51101116204563
169.7165215112308
170.52212922619907
171.01939215628656
171.01385198473005
172.0598796572412
172.1177226416654
172.35039049365912
172.37627661001204
172.4102541534464
172.44100833824362
172.43993031447246
172.47591625470324
173.6223515000684
174.28917015865508
174.3285226376176
174.37746307789263
175.33628286991544
175.35153690333314
175.56310809736019
175.5662523087746
175.9849701468625
175.96445758022432
175.96531047035242
175.98528779621134
175.98528779621134
176.00463053720694
176.31048694084004
176.35957083008745
176.55118608349852
176.55559649608688
176.57359815261808
176.57288020399565
176.57814135488655
176.57840206640054
176.57939688716888
176.57989296329046
176.57989296329046
176.75058306820623
176.75059835334446
176.74176974856914
176.73606205552562
176.7609454425385
177.01812651389434
177.02149314768224
177.02176847719994
177.02177352313913
177.0217708313404
177.0217708313404
177.17140067231622
177.17140366725357
177.18248697954277
177.1820924803505
177.19406774303906
177.19468518728766
177.19472804329774
177.19472153683682
177.19472153683682
177.19472153683682
177.19472153683682
177.19472153683682
177.19472153683682
177.19472153683682
177.19472153683682
177.21284693837205
177.21297801453687
177.21297176490543
177.21533979705217
177.215341325523
177.21594786831585
177.21589639011881
177.21589639011881
177.21589639011881
177.21589639011881
177.21589639011881
177.21589639011881
177.21589639011881
177.21589639011881
177.21589639011881
177.21589639011881
177.21589639011881
177.22121560662168
177.22118263205923
177.2211730067993
177.22101889495963
177.22101889495963
177.22101889495963
177.22101889495963
177.22101889495963
177.2368372051184
177.2370199062919
177.23869215136537
177.23864552290908
177.23862304956629
177.24272293951228
177.2427581180077
177.24277451394377
177.24402021671827
177.24402021671827
177.24402021671827
177.24402021671827
177.24402021671827
177.24402021671827
177.24402021671827
177.24402021671827
177.24402021671827
177.24402021671827
177.24402021671827
177.24402021671827
177.24402021671827
177.24402021671827
177.24402021671827
177.24402021671827
177.24402021671827
177.24402021671827
177.24402021671827
177.24402021671827
177.24402021671827
177.24402021671827
177.24402021671827
177.24402021671827
177.24402021671827
177.24402021671827
177.24402021671827
177.24402021671827
177.24402021671827
177.24402021671827
177.24402021671827
177.24402021671827
177.24402021671827
177.24402021671827
177.2458443336169
177.2467499377497
177.2479661994622
177.24796543319755
177.24796543319755
177.24796543319755
177.24796543319755
177.24796543319755
177.24796543319755
177.24796543319755
177.24796543319755
177.24796543319755
177.24796543319755
177.24796543319755
177.25097010792845
177.2509474564045
177.2509432092153
177.2509432092153
177.2509432092153
177.2509432092153
177.2509432092153
177.2509432092153
177.2509432092153
177.2509432092153
177.2509432092153
177.2509432092153
177.2509432092153
177.2509432092153
177.2509432092153
177.2509432092153
177.2509432092153
177.25276410380903
177.25276244779528
177.25276267951494
177.25277186476336
177.25277186476336
177.25277186476336
177.25277186476336
177.25277186476336
177.25277186476336
177.25277186476336
177.25277186476336
177.25277186476336
177.25277186476336
177.25277186476336
177.25277186476336
177.25277186476336
177.25277186476336
177.25277186476336
177.25277186476336
177.25277186476336
177.25277186476336
177.25277186476336
177.25277186476336
177.25277186476336
177.25277186476336
177.25277186476336
177.25277186476336
177.25277186476336
177.25277186476336
177.25277186476336
177.25277186476336
177.25277186476336
177.25277186476336
177.25277186476336
177.25277186476336
177.25277186476336
177.25277186476336
177.25277186476336
177.25277186476336
177.25277186476336
177.25277186476336
177.25277186476336
177.25277186476336
177.25277186476336
177.25277186476336
177.25277186476336
177.25277186476336
177.25277186476336
177.25277186476336
177.25277186476336
177.25277186476336
177.25277186476336
177.25277186476336
177.25277186476336
177.25277186476336
177.25277186476336
177.25277186476336
177.25277186476336
177.25277186476336
177.25277186476336
177.25277186476336
177.25277186476336
177.25277186476336
177.25277186476336
177.25277186476336
177.25277186476336
177.25473203406855
177.25472542336098
177.2547207248255
177.25592489609113
177.25592489609113
177.25592489609113
177.27685433536908
177.2768566438795
177.2768631816874
177.27641081349446
177.2790486169592
177.28889162763866
177.28934652785512
177.28865076590483
177.2877478202605
177.2877478202605
177.2877478202605
177.2877478202605
177.2877478202605
177.2877478202605
177.2877478202605
177.2877478202605
177.2877478202605
177.2877478202605
177.2877478202605
177.2877478202605
177.2877478202605
177.2877478202605
177.2877478202605
177.2877478202605
177.2877478202605
177.2877478202605
177.2877478202605
177.2877478202605
177.2877478202605
177.2877478202605
177.2901359624889
177.2901359624889
177.29078074672535
177.29174308646972
177.291735991547
177.2923371170648
177.2923371170648
177.2923371170648
177.2923371170648
177.2923371170648
177.2923371170648
177.2923371170648
177.2923371170648
177.2923371170648
177.2923371170648
177.2923371170648
177.2923371170648
177.2923371170648
177.2923371170648
177.2923371170648
177.2923371170648
177.2923371170648
177.2923371170648
177.2923371170648
177.29475789064026
177.2947563158129
177.29477109198933
177.29708195444823
177.2971182831494
177.2970777891322
177.2970778136885
177.2970778136885
177.2970778136885
177.2970778136885
177.2970778136885
177.2970778136885
177.2970778136885
177.2970778136885
177.2970778136885
177.2970778136885
177.2970778136885
177.2970778136885
177.2970778136885
177.2970778136885
177.2970778136885
177.2970778136885
177.39955308718416
177.3995591366403
177.39955973668452
177.3995279449689
177.3995279449689
177.3995279449689
177.3995279449689
177.3995279449689
177.3995279449689
177.3995279449689
177.3995279449689
177.3995279449689
177.3995279449689
177.3995279449689
177.3995279449689
177.3995279449689
177.3995279449689
177.3995279449689
177.3995279449689
177.3995279449689
177.3995279449689
177.4626017900759
177.46268839764008
177.46324003609072
177.46298340984694
177.46298340984694
177.46298340984694
177.46298340984694
177.46298340984694
177.46298340984694
177.46298340984694
177.46298340984694
177.46298340984694
177.46298340984694
177.46298340984694
177.46298340984694
177.46298340984694
177.46298340984694
177.46298340984694
177.46298340984694
177.46298340984694
177.46298340984694
177.46298340984694
177.46298340984694
177.46298340984694
177.46298340984694
177.46298340984694
177.46298340984694
177.46298340984694
177.46298340984694
177.46298340984694
177.46298340984694
177.46298340984694
177.46298340984694
177.46298340984694
177.46298340984694
177.46298340984694
177.46298340984694
177.46298340984694
177.46298340984694
177.46298340984694
177.46298340984694
177.46298340984694
177.46298340984694
177.46298340984694
177.46298340984694
177.46298340984694
177.46298340984694
177.46298340984694
177.46298340984694
177.46298340984694
177.46298340984694
177.46298340984694
177.46298340984694
177.46298340984694
177.46298340984694
177.46298340984694
177.46298340984694
177.46298340984694
177.46298340984694
177.46298340984694
177.46298340984694
177.46298340984694
177.46298340984694
177.46298340984694
177.46298340984694
177.46298340984694
177.46298340984694
177.46298340984694
177.46298340984694
177.46298340984694
177.46298340984694
177.46298340984694
177.46298340984694
177.46298340984694
177.46298340984694
177.46298340984694
177.46298340984694
177.46298340984694
177.46298340984694
177.46298340984694
177.46298340984694
177.46298340984694
177.46298340984694
177.46298340984694
177.46298340984694
177.46298340984694
177.46298340984694
177.46298340984694
177.46298340984694
177.46298340984694
177.46298340984694
177.46298340984694
177.46298340984694
177.46298340984694
177.46298340984694
177.46298340984694
177.46298340984694
177.46298340984694
177.46298340984694
177.46298340984694
177.46298340984694
177.46298340984694
177.46298340984694
177.46298340984694
177.46298340984694
177.46298340984694
177.46298340984694
177.46298340984694
177.46298340984694
177.46298340984694
177.46298340984694
177.46298340984694
177.46298340984694
177.46298340984694
177.46298340984694
177.46298340984694
177.46298340984694
177.46298340984694
177.46298340984694
177.46298340984694
177.46298340984694
177.46298340984694
177.46298340984694
177.46298340984694
177.46298340984694
177.46298340984694
177.46298340984694
177.46298340984694
177.46298340984694
177.46298340984694
177.46298340984694
177.46298340984694
177.46298340984694
177.46298340984694
177.46298340984694
177.46298340984694
177.46298340984694
177.46298340984694
177.46298340984694
177.46298340984694
177.46298340984694
177.46298340984694
177.46298340984694
177.46298340984694
177.46298340984694
177.46298340984694
177.46298340984694
177.46298340984694
177.46298340984694
177.46448332666188
177.46521866094562
177.4652188716034
177.46455240650468
177.46455240650468
177.46455240650468
177.46455240650468
177.46455240650468
177.46455240650468
177.46455240650468
177.46455240650468
177.46455240650468
177.46455240650468
177.46455240650468
177.46455240650468
177.46455240650468
177.46455240650468
177.46448332666188
