with mode=0, handoff cost coefficient = 1.0
168.0155889081914
168.11960628769023
168.11959767954735
168.14571166355995
168.14313252990945
168.15203373234758
168.1623969859125
168.14570078567942
168.15462651474883
168.17702377913946
168.18811584477186
168.18798712231342
168.18746584983546
168.22072082612064
168.2736997338505
168.27171820641354
168.2868098233165
168.28693928507624
168.28890641429712
168.28890750653096
168.28937764738353
168.28937768856153
168.32106625156493
168.32139303183595
168.3228598639613
168.31670939253075
168.31668698103834
168.32012737206128
168.32012868226747
168.7063696895364
168.71371545280812
168.7229442806016
168.7441104578583
168.75267685659455
168.73942270715784
168.7393171109497
168.8310375465201
168.83103807847314
168.91894511172117
168.91896456314842
168.91896364737258
168.90934262473715
168.91451751680694
168.9686270725509
168.9940528807534
168.96461630686693
168.99801094179222
169.04564110716657
169.0461753440146
169.3779520124902
169.3779514312285
169.38231304645146
169.3860498180295
169.38761283599385
169.40200314190474
169.4020037231664
169.40078383974952
169.41476562989268
169.4223445996818
169.7505451876365
169.7465178484571
169.80212106154846
169.83686860763586
169.8397847118547
169.92483427801665
169.9253790109652
169.92510535458834
169.9257109112848
169.921085658796
169.9211632870914
169.90956154642038
169.93029072906236
169.95251040895693
169.95334173802607
169.9533435802424
170.3298816031109
170.37781252933763
170.36654231132283
170.36654489524898
170.37078132784896
170.3721818448435
170.37781252933763
170.3810626061883
170.3811603942284
170.38116244962475
170.38290063982902
170.38290118587963
170.3780219245216
170.37396650124583
170.3819976528086
170.3973652366601
170.3981300165301
170.39813154760895
170.40016033648521
170.40086951337383
170.58577917815518
170.58728847475453
170.5877860588455
170.58782720133613
170.58859668226958
170.59134355811065
170.59134700286185
170.59312755839642
170.5940262485998
170.60097188394445
170.650616237856
170.6528909745754
170.65824628318796
170.65962617248212
170.65962353496676
170.66429506867166
170.6644543386454
170.6647813563472
170.7906774446645
170.789920386804
170.95181354593714
170.95248231469338
170.95248241400486
170.9525618409982
170.9525619131034
170.99240807312015
170.99406645005314
170.99757751859687
170.99816066555113
170.99854327966202
170.99059324180436
171.04010891040167
171.04075313582112
171.03451171054965
171.035075589132
171.0345186758863
171.03451861776975
171.04075313582112
171.04218729413063
171.04578375796373
171.05296317032864
171.05541351823447
171.05599849528787
171.14751439833057
171.14961457982142
171.1496578077045
171.15014350988974
171.15021320557113
171.1513230732254
171.1513230630414
171.15371976649925
171.15333216492184
171.15303251362897
171.1531255006433
171.21452509702232
171.2144514146449
171.23912933859472
171.2390718664723
171.23952613048687
171.23990020043104
171.24063034924353
171.24063055440402
171.24072453732632
171.24070803271638
171.242570904028
171.32288428695986
171.32342804454433
171.32448140452485
171.40402884916813
171.40413462560343
171.41270507666962
171.41271544286846
171.43724586482094
171.51719326793028
171.52578891578472
171.5264471412789
171.5272849670146
171.52750303805672
171.5274483202445
171.52733109437273
171.52920543037374
171.52925767816942
171.53000096477263
171.55444906114855
171.55532634090707
171.55577400074668
171.56180371371374
171.5811028856561
171.64191776952242
171.64111048004196
171.64729945509865
171.65322849627555
171.65536043924263
171.6644700228869
171.66541719919897
171.66592975781734
171.66618041325722
171.66804726715074
171.66822062315325
171.66937576188528
171.76053694572244
171.75929821491826
171.76109921533214
171.76885483976335
171.76927901941775
171.76911678337538
171.76985913648983
171.77071497809456
171.77080342051184
171.7712093521533
171.77132048457187
171.77112173438022
171.7711217946622
171.78569815853163
171.79418848516409
171.7941884310522
171.87350722964524
171.87376934905723
171.87388419976946
171.8738518705382
171.8739887927316
171.87407377796413
171.87347004066055
171.87349174767337
171.87993435420884
171.88008219109324
171.9597051046387
171.9620253017236
171.96211326249744
171.96224187204442
171.96441998608964
171.96453672566867
171.96325755805734
171.96317725803104
171.96315030759254
171.96305463759674
171.96453672566867
171.96485681428246
171.964838187226
171.96533667061203
171.9653107462269
171.9657742946417
171.96658011471632
171.9671046177813
171.96712020615547
171.967165616891
171.96681996265596
171.967165616891
172.00681845976652
172.0068485829272
172.00733025594513
172.0075200607856
172.00752468423465
172.01015146643203
172.01046390800852
172.01095959651752
172.01095721958566
172.01103993495198
172.01066342481155
172.01071749747396
172.01141049385367
172.01380916250415
172.0201304491838
172.0202465637775
172.02041539850038
172.02046665209733
172.02067245085235
172.02071448394216
172.02173477948122
172.02176072085268
172.02195499933737
172.0219290579659
172.03144980932672
172.0314503058348
172.0314167129524
172.0407944146161
172.04079443929325
172.07978293911353
172.0798106445914
172.08004403253142
172.08018856802633
172.08022893207183
172.0805165519347
172.08231342430824
172.0823153542376
172.0832638014922
172.08344469990004
172.12865353905357
172.12866396015153
172.12895783718125
172.12895791999588
172.12897808323612
172.15910497857794
172.15908453467387
172.1664559267533
172.1665587727804
172.21189251880864
172.21200558001505
172.21229096686614
172.21228090101417
172.21245272845832
172.21584320290376
172.21587231375352
172.22318722476538
172.253241519585
172.25355806919782
172.25489532457604
172.255555654975
172.2560337717143
172.25606429547977
172.25607846616907
172.2563656594259
172.25747015335077
172.25818139084623
172.25818344701094
172.25822236472482
172.25828572143945
172.25929679551524
172.25929689178338
172.2597814150534
172.2597453714209
172.25990295982987
172.25994047578507
172.26245127931116
172.26233255278248
172.26267907172348
172.26286544507929
172.26533068011273
172.26535316367597
172.26528920327127
172.26575704453955
172.26587577106824
172.26584753063617
172.29611472949796
172.29618979357878
172.29619280863778
172.30848471218133
172.30846005649954
172.31373215773564
172.31627054621103
172.3608097149068
172.36083237524093
172.36081458222947
172.36814879479948
172.39776503922857
172.3991953169038
172.40650207085804
172.40681176384842
172.40699740934397
172.40793928929384
172.41525840989138
172.41777340430352
172.41777514220414
172.41760744321022
172.41794626188533
172.4179464413983
172.4181176681309
172.43035510788116
172.43037898474648
172.43044555619394
172.43047169661764
172.43047254791392
172.43050818295936
172.4308616375034
172.4308617563329
172.44307140747648
172.44300760644637
172.4727905740615
172.4728123107308
172.472823733904
172.4728413302102
172.4728823036481
172.47293280150598
172.5184796158719
172.51846127596514
172.52570541143461
172.52570568814127
172.5254629562092
172.52564258043355
172.52586366085944
172.5263793485462
172.52644650147886
172.5264297955655
172.52697583816942
172.5663005814056
172.5663253124075
172.56632560055527
172.56717217788733
172.5696355760986
172.56963568665546
172.5696546049889
172.61439784444264
172.6179560493649
172.61780635558543
172.61784537824548
172.61799500534403
172.6181038774037
172.6185633904426
172.61880936115665
172.61880947316774
172.61931536505563
172.6190144874162
172.61902848732169
172.61903786086228
172.61887490885604
172.61931536505563
172.62008111521496
172.62008337300009
172.62052739468703
172.62055649667673
172.62056953684558
172.6252270604222
172.62558755431078
172.62569138714562
172.62833024183985
172.62832338882882
172.62832340586877
172.62832940698692
172.62824321129688
172.62833024183985
172.62832042984635
172.62832024060125
172.62838520633392
172.628475471057
172.62869176395185
172.6384799317896
172.63854498561727
172.63855082634865
172.63860752145308
172.6386187159486
172.63863156486113
172.63863951235984
172.63870845618052
172.63870856261377
172.6387089810205
172.63869767286417
172.63891204090433
172.63891483714332
172.63891618995018
172.63948638336157
172.63951995221228
172.6395478713647
172.64186764201025
172.64186870406263
172.64187044296563
172.65130572304338
172.65312153636063
172.654935645646
172.65501966417776
172.6550200421454
172.65502009768636
172.6550181335856
172.65503424273976
172.65504235900622
172.6550575191422
172.65505753277802
172.65513795343938
172.6551389963413
172.6551768193346
172.6551729912655
172.65522606327534
172.65522318564163
172.6552232080243
172.65755828190967
172.65757048110083
172.6575589771104
172.65757975066762
172.65991124578258
172.65997204366622
172.65998860005482
172.6600136617186
172.66006673774422
172.66006676377106
172.66019004410776
172.66020069903172
172.67111274761058
172.67114847109067
172.67114950060034
172.67115076423136
172.67226817580487
172.67228359817742
172.67533142050664
172.67532608262363
172.67532881972187
172.6753392603056
172.67533928145335
172.67538947745936
172.67542211714556
172.6754881630405
172.67553750167022
172.67553960893162
172.67633070049354
172.67645517499147
172.67645518159534
172.6764631949057
172.6765865363186
172.6774439388679
172.67743572626276
172.67743573805615
172.67744528073072
172.67743859209264
172.6774439388679
172.67896718804363
172.67935444647506
172.67938242273897
172.67938242273897
