with mode=1, handoff cost coefficient = 1.0
185.61847426157178
185.65856803185483
185.70204754600812
185.75868834851843
185.81952664504044
185.82918546058607
185.90282298853757
185.95471519951263
185.97913089138763
186.03617749501984
186.08458007171726
186.09216886293876
186.1395995356355
186.14909229633363
186.15791161930414
186.20783497178056
186.30880571825338
186.46306567355253
186.46682247208022
186.49561529614533
186.56397559692743
186.61753415594276
186.6437913315189
186.67062970427247
186.7119201038019
186.79218241815917
186.8289459945578
186.8472837713494
186.92896163662866
187.01319040163673
187.01720976662682
187.06954136283832
187.0786675555326
187.1025488681359
187.13791120716115
187.15821786882964
187.261080944306
187.26523100732646
187.3392142718895
187.35964668580448
187.44063209066823
187.4855547679545
187.49133524078468
187.5479062472107
187.54762895336486
187.56810546782916
187.57709076893616
187.60608020596558
187.62631076005215
187.66998998579626
187.66839731470554
187.71249871331725
187.75496887382224
187.7720264592962
187.8131547094361
187.826831345007
187.90305911457878
187.96929082687316
188.02246575477855
188.0239884805817
188.03263540928126
188.1031521993925
188.10335799783869
188.10500460317223
188.10750073140952
188.1101288638068
188.1633331198066
188.2056198165779
188.2095755657731
188.22389376912636
188.25053828849792
188.25180227833647
188.25542939141627
188.27382249372172
188.3086235081191
188.33317742055425
188.36736684624594
188.39291742177898
188.4981041571302
188.51610230103867
188.59505066099052
188.6349920480181
188.65198233793106
188.65588327194376
188.72603510838957
188.78650162976408
188.81380643453218
188.86114278159187
188.9507534630518
188.99171821456156
188.9922887455169
188.99321556412713
189.0610078123934
189.10380051829952
189.1426525060034
189.14514676375055
189.1490695104026
189.199145025447
189.2934500032521
189.32280061314756
189.32540041412946
189.3519479997994
189.36164634544053
189.44771280221096
189.5199161337841
189.61159950571496
189.6316184519522
189.69103543171784
189.6903680205637
189.70640325089778
189.76442022031762
189.76377685968356
189.7656809123982
189.77453242645146
189.7725102813986
189.82340442979518
189.85980409826035
189.89081683528536
189.92165765072787
189.97011422039435
189.97488999100733
189.97502844183066
189.9800616954786
190.0114921199094
190.01633113525682
190.05741391808218
190.11982661323452
190.1668390642535
190.16794579907744
190.17459006987804
190.2125429589579
190.2118598707429
190.2112906391499
190.23697411633003
190.2378248686847
190.24466497510664
190.24471418244158
190.27893866247047
190.28437505570824
190.30915247410462
190.37351228265535
190.39028436056088
190.47150522641977
190.4698590877074
190.5026448602286
190.52731704691377
190.5884388626683
190.59097564622914
190.6672856184051
190.6827635119313
190.68224589851914
190.7329821850738
190.75265685803646
190.81469533027501
190.81532109675928
190.84058274215118
190.89173918570143
190.91844652744552
190.92199361066332
190.95309618519724
190.95372373404354
191.0152450330533
191.02107913729063
191.02016706361348
191.01688137188057
191.0317958853007
191.03466546559318
191.0710606579342
191.13114897589298
191.17552125252686
191.24754960910434
191.25131413465172
191.24998537920118
191.25354346150155
191.30551870455037
191.3894582899055
191.4058864764495
191.42047119506532
191.4181394933557
191.4400365253557
191.4388247637481
191.43951248551446
191.48652173338505
191.50033434518363
191.5374473376141
191.56409790015655
191.61848395736314
191.66522186666347
191.74248718849768
191.76920366247634
191.77077144197557
191.79555971049388
191.8464642176475
191.86134473890402
191.90960299303885
191.92338361866948
191.93809041781262
192.00239036595696
192.0166861361958
192.03235796336025
192.0617970250561
192.06127356930074
192.11707311643607
192.12105297094666
192.15434727036228
192.21670259370293
192.2161061753421
192.26968394673577
192.3082325865028
192.3335561547322
192.37133345646242
192.3737488057694
192.44419907756483
192.4713940019952
192.49359736547842
192.52001343771443
192.52032272485798
192.53329382191163
192.57626703660807
192.58490943957435
192.58774386386867
192.62829974503796
192.6286368300249
192.6282088096294
192.64234107903332
192.6441816223871
192.68295168742233
192.68574712642766
192.6881515967292
192.6862041334794
192.7398836762019
192.74204888844915
192.8361476558971
192.8364838847163
192.851670170554
192.89921309382575
192.8976439807157
192.89665619600157
192.94763737445237
192.97647477758744
193.03333331225494
193.08125290220582
193.09417826322584
193.13446648591722
193.17919072326504
193.18135625045053
193.1977835130997
193.19391633180135
193.24062005904375
193.23955229132753
193.24064008473522
193.28260784223957
193.32248358461638
193.3195534311718
193.32188649365466
193.32164511683567
193.3226530088083
193.33678186590694
193.35145170227656
193.35271291861005
193.3524362465309
193.39448659991763
193.4374912336508
193.4848702774031
193.50135354587258
193.50259841834276
193.51955448461516
193.608562108481
193.61034938668735
193.62476436194675
193.62503548906096
193.62464206120316
193.64657480161043
193.6924961056116
193.717231438238
193.73831183433313
193.7757855459891
193.78122137724296
193.8224739510618
193.84212331762387
193.84564976867784
193.8668723383018
193.8645106344457
193.86886159230392
193.8709779484658
193.86854095819695
193.87104419169287
193.8716821762473
193.87454710470385
193.88936075498316
193.8900368324725
193.90865634673062
193.95691161450753
194.0102286231375
194.01288198886232
194.01473927730876
194.04269570897895
194.06944107348244
194.08271874878014
194.08590072748282
194.1080966323733
194.12315517137267
194.16005395572728
194.16154883521438
194.16172665530223
194.16366842589338
194.22999566214992
194.26877471479145
194.31479117784937
194.362409554627
194.44329249712038
194.44478118642937
194.4691576675067
194.4972500644296
194.508866339238
194.50852549202284
194.5278823733583
194.52586308991584
194.57181858498868
194.6143531268147
194.6528648535051
194.66513661670587
194.69230142594392
194.709348342102
194.71093281045125
194.71077019512464
194.71469383453413
194.7384646924859
194.73679031096765
194.7602896223292
194.75619413706275
194.78096014968483
194.80205804573097
194.81520994587157
194.8365017715792
194.86170748535324
194.87437659401314
194.90195755340574
194.91396360112265
194.95099170173853
194.94846508866854
194.94555013641056
194.9909466798977
194.98633488955218
194.98834263210352
194.98442293895104
195.00256678041106
195.02540135608098
195.0280480849396
195.0537625194974
195.07772891857684
195.07873937988825
195.0783796004894
195.07824848854426
195.08050347717796
195.11866623491636
195.1201155078773
195.12129962900383
195.12450669143533
195.12584746393236
195.12599753376514
195.14697622842576
195.1817283931368
195.19548951915448
195.27132148690364
195.26674289566424
195.26769376143932
195.27961525587673
195.3165046940423
195.36143484125887
195.40349623996252
195.40715067017453
195.45213804648878
195.45234664414534
195.45367802460356
195.45786066441218
195.45636092089282
195.5156792505866
195.5453736483777
195.60908952029604
195.60981580864052
195.60868710298013
195.60885945105755
195.6818236548205
195.6841570607317
195.6858016183724
195.68616917297152
195.68668192219172
195.72091665237357
195.72356949955014
195.73773466572382
195.83114589550388
195.84325978301734
195.84291421780733
195.84338664974302
195.84127522996454
195.8443980741871
195.84508012686416
195.85704830034967
195.87814254041018
195.8778346795603
195.8771819890247
195.87782876961245
195.87732648257392
195.87814254041018
195.87807887209996
195.87861748058083
195.903187648048
195.91594852096318
195.97434610253325
195.97570446460668
195.99910858908123
195.9991110621915
195.99977703655208
196.0012648770041
196.0125028822057
196.01239870682755
196.01477961788675
196.02799300012546
196.02836405122457
196.03444882387603
196.03463551340252
196.0465029325007
196.04653580447894
196.0468430346602
196.0556912752552
196.07524981390367
196.07563785501662
196.0765806761633
196.0821716470685
196.08866860119488
196.10132681017606
196.10260437324578
196.1161429340892
196.127955536464
196.1276424038198
196.12707583341984
196.16756816027475
196.16809257438953
196.18657123824534
196.22075912997744
196.2332431687066
196.23245148262507
196.24204211532123
196.28625861424564
196.28531186906258
196.2858236071895
196.29863245339126
196.298797775481
196.29922983357258
196.31248858885064
196.3121183583618
196.34958224433018
196.3793936619729
196.39564700671764
196.3959551957448
196.39624496120715
196.4187470285081
196.43089712299135
196.43659633460697
196.43672233035323
196.4363140781576
196.46202933625156
196.46744331774332
196.4819769419812
196.48788165281195
196.50041230844846
196.50063421451955
196.51875327318953
196.51884621394078
196.5242927435038
196.52442657524435
196.5301347314352
196.54253030041323
196.5421301441547
196.5545783473479
196.567123492181
196.58057001975618
196.5853194207309
196.6102048895169
196.60975752782733
196.61080640116754
196.6115890816793
196.61711846816138
196.6511602693518
196.65135888678614
196.68045907415336
196.6796537344346
196.685091861071
196.68536803999953
196.6854769478261
196.6979413012686
196.71040295801777
196.70988511941542
196.71925939239702
196.7188408629193
196.725047628545
196.737946382835
196.73847323897326
196.74777409565442
196.74802041345808
