with mode=0, handoff cost coefficient = 1.0
185.61847426157178
185.61694645775162
185.6715747826418
185.7413761421356
185.75986977031812
185.7638453792336
185.7437805347714
185.81577242004607
185.81561783966242
186.11928219346618
186.13067130394973
186.13067462940933
186.14166853384535
186.15634420529364
186.17248169886162
186.17296124058208
186.17381924591763
186.17396911748688
186.2663463960995
186.50040777223865
186.5129819415277
186.51293156252888
186.50160796746476
186.72961506522236
186.7317798861257
186.73094124971715
186.73093877943023
186.940363669806
186.94013025630824
186.96898644881293
186.97179528995994
187.05328125621435
187.05316018987602
187.04807793118155
187.0484583712131
187.0479299788102
187.05328125621435
187.12405450277623
187.12455400935247
187.12979446389485
187.15151594918987
187.30510255333294
187.3054777500237
187.34464797560724
187.3414601112678
187.3415528151692
187.45520229627832
187.47469444852754
187.47529085411668
187.47666197569856
187.47775355709712
187.47982559089405
187.49484763745002
187.5059955479583
187.50922952714978
187.51698983401084
187.51705649496526
187.6156244805509
187.61562640882602
187.6156438781352
187.62458228320745
187.62298143254753
187.73518362509026
187.74709740282125
187.7466275666484
187.89936003785016
187.89925593279662
187.91748669019194
187.93793547919577
187.93901002710803
187.93990269799073
187.9512754087925
187.95133451853624
187.9589284290544
187.959302827531
187.96008921733264
187.9650316868174
187.96545700524786
188.1193099457133
188.1193119596854
188.119356632071
188.12221563954523
188.11828443156367
188.1197184239494
188.21555893966524
188.2161041759419
188.21610570431187
188.21222282525977
188.2290333502998
188.2327235019834
188.23301476425883
188.23321920132747
188.23640107541377
188.2654366371027
188.2654159912645
188.28032274248932
188.280367854563
188.27460008265422
188.2728074264037
188.46907484150168
188.46642477796323
188.4665426875308
188.46801029484985
188.46795766767224
188.46907484150168
188.46967601999268
188.4731882128854
188.4732408730792
188.47324774729947
188.5294669490182
188.5300407988754
188.5327331531514
188.5328243225905
188.63099634199176
188.68696730311834
188.69973482864063
188.69976302407972
188.7958086576199
188.79719261753598
188.79740272697543
188.80032463837435
188.8038134744251
188.80508159148945
188.90178829145853
188.95752616414646
188.9575219914179
188.95753845111935
188.95591182471392
188.9874601674718
188.98908679387722
188.99077431987592
189.04052056816428
189.04109544889712
189.04179350841534
189.04181231560378
189.04181819929497
189.04186726175996
189.04307131114976
189.04306764817116
189.04812190694275
189.05045905512932
189.14572300072828
189.14450176774014
189.14411425882264
189.14412484553011
189.24053115910186
189.3160090812585
189.3164891591368
189.31666369745997
189.3487414104864
189.35280016713875
189.35207095879284
189.35252652172704
189.3525579443882
189.35252195511214
189.38432644388672
189.38465690968752
189.38741857768508
189.38742378416862
189.38844490313588
189.38844616169484
189.38867676371444
189.38866751185614
189.3893691656281
189.38986766789685
189.39779670031345
189.39834311558505
189.39851409211153
189.39999284331714
189.45539316273315
189.45538786690727
189.45474532000293
189.45501065715615
189.45501714837513
189.5042957971233
189.5041133426475
189.50466538901316
189.50434748846536
189.50434056798596
189.5378152158665
189.63385372410573
189.6338407196782
189.63407112165103
189.63411402826847
189.63768219873373
189.63768037728465
189.63847766732414
189.6698317247256
189.66983665052223
189.66905983854622
189.7007244886645
189.79646906845437
189.79638927908496
189.79736061616916
189.7979663315292
189.79865291690425
189.79866130191922
189.79844102920737
189.79817663033188
189.79934750093733
189.80372924571577
189.8037878206295
189.80376991050989
189.80454763595233
189.80489574341595
189.805617445008
189.80640561406378
189.86146382987567
189.8609688863962
189.86213627149698
189.86212016881262
189.86213627149698
189.86213708004277
189.8724703884107
189.880374792361
189.88037644871838
189.8804126916325
189.8804334789613
189.95572535097693
189.95573462412148
189.9557639233363
189.98568197872572
189.98681494830166
189.98698226557485
189.98698260291803
189.98839025692314
190.08364809288082
190.08364822333422
190.08551075855183
190.08568949402667
190.08676687320042
190.08590460888598
190.08801753806404
190.08784231178575
190.087854992624
190.08786634979677
190.08799678841166
190.08805341540278
190.0872416586418
190.08652549841725
190.08666070148254
190.1416451724658
190.1732473726087
190.17138523282614
190.2035428859998
190.20263675267597
190.2027912622779
190.2031369950804
190.2041228127864
190.20319263027687
190.23468492705575
190.2660239466618
190.26603645708437
190.26612632063535
190.26652374696866
190.26730251253286
190.2678643164675
190.32193044421822
190.3234507179336
190.32235434851077
190.32369983976645
190.32262966465737
190.37180978462845
190.3704642933728
190.3704684319852
190.4453814577786
190.4455705583656
190.4517158744827
190.45245562866663
190.4525353911913
190.45256206614752
190.50613299087163
190.50648305864468
190.50922853348789
190.5096819862611
190.58569719020824
190.5858060877535
190.58580794645462
190.58767623340458
190.61782795180824
190.61672390554264
190.616802684135
190.6182608427165
190.61827424195104
190.61772543471736
190.6177372931642
190.7118571011995
190.7119088139863
190.7118458323051
190.71199631525485
190.71278516522597
190.71287707017567
190.7127949907599
190.7136525833065
190.7151841870363
190.71487109760108
190.71698894451131
190.716992430791
190.7170520203935
190.71593981644807
190.76950766694424
190.76994415856444
190.7699700250604
190.77039170695303
190.7707510418986
190.77079983519138
190.77084884627553
190.7703597823095
190.77035680292985
190.7709960211982
190.77104913598563
190.77127041988547
190.77139699101434
190.77183581412586
190.77210044167134
190.7739072869237
190.77590216875407
190.77598102684763
190.77603657914557
190.77705735458358
190.77706904736152
190.80650631550816
190.80659863825142
190.80662835951347
190.80664381858878
190.80677339377056
190.81043339432432
190.8140484412366
190.8140499387011
190.81382386870615
190.8138767525405
190.81283086629648
190.8140484412366
190.81467789592745
190.8146786196453
190.81468724281768
190.815534559769
190.8155330682693
190.81553333679994
190.81553392662215
190.81562401843246
190.81567589555124
190.8642570654619
190.86426600131637
190.8642661879183
190.8645715265319
190.8646331560234
190.86463424212323
190.86480433236642
190.9011402723672
190.9011384049209
190.90116722976603
190.90231850304883
190.90243124196144
190.91794939566768
190.9187971950198
190.92387743861872
190.9240570671526
190.92406321163207
190.92407472469043
190.92431543079653
190.92436211841664
190.9247113989805
190.9247711693796
190.95032119280938
190.9500675706146
190.9503284398781
190.95026918653892
190.95077950617434
190.95057959628076
190.95064338752576
190.9507663606879
190.95070797796632
190.9509616907373
190.9508805824271
190.9508199642284
190.9509933138337
190.95083740877277
190.95086899401377
190.95229797130918
190.95235482638722
190.9518396569839
190.95161624079978
190.95185772921593
190.96632331345182
190.96626402058007
190.9662910071553
190.96634445233866
190.96622955376074
190.96628828586344
190.96676469799505
190.96678374216808
190.96661999137294
190.96662115100563
190.96662843689236
190.96679429675845
190.96682852277627
190.9668288484698
190.96741342534523
190.97157507812213
190.97155610078417
190.9713211225647
190.971948844618
190.97172520775086
190.97176466772368
190.97218200783513
190.97220532932013
190.97237927456496
190.97281806455982
190.97338488629296
190.97458853080988
190.97449688645898
190.97457945415795
190.9745825409384
190.97468019844752
190.97489428462978
190.9750276532883
190.975033995444
191.0017833103742
191.0017790448734
191.0017622838867
191.00175416707378
191.001755374531
191.0017833103742
191.00126989064324
191.00137786622628
191.00188939170516
191.0152588221482
191.01592202086107
191.0161144648296
191.01620856637774
191.0167752400193
191.0167832567168
191.0168632345613
191.01695393167853
191.0169540046275
191.01695468604638
191.01705728710215
191.0170812057951
191.01708123852424
191.03598156087557
191.0533870132137
191.05339689990052
191.05255549285073
191.05264524636073
191.07686646185806
191.10015290606617
191.10008216300804
191.10206303383944
191.10211319716495
191.11500958245702
191.1269126442334
191.12884096172473
191.12884250475332
191.12884441520492
191.12884442088335
191.14025150466648
191.14018351266003
191.14046466214606
191.14080183820843
191.1408247327826
191.14082596015695
191.14083341813705
191.14083318487613
191.14080736632263
191.14084982338824
191.1408506205355
191.14085387233985
191.1485803186833
191.14864123716353
191.16751826480004
191.16751849819536
191.16753831722443
191.16758309827392
191.16759696301213
191.1675967709993
191.16946872154008
191.1694583795755
191.1694611685859
191.1695790773622
191.169579913056
191.17191479555288
191.1718606552011
191.17186837670863
191.1953343249765
191.1953927258296
191.19539330980655
191.19544455216788
191.19544734341537
191.19546006932353
191.19560748990972
191.19552321431576
191.1955312113492
191.1955550310277
191.19555629140513
191.19560748990972
191.19582850551166
191.1958304200782
191.19588611841797
191.19589126775733
191.19588611841797
