with mode=3, handoff cost coefficient = 1.0
185.61847426157178
185.7010522851388
186.44156239376477
186.93198502594544
187.3023205489637
188.28378455683222
188.9200547563264
188.98834751673203
189.00336349495186
189.93935356866896
190.99444322142998
191.41307820470504
191.6841225800037
192.33389134940276
192.64274130531723
192.70016878863598
192.7031867775839
192.8323694915021
192.8352724551829
192.84929735054808
192.84764363103733
192.85045142855404
192.85049122510497
192.85049122510497
192.866947389435
193.89116411739784
193.93719892985123
193.93715726191058
193.95120992024633
193.9488983654592
193.94914633619786
194.2699223705899
194.27016226862958
194.3110205999156
194.31115894113722
194.36017326817841
194.36061742549714
194.36070013068226
194.36093072984235
194.94608251070903
194.96446840118486
194.9704612635064
195.2509430906824
195.2508005407613
195.24940171324363
195.24932441805328
195.24932441805328
195.24932441805328
195.24932441805328
195.27188502512948
195.30318437421118
195.3015157364248
195.30138484590853
195.3028585657238
195.3028585657238
195.30823734428762
195.3082808554439
195.30690857972752
195.30690857972752
195.37746855739823
195.37856238120426
195.38542388201125
195.38990468953162
195.3904085385893
195.3886531779567
195.39040560470724
195.39040560470724
195.39040560470724
195.39040560470724
195.39040560470724
195.39040560470724
195.7837634571064
195.78570129105205
195.7848711076548
195.78334021052757
195.78654928367064
195.78654928367064
195.78654928367064
195.78598509423156
195.78598509423156
195.78848000693898
195.78857007188319
195.79819959279632
195.80056629170755
195.80201037692458
195.8015641681442
195.8015641681442
195.80355396423167
195.84022800711136
195.83908633655585
195.83919693219266
195.8399902647832
195.8399902647832
195.8399902647832
195.84126294423322
195.84126294423322
195.84126294423322
195.84807771757187
195.84775053665552
195.84802119292107
195.8474262843088
195.88625253243083
195.88155161645972
195.88624492812173
195.88683491602725
195.88683491602725
195.8868519454924
195.8868519454924
195.8868519454924
195.8868519454924
195.8868519454924
195.8868519454924
195.8868519454924
195.8868519454924
195.8868519454924
196.1675345637101
196.16877139859997
196.1689658543387
196.16894986575
196.16894986575
196.16894986575
196.16894986575
196.16894986575
196.16894986575
196.16894986575
196.16894986575
196.16894986575
196.16894986575
196.1764561153048
196.17707268038177
196.17710542007094
196.17711703147992
196.17711703147992
196.17711703147992
196.17711703147992
196.17711703147992
196.17711703147992
196.17711703147992
196.17711703147992
196.17711703147992
196.17711703147992
196.17711703147992
196.17711703147992
196.17711703147992
196.17711703147992
196.17711703147992
196.17711703147992
196.17711703147992
196.17711703147992
196.17711703147992
196.17711703147992
196.17711703147992
196.17711703147992
196.17711703147992
196.17711703147992
196.17711703147992
196.17711703147992
196.17711703147992
196.17711703147992
196.17711703147992
196.17711703147992
196.17711703147992
196.17711703147992
196.17711703147992
196.17711703147992
196.17711703147992
196.17711703147992
196.17711703147992
196.17711703147992
196.17711703147992
196.17711703147992
196.17711703147992
196.18301306478844
196.18316974007212
196.18252367041862
196.18187513889796
196.18187513889796
196.18187513889796
196.18187513889796
196.18187513889796
196.18187513889796
196.18187513889796
196.18187513889796
196.18187513889796
196.18187513889796
196.18187513889796
196.18187513889796
196.18187513889796
196.18187513889796
196.18187513889796
196.18187513889796
196.18187513889796
196.18187513889796
196.18187513889796
196.18187513889796
196.18187513889796
196.18187513889796
196.18187513889796
196.18187513889796
196.18187513889796
196.18187513889796
196.18187513889796
196.1840728689998
196.18493777941092
196.18493777941092
196.18493777941092
196.18496421271783
196.18496421271783
196.18496421271783
196.18496421271783
196.18496421271783
196.18496421271783
196.18496421271783
196.18496421271783
196.18496421271783
196.18496421271783
196.18496421271783
196.18600629905137
196.18600629905137
196.18713965583572
196.18799944409193
196.18811028898483
196.1879805282353
196.1879805282353
196.1879805282353
196.1879805282353
196.1879805282353
196.1879805282353
196.1879805282353
196.1879805282353
196.1879805282353
196.1879805282353
196.1879805282353
196.1879805282353
196.1879805282353
196.1879805282353
196.1879805282353
196.35934209894327
196.3593595088936
196.35932683507787
196.35869329822174
196.35869329822174
196.36613470064322
196.36568287249906
196.36569125728062
196.36709641842862
196.36709641842862
196.37008864645674
196.37040864689038
196.3747838922648
196.3745191473531
196.37492211120264
196.3754229150529
196.38142052012745
196.38195999732838
196.3814258823056
196.3818769968326
196.3818769968326
196.3818769968326
196.3818769968326
196.3818769968326
196.3818769968326
196.38491880994377
196.38469280303312
196.38484203273094
196.38540359436985
196.38540359436985
196.38540359436985
196.38540359436985
196.38540359436985
196.38540359436985
196.38540359436985
196.38540359436985
196.38540359436985
196.38540359436985
196.38540359436985
196.38540359436985
196.38540359436985
196.38540359436985
196.38540359436985
196.38540359436985
196.38540359436985
196.38540359436985
196.38540359436985
196.38540359436985
196.38540359436985
196.3870837336401
196.38852657830802
196.39580261258158
196.3961890417533
196.39615255854727
196.39631941424818
196.39631941424818
196.39631941424818
196.39631941424818
196.39631941424818
196.39631941424818
196.39631941424818
196.39631941424818
196.39631941424818
196.39631941424818
196.39631941424818
196.39631941424818
196.39631941424818
196.39631941424818
196.39631941424818
196.39631941424818
196.39631941424818
196.39631941424818
196.39631941424818
196.39631941424818
196.39631941424818
196.39631941424818
196.39631941424818
196.39631941424818
196.52530785894504
196.52534135756338
196.52542175365937
196.52801365347034
196.5276043820245
196.5276101720758
196.527922094529
196.527922094529
196.53377923659554
196.53400600152793
196.5339994121498
196.53396221689673
196.53396221689673
196.53396221689673
196.53396221689673
196.53396221689673
196.53396221689673
196.53396221689673
196.53396221689673
196.53396221689673
196.53396221689673
196.53396221689673
196.53396221689673
196.53396221689673
196.53396221689673
196.53396221689673
196.53396221689673
196.53396221689673
196.53396221689673
196.53396221689673
196.53396221689673
196.53396221689673
196.53396221689673
196.53396221689673
196.53396221689673
196.53396221689673
196.53396221689673
196.53396221689673
196.53396221689673
196.53396221689673
196.53396221689673
196.53396221689673
196.53396221689673
196.53396221689673
196.53396221689673
196.53396221689673
196.53396221689673
196.53396221689673
196.53396221689673
196.53396221689673
196.53396221689673
196.53396221689673
196.53396221689673
196.53396221689673
196.53396221689673
196.53396221689673
196.53396221689673
196.53396221689673
196.53396221689673
196.53396221689673
196.53396221689673
196.53396221689673
196.53396221689673
196.53396221689673
196.53396221689673
196.53396221689673
196.53396221689673
196.53396221689673
196.53396221689673
196.53396221689673
196.53396221689673
196.53396221689673
196.53396221689673
196.53396221689673
196.53396221689673
196.53396221689673
196.53396221689673
196.53396221689673
196.53396221689673
196.53396221689673
196.53396221689673
196.53396221689673
196.53396221689673
196.53396221689673
196.53396221689673
196.53396221689673
196.53396221689673
196.53396221689673
196.53396221689673
196.53396221689673
196.53396221689673
196.53396221689673
196.53396221689673
196.53396221689673
196.53396221689673
196.53396221689673
196.53396221689673
196.53396221689673
196.53396221689673
196.53396221689673
196.53396221689673
196.53396221689673
196.53396221689673
196.53396221689673
196.53396221689673
196.53396221689673
196.53396221689673
196.53396221689673
196.53396221689673
196.53396221689673
196.53396221689673
196.53396221689673
196.53396221689673
196.53396221689673
196.53396221689673
196.53396221689673
196.53396221689673
196.53396221689673
196.53396221689673
196.53396221689673
196.53396221689673
196.53396221689673
196.53396221689673
196.53396221689673
196.53396221689673
196.53396221689673
196.53396221689673
196.53396221689673
196.53396221689673
196.53396221689673
196.53396221689673
196.53396221689673
196.53396221689673
196.53396221689673
196.53396221689673
196.53396221689673
196.53396221689673
196.53396221689673
196.53396221689673
196.53396221689673
196.53396221689673
196.53396221689673
196.53396221689673
196.53396221689673
196.53396221689673
196.53396221689673
196.53396221689673
196.53396221689673
196.53396221689673
196.53396221689673
196.53396221689673
196.53396221689673
196.53396221689673
196.53396221689673
196.53396221689673
196.53396221689673
196.53396221689673
196.53396221689673
196.53396221689673
196.53396221689673
196.53396221689673
196.53396221689673
196.53396221689673
196.53396221689673
196.53396221689673
196.53396221689673
196.53396221689673
196.53396221689673
196.53396221689673
196.53396221689673
196.53396221689673
196.53396221689673
196.53396221689673
196.53396221689673
196.53396221689673
196.53396221689673
196.53396221689673
196.53396221689673
196.53396221689673
196.53396221689673
196.53396221689673
196.53396221689673
196.53396221689673
196.53396221689673
196.53396221689673
196.53396221689673
196.53377923659554
