with mode=0, handoff cost coefficient = 1.0
173.78696467095477
173.78696134718135
173.80218544836245
173.8167616368673
173.81668805051194
173.81160090103592
173.80951691682313
173.8329866929956
173.8188558278722
173.86509424185385
173.8680220909437
173.86948324131143
173.86832516256896
173.9537027210823
173.9588584548364
174.0288864718691
174.0289149394658
174.05014415727754
174.0691293304646
174.06653971848715
174.06656950541182
174.17113790341674
174.1615488848307
174.16216414845613
174.1623000287377
174.17792053153548
174.1929756165686
174.29580581550232
174.33018876560658
174.33713744319076
174.33126845293322
174.32752541945436
174.32831325118056
174.34594618307116
174.38446308821847
174.38449963010623
174.3833778419505
174.37710806103388
174.3771331449387
174.373338393104
174.38449963010623
174.38182988804022
174.40401304899814
174.40404907591068
174.40348116589934
174.41151400138136
174.41963496517454
174.45744042191592
174.46005698742903
174.64462998634178
174.671042698343
174.67104502723134
174.66846561069488
174.66882407262142
174.6669489253759
174.69307648390915
174.69307458652884
174.69547688962464
174.70311411904586
174.7327384602764
174.73620643845487
174.73767044629525
174.73767072182503
174.7390118829725
174.7398398164778
174.7765609777092
174.77410723195243
174.80333300165626
174.80282792226342
174.80671160692927
174.80939852445908
174.80939799554181
174.8075488772789
174.80933059290882
174.80765350498785
174.81112863429578
174.81619537950434
174.8162745134398
175.00143079930237
175.07966570432143
175.07707281995482
175.10355832850053
175.10611439618916
175.11294952370966
175.1111527507665
175.11051383630345
175.1316882198878
175.13168826118087
175.15025747562265
175.186291975634
175.18629321972458
175.1864200487957
175.1908563903358
175.1915908653338
175.19176922703468
175.19264080489518
175.1926413485534
175.19286041343412
175.19215793998552
175.1891801546824
175.19238658812188
175.19238665687234
175.24438563701773
175.24438581794382
175.24449273226904
175.2446457165132
175.24513380280882
175.24554826803995
175.24694077946447
175.24694121400822
175.2486199852831
175.24865992934636
175.2448343844532
175.24483588665532
175.24377687677895
175.24500986882657
175.24865992934636
175.2487056336926
175.26661278768228
175.2686710351014
175.27130920600746
175.27201416754968
175.27948258620887
175.37954775109526
175.3795486676541
175.379548677281
175.38102734610072
175.3809234107566
175.38243517446736
175.38349923144327
175.38331402919232
175.3845588168142
175.39078641812532
175.40334704848814
175.40337813096264
175.4038616544956
175.40518474465065
175.40536500839383
175.50570734040028
175.50688749204528
175.5084345983632
175.5084351795598
175.51441306982514
175.51441417514837
175.51474490073596
175.5150593843357
175.52867249829575
175.52867348956704
175.5289068594047
175.5680092191279
175.56861592550655
175.56896727194123
175.56977279334782
175.56966951423576
175.56902140010854
175.5694680173883
175.56947066785602
175.56977279334782
175.57012851537843
175.57046222296856
175.5715686560114
175.57156887723775
175.5715691002576
175.57157050322772
175.57157158186283
175.5716605914302
175.58041865809525
175.5804467546427
175.58044724703078
175.5805922935912
175.58348682986178
175.58360735026184
175.58369963048366
175.58568245138008
175.5858360571183
175.58601451496253
175.58601471666506
175.5867081069506
175.58685580102008
175.58723764312612
175.60833252414392
175.60811085606994
175.6088131360758
175.6091591824694
175.61467826126963
175.6150322000818
175.61508077330407
175.61508176436837
175.6152112489737
175.61601190109982
175.61683520344872
175.61689411157823
175.61728205499492
175.66760625269274
175.66863271723662
175.66857066066933
175.67136920971728
175.67136727591162
175.67249239816582
175.71732708157467
175.71781223135164
175.72644605614175
175.7264462042662
175.72779158905632
175.72820691539604
175.727964748824
175.7277194405223
175.72800936108717
175.72781323443755
175.72820691539604
175.72838121930087
175.72840751869003
175.72871632928076
175.72878837368168
175.7288164900986
175.7292498130702
175.7291860240158
175.73194263379492
175.73192716785812
175.73192733793115
175.732593095741
175.73913445611126
175.73918148926688
175.7391821615265
175.7393203243109
175.7393216758563
175.7395681205189
175.7396649297448
175.73982811856038
175.73993484161073
175.73998043497394
175.73998049864363
175.73995392697122
175.74009482610123
175.74021105262779
175.7436270095351
175.74526832007314
175.74562113658976
175.7456487950035
175.74584917567404
175.74607324328719
175.74611770372502
175.74610952406036
175.74611076787411
175.74622193712338
175.74634806570697
175.74665364780452
175.74689654264685
175.747114385646
175.74716858427874
175.7471718176812
175.7472834124344
175.75386112812038
175.75434732192764
175.7543669848598
175.75870626166324
175.7587070692582
175.76211860199749
175.76240315693462
175.76262288802417
175.76271567461822
175.76271613136163
175.76271688105402
175.7629481800716
175.76310936031666
175.76450590995736
175.7645272899042
175.7647950898831
175.76482364724717
175.76482437092665
175.76504189336632
175.77459856024268
175.77462196492965
175.79845378902144
175.7986519864575
175.79891102607976
175.7991059979308
175.79916837071102
175.79930913178458
175.7993177263515
175.79945512112448
175.80598483108366
175.80620092043546
175.80620114521025
175.83002851808794
175.8302374277232
175.83060763131613
175.83058847078402
175.83219218102732
175.83219229839347
175.83239733213185
175.8324240466281
175.83242413640295
175.83244849754817
175.83218029697753
175.83228195277252
175.8323274714329
175.8322863417684
175.83244849754817
175.83244862120284
175.83272103133953
175.8327557817097
175.83284609118948
175.83290061531042
175.832901219147
175.8332004825787
175.83323774978027
175.8332435910583
175.83328304800312
175.83338043274784
175.83340277208248
175.83343527464723
175.8366981496819
175.83681884604215
175.8382374726355
175.83853955346805
175.83821636454743
175.83821951460294
175.83814973791905
175.83893052453925
175.83898354152285
175.83899936766667
175.8440569018197
175.84471023295194
175.84797283681988
175.8480316743415
175.84809819346816
175.84817499359104
175.8482196808812
175.84900512933686
175.85115333262297
175.85121139364216
175.85125218577397
175.851514957439
175.85365990258
175.85366032037098
175.853648167181
175.8553587501729
175.85504045553725
175.85505500428775
175.85505507666386
175.85505537723753
175.8553587501729
175.8553613385059
175.85540041327295
175.8613576396444
175.86144058183666
175.86144061251997
175.86144134025437
175.86145918431123
175.86151375207834
175.86151390092837
175.86154536000876
175.86407448891046
175.864074626517
175.86492942624756
175.86502636016738
175.86505664976906
175.86668778261773
175.86675603696682
175.86689566165788
175.86692179324166
175.86695212428825
175.86703301341026
175.86716671238815
175.86802092200188
175.8680395579559
175.86911367954417
175.869198307499
175.86922400157397
175.86927688717606
175.86906241544978
175.86914447602112
175.87510098513422
175.8754412468905
175.87544138813865
175.87544145370987
175.87547919773561
175.87550781597818
175.87636205008124
175.87704484685014
175.8770614263465
175.87711372647902
175.87715135742758
175.87717455744257
175.87722638212819
175.87723033947148
175.87724587168918
175.87734788838682
175.87773269297267
175.8780705098998
175.87807321713169
175.87811907448022
175.878146946459
175.8781484555626
175.87814411470882
175.87816833099447
175.87816838009738
175.87817790169194
175.87817796920925
175.87842344639492
175.8784507579432
175.87853330495778
175.88016409459925
175.88030780762693
175.88038963276742
175.88037580647205
175.88061699190263
175.8806195523672
175.8806179281851
175.88066648829837
175.88066667609192
175.88068241528927
175.88076377570584
175.8823943473826
175.88346549700768
175.8835962139378
175.8836764384898
175.88606279238238
175.8861596034413
175.88699393283994
175.88699348899672
175.88661595685215
175.88661679520212
175.88661725124715
175.88699393283994
175.8870181214909
175.8870281344647
175.8870360796751
175.89001488644283
175.89299351629847
175.89301102249635
175.89320332376732
175.8932078755677
175.8932136691558
175.89328565301784
175.89329454982484
175.8937219342031
175.89372199373665
175.89391326617937
175.89393047328088
175.89397201832327
175.89404366157595
175.89404371318284
175.8971901536591
175.897725530064
175.8973478969216
175.8973479493764
175.89734796172348
175.89734915235135
175.897725530064
175.8977298826166
175.89772991640484
175.897730493265
175.8977444182462
175.8977486560562
175.8981562798428
175.8981622418487
175.8987948695904
175.89880020729032
175.898806355612
175.89882114149188
175.89882516876648
175.89885234827827
175.89885234520037
175.8988578785314
175.89885789124045
175.89886316891258
175.89887680475883
175.89889883239235
175.89890024603596
175.89890384274472
175.89890648506812
175.89890649063952
175.89899022220015
175.9004809551168
175.90047571227416
175.90047574065187
175.90048698417746
175.900496250138
175.90050004239694
175.90050687887805
175.9005461836708
175.90054811948954
175.90055230761024
175.90055818975486
175.90055956790582
175.90096714869824
175.90097511197212
175.90254839210425
175.9026321695245
175.90284586883266
175.9028673713654
175.90286797635977
175.9028693070591
175.90287426522127
175.90287724571724
175.9028973856828
175.9044704649043
175.90447446090582
175.9044704649043
