with mode=3, handoff cost coefficient = 1.0
173.78696467095477
173.94888634311593
174.15028815291555
174.19701887274658
175.38013617065246
175.71289686346518
175.86267038885944
175.96672172769658
176.2236159711453
177.48135801283757
177.56289835227767
178.7778870929414
178.83589297898604
178.9162815398875
179.9499104533077
180.25368072533502
180.74119538471055
180.75701824401514
180.77989106077766
180.79411086335747
180.7959501917526
180.7959413778575
180.8026734245877
180.85985819581398
180.97504917741776
181.1752163647049
181.17520492854737
181.21472808198013
181.2094071070353
181.38462819893522
181.8456537023596
181.84480513979324
181.84483641152002
181.8447770995812
181.8447770995812
181.89669516800674
182.05078720934594
182.04478299185266
182.06628025552527
182.10672490898526
182.12430529332335
182.11719369148108
182.1172426212408
182.14776836107956
182.14774369920147
182.14776839930644
182.153847539287
182.1538233569824
182.15847626525667
182.16549291463167
182.1654302183546
182.18262070898288
182.18264271223094
182.20950756893234
182.20955740710443
182.20963365184068
182.20963365184068
182.20963365184068
182.20963365184068
182.24158746165557
182.2415225116653
182.23950771663257
182.2396749084052
182.2493384356172
182.2606254615671
182.272077344136
182.27269164375326
182.27277467963904
182.27350629941276
182.27350629941276
182.27350629941276
182.27350629941276
182.2947491754719
182.31346849320144
182.33310994641752
182.3331315980594
182.33309590526827
182.33312472439917
182.33312472439917
182.33312472439917
182.33769733028078
182.3376910842957
182.34341992990383
182.35951588562043
182.35953121325335
182.362125656554
182.3621055548449
182.36210082626602
182.3620813886329
182.3620813886329
182.7154698327892
182.7153382368177
182.71680279770175
182.71693402182228
182.71693402182228
182.71693402182228
182.72012490742645
182.71988878770586
182.72000698744696
182.7229268627816
182.72878940792503
182.74424193498663
182.74423203170974
182.73093557959643
182.73386766313797
182.74542018684252
182.74542018684252
182.74540257160126
182.7521819082686
182.75702197964875
182.7617323710582
182.7733624271514
182.77632272054004
182.7763056895578
182.77633183058904
182.77633183058904
182.77948389016532
183.07351642338702
183.0684611572422
183.07051508455515
183.07135331256592
183.07135331256592
183.07473440330426
183.0747661229957
183.07700326704187
183.0769902574846
183.0769907909267
183.0769907909267
183.0769907909267
183.0769907909267
183.0769907909267
183.0795315521128
183.32058677044787
183.32734577413413
183.32732043844462
183.3272938314548
183.32727223749566
183.3293152145345
183.3293152145345
183.35906353304438
183.35908758755983
183.35905516438183
183.35904418250732
183.35904418250732
183.35904418250732
183.35904418250732
183.35904418250732
183.35904418250732
183.35904418250732
183.35904418250732
183.35904418250732
183.35904418250732
183.35904418250732
183.35904418250732
183.35904418250732
183.36138606284248
183.36138606284248
183.36139893276976
183.36143073603398
183.36143073603398
183.3661534609063
183.36617364898242
183.36668955270454
183.3666543614831
183.3666543614831
183.3666543614831
183.3666543614831
183.3666543614831
183.3666543614831
183.3666543614831
183.3666543614831
183.3666543614831
183.3666543614831
183.3666543614831
183.3666543614831
183.3666543614831
183.3666543614831
183.3666543614831
183.3666543614831
183.3666543614831
183.3666543614831
183.3666543614831
183.37368156273752
183.3717752138698
183.3718399037364
183.3718399037364
183.3718399037364
183.3718399037364
183.3718399037364
183.3718399037364
183.3718399037364
183.3718399037364
183.3718399037364
183.3718399037364
183.3718399037364
183.3718399037364
183.3718399037364
183.3718399037364
183.3718399037364
183.3718399037364
183.3718399037364
183.3718399037364
183.3718399037364
183.3718399037364
183.3718399037364
183.3718399037364
183.3718399037364
183.3718399037364
183.3718399037364
183.3718399037364
183.3718399037364
183.3718399037364
183.3744190398677
183.3744622210112
183.3744622210112
183.37562476880453
183.37741025185895
183.37741025185895
183.37742777202538
183.37858324492296
183.37858324492296
183.37858324492296
183.37858324492296
183.37858324492296
183.37858324492296
183.37858324492296
183.37988599198772
183.37988599198772
183.37988599198772
183.38234171824075
183.38232248987322
183.3825736299243
183.3825736299243
183.3825736299243
183.3825736299243
183.3825736299243
183.3825736299243
183.3825736299243
183.3825736299243
183.3825736299243
183.3825736299243
183.3825736299243
183.3825736299243
183.3825736299243
183.3825736299243
183.3825736299243
183.3825736299243
183.3825736299243
183.3825736299243
183.3825736299243
183.3825736299243
183.3825736299243
183.38522007683605
183.3874847833496
183.38444061816276
183.3844606376256
183.3844606376256
183.3844606376256
183.3844606376256
183.3844606376256
183.3844606376256
183.3869615823766
183.3869229072265
183.38703997261428
183.38703997261428
183.38703997261428
183.38703997261428
183.38703997261428
183.38703997261428
183.38703997261428
183.38703997261428
183.38703997261428
183.38710809788432
183.38710809788432
183.38710809788432
183.38710809788432
183.38710809788432
183.38710809788432
183.38710809788432
183.38710809788432
183.38710809788432
183.38710809788432
183.38710809788432
183.38710809788432
183.38710809788432
183.38710809788432
183.38710809788432
183.38710809788432
183.38987304078088
183.38970684111675
183.39087047864737
183.39089693469904
183.39089693469904
183.39089693469904
183.39089693469904
183.39089693469904
183.39089693469904
183.39089693469904
183.39089693469904
183.39089693469904
183.39089693469904
183.39089693469904
183.39089693469904
183.39089693469904
183.39089693469904
183.39089693469904
183.39089693469904
183.39089693469904
183.39089693469904
183.39089693469904
183.39089693469904
183.39089693469904
183.39089693469904
183.39089693469904
183.39089693469904
183.39089693469904
183.39089693469904
183.39089693469904
183.39089693469904
183.39089693469904
183.39089693469904
183.39089693469904
183.39089693469904
183.39089693469904
183.39089693469904
183.39089693469904
183.39089693469904
183.39089693469904
183.39089693469904
183.39089693469904
183.39089693469904
183.39089693469904
183.39089693469904
183.39089693469904
183.39089693469904
183.39089693469904
183.39089693469904
183.39089693469904
183.39089693469904
183.39089693469904
183.39089693469904
183.39089693469904
183.39089693469904
183.39089693469904
183.39089693469904
183.39089693469904
183.39089693469904
183.39089693469904
183.39089693469904
183.39089693469904
183.39089693469904
183.39089693469904
183.39089693469904
183.39212204183121
183.39212204183121
183.39212204183121
183.392115647313
183.392115647313
183.392115647313
183.392115647313
183.392115647313
183.392115647313
183.392115647313
183.392115647313
183.392115647313
183.392115647313
183.392115647313
183.392115647313
183.392115647313
183.392115647313
183.392115647313
183.392115647313
183.392115647313
183.392115647313
183.392115647313
183.392115647313
183.392115647313
183.392115647313
183.392115647313
183.392115647313
183.392115647313
183.392115647313
183.39379236435636
183.3947768280965
183.3947779279394
183.3947779279394
183.39574836306912
183.39574836306912
183.39574836306912
183.39574836306912
183.39574836306912
183.39574836306912
183.39574836306912
183.39574836306912
183.39574836306912
183.39843882569545
183.4002232608667
183.4002296004712
183.40080192347742
183.40082201992192
183.40082201992192
183.40082201992192
183.40082201992192
183.40082201992192
183.40082201992192
183.40082201992192
183.40082201992192
183.40082201992192
183.40082201992192
183.40082201992192
183.40082201992192
183.40082201992192
183.40082201992192
183.40082201992192
183.40082201992192
183.40082201992192
183.40082201992192
183.40082201992192
183.40082201992192
183.40082201992192
183.40082201992192
183.40082201992192
183.40082201992192
183.40082201992192
183.40082201992192
183.40082201992192
183.40082201992192
183.40082201992192
183.40082201992192
183.40082201992192
183.40082201992192
183.40082201992192
183.40082201992192
183.40082201992192
183.40082201992192
183.40082201992192
183.40082201992192
183.40082201992192
183.40082201992192
183.40082201992192
183.40082201992192
183.40082201992192
183.40082201992192
183.40082201992192
183.40082201992192
183.40082201992192
183.40082201992192
183.43691112978354
183.43786031057908
183.43945906838684
183.4394706377105
183.439466000434
183.439466000434
183.439466000434
183.439466000434
183.439466000434
183.44001007970945
183.44001007970945
183.44001007970945
183.44001007970945
183.44001007970945
183.44001007970945
183.44001007970945
183.44001007970945
183.44001007970945
183.44001007970945
183.44001007970945
183.44001007970945
183.44001007970945
183.44001007970945
183.44001007970945
183.4454058302009
183.4454378932325
183.44557077509108
183.44615595843976
183.44615595843976
183.44615595843976
183.44615595843976
183.44615595843976
183.44615595843976
183.44615595843976
183.44615595843976
183.44615595843976
183.44615595843976
183.44615595843976
183.44615595843976
183.44615595843976
183.44615595843976
183.44615595843976
183.44615595843976
183.44615595843976
183.44615595843976
183.44615595843976
183.44615595843976
183.44615595843976
183.44615595843976
183.44615595843976
183.56131390194747
183.56137420540063
183.56137571479178
183.56137966544514
183.56137966544514
183.56137966544514
183.56137966544514
183.56137966544514
183.56137966544514
183.56137966544514
183.56137966544514
183.56131390194747
