with mode=1, handoff cost coefficient = 1.0
173.78696467095477
173.8153040497341
173.92650345784233
173.95268293253875
173.96862125012714
173.99909424345248
174.048346589646
174.0759084894868
174.09810160089444
174.20916758032038
174.2539650173618
174.2878351120227
174.3435834758203
174.37154567808602
174.4031455903675
174.48457559962355
174.55560559304666
174.58272622576607
174.60997599126836
174.6738258337351
174.68229518318736
174.70305627354918
174.84143419197747
174.87583916100988
174.89799153334502
174.91423215510574
174.91951524309042
174.99672996596556
175.03010908675373
175.0792934471574
175.0920286639062
175.09383525479174
175.09879765904577
175.14832596567294
175.16210847651797
175.16910039474638
175.2253360344669
175.2768719287273
175.28881176748644
175.30271210379362
175.3081241890736
175.31781562404782
175.3331114789101
175.33300262649382
175.3360691188469
175.38582079736432
175.4407991755907
175.47407080959542
175.48118865774464
175.496859233179
175.51225622894896
175.52032792920457
175.5297835974685
175.54645975167554
175.56657302243565
175.58295348594444
175.58075127978248
175.61503817674065
175.6376970910082
175.65098284236527
175.75103229619327
175.82137701938444
175.82933140468558
175.85606040713165
175.86116466221688
175.88534821890494
175.89708839912706
175.9496006821676
175.95713587873104
175.9574071956987
175.95668956558094
176.01212390914722
176.0181205587584
176.03941410079767
176.09586212913186
176.1605509384105
176.16191037411593
176.1702717417183
176.17259828578582
176.176907793977
176.23989340485102
176.23939622278297
176.24318968818764
176.25231883136055
176.25647118140017
176.3120866273004
176.40594134176212
176.46884174921016
176.48992340116737
176.4897693289558
176.5473979303823
176.5818080199649
176.58930689942397
176.5914826852891
176.5917940757032
176.59343833592783
176.60503260832274
176.61009014607595
176.70782766734348
176.72790266883442
176.73845072087545
176.73996830766546
176.74651058333856
176.76245085251915
176.77659249853423
176.7874353543816
176.8060527583739
176.8339672886094
176.89682860935324
176.90652820688518
176.92591765529767
176.97338523651737
176.9783155268537
177.04794174873544
177.0700587640633
177.08153308378235
177.14804399044
177.2050474715934
177.20496361856195
177.2526978922372
177.2556847155472
177.27068124460348
177.27721576757725
177.28736768038888
177.3347247980669
177.35238486201087
177.36415199976145
177.38313075071144
177.4347643235098
177.45497156464165
177.47181411784
177.52210569324123
177.54189071308417
177.54383953181159
177.56508332087935
177.56665482284757
177.57013581436144
177.58748669385676
177.64325979102858
177.64858373815534
177.64676356687147
177.6486685560594
177.6647497442894
177.6758508356484
177.68567891388855
177.68752978881162
177.712506828495
177.7369188340304
177.7550259611638
177.8225528511316
177.82263256722715
177.83202551014307
177.84117801315202
177.84435481665273
177.86591609499507
177.87519984488944
177.87660257704763
177.88606744193854
177.89856251998523
177.90931792720374
177.90741708484433
177.93089584737464
177.97822185481903
177.98534722515464
177.98538514960944
177.98798769407543
178.0410473618481
178.06482625077356
178.11376609515682
178.15787806872186
178.17438356143793
178.18861862428295
178.18623866781883
178.25196701745946
178.26148261930834
178.25888943418346
178.2738914769879
178.28336770436783
178.38447757182456
178.3833232040066
178.4295743782288
178.4323128566895
178.4319652186059
178.4344903185319
178.44187854781592
178.44877832313546
178.44707057294627
178.4510710274596
178.45129486431276
178.45042410585648
178.4600194849121
178.47000047432334
178.48432277753676
178.57529825294188
178.61086977121727
178.65857081803676
178.7167461977316
178.7403180649155
178.79139268163624
178.81204054132178
178.81073859939616
178.83249962730002
178.88356718400274
178.9055133489491
178.9052548643682
178.90347140899138
178.936631254768
178.94891711622986
179.053717110031
179.1551929970985
179.15911427342493
179.21149253099082
179.21647784848295
179.2670162681529
179.26968349268753
179.27035620741827
179.26877157736268
179.2773294354051
179.2759372090447
179.27724434941862
179.2875060210261
179.28878680054072
179.3413893224821
179.35718118172753
179.3578397166058
179.3597993329447
179.36454825796875
179.37431044714123
179.465387443649
179.4649134339945
179.46957761556178
179.47158464080965
179.47745887411267
179.4792892958132
179.4784330727227
179.47999639123412
179.52823099538827
179.53046402539638
179.57297208440065
179.58024757777736
179.58772264361272
179.6336160903404
179.6531538425236
179.697742529359
179.6948257533166
179.71120598817282
179.7326125266183
179.77704441741548
179.77844223478647
179.79877864923014
179.8017268317412
179.80148284708022
179.80295713065715
179.8631147762384
179.88575587994563
179.89040366351588
179.9041237901916
179.90517636367687
179.99872463331104
180.04650481377945
180.04585867015442
180.0458605105354
180.06679915686033
180.07213671967412
180.12331580879618
180.1506770265007
180.15045450911583
180.1963033185293
180.22190566608197
180.22176077049818
180.25661136204897
180.25893650309368
180.2607185453629
180.2608264940992
180.28105159021385
180.35350060494858
180.35675515628066
180.35744568868878
180.3707499773396
180.37308698282905
180.47058828663134
180.46840820975058
180.46707122427625
180.46478182163574
180.47143597173897
180.61535764672757
180.61630983492873
180.6221521360012
180.6767093814285
180.67451349395523
180.67532810300116
180.679116671189
180.7072642447181
180.72811038353703
180.7342977837374
180.7374159409183
180.74480958984537
180.74319032178482
180.75139732477035
180.7721454368118
180.8160213709323
180.81756232420136
180.82023846341946
180.84672013746342
180.84346707952437
180.95402144930634
180.95872773578742
180.97106726290778
180.9753262940894
180.97479786153676
180.99453135218067
180.9975153502456
181.01872562132488
181.01662989471728
181.0189494889558
181.02003457616183
181.01731831911752
181.06590575716473
181.07941573880672
181.07961072151377
181.08250988735543
181.12399536079076
181.17949926740744
181.2003772257788
181.22378291993454
181.27393365020734
181.27482977239296
181.2950571249941
181.29466994761842
181.29446594509176
181.29580991072905
181.3052559917715
181.30753386637386
181.31663407380398
181.31870703491523
181.31825309297184
181.3204580046094
181.32165099071926
181.32098258087743
181.31994161356113
181.34914714287672
181.35364854453084
181.40393570858623
181.46800049522454
181.4684577590612
181.4716176942114
181.4851174693897
181.4929002386578
181.494930838875
181.55246530719023
181.55288306029863
181.61912758412257
181.62365215966034
181.62595537872775
181.63809133713323
181.63699938786357
181.70003027932339
181.71248701800323
181.71142865816603
181.711736886971
181.71951320825895
181.7232065810713
181.72422269414434
181.72504078679395
181.74498377716125
181.74336289804566
181.76243946295807
181.76409323868393
181.76133595115775
181.760785232289
181.75986597716167
181.80709588691423
181.8061956382536
181.8221787531348
181.83538970069955
181.837262999164
181.83591609128896
181.83613587799238
181.8388690539785
181.83975285293343
181.84593424266384
181.84548920914582
181.8438880941302
181.84597710280786
181.8477217926742
181.84916825804623
181.8484409519273
181.86378863292467
181.8615729274805
181.86432094654108
181.87881805127813
181.8861547707471
181.93063890598378
181.9303665750476
181.9357621114347
181.93458954363436
181.93382763142372
181.94127317714918
181.96775021591657
181.96638439757737
181.97899446422528
181.9873093758995
181.99491712488393
182.0713985695642
182.10312247249047
182.12464074519528
182.14340274327742
182.1518006478768
182.15820781081857
182.16516222437093
182.1845570225056
182.19031859718015
182.252200133511
182.29117620327355
182.293202235678
182.29098313281213
182.2910398977508
182.3381456263476
182.34714806757773
182.34842085431745
182.390741494329
182.38861089538992
182.38691308699265
182.38470114481362
182.38652261922323
182.4089855114887
182.4150542448091
182.47392916960212
182.47352463023248
182.48199391577197
182.48385775604382
182.49831630699302
182.51867205673034
182.5313907796048
182.5381851181861
182.5572355344609
182.55820898188495
182.56032060323034
182.57086199173526
182.57050295511323
182.57486645008228
182.58792465644194
182.59000194530296
182.59037432424105
182.5921671183603
182.59653916520338
182.6513452700807
182.654198578484
182.6668040640173
182.66744744968585
182.67012577829345
182.6873693614887
182.68519873730975
182.72964447363415
182.72942492018936
182.7281600264252
182.77090083546588
182.76990788670167
182.78266981078377
182.79494988994264
182.8093012978214
182.81060016855622
182.81765823887662
182.83526151694122
182.8439160823559
182.84353059259072
182.84141030519805
182.87348495759989
182.89874386620787
182.89717364246553
182.89865377874287
182.89850777563558
182.9021628167361
182.94262857550822
182.98282234780797
182.9820131772673
182.98282196529527
182.98079295051429
183.0286929482054
183.07102176029784
183.07782038638322
183.0846577659142
183.13138580845109
183.23383013257921
183.23548184667973
183.24830705709385
183.26735253462718
183.28850038176435
183.3305081295609
183.3292731237028
183.36260267704648
183.36757626128244
183.36757673946826
183.39083710937945
183.3905500097932
183.3924430831853
183.40641990940173
183.40507790004852
183.40295148565713
183.4096162268976
183.4438090488493
