with mode=0, handoff cost coefficient = 1.0
185.93381053094473
185.93338368956412
185.93410788138084
185.92993939891036
185.94737469811542
185.94629287892934
185.93586192743666
186.12223773285857
186.10865936025274
186.10483722134282
186.14338845059794
186.14447026978402
186.1531322342756
186.14837183984795
186.1490087218869
186.14624349854833
186.1606539274935
186.15204037654468
186.14959077043073
186.15160658481096
186.15232164573894
186.25595969349672
186.24662273599296
186.2552362869418
186.24211548197803
186.2863002831208
186.28720338773078
186.3028599057122
186.3054117135311
186.38450603418656
186.46071278782165
186.48656676088999
186.48702262898965
186.46974784201421
186.47536977884707
186.48153673660138
186.48084367045422
186.48702262898965
186.4889615724021
186.48908541432422
186.5720983092875
186.57240215513426
186.57255912236022
186.5712510057235
186.57255912236022
186.57400908409326
186.57735209783968
186.57679005463157
186.57701419426712
186.57713610685101
186.58181653059458
186.6605132366295
186.66087217047811
186.7355031113177
186.8124638846519
186.81555863339463
186.8189140897264
186.81903137188948
186.90277922036623
186.90228501784497
186.90346674721437
186.9062053047358
186.9054607104355
186.9524107044037
187.02870338627525
187.03269554235288
187.03185269117054
187.03308168602268
187.03290620773365
187.03113277507524
187.0334415375804
187.0365935133289
187.03328780762874
187.03374514403927
187.07483262325422
187.10220674750113
187.10224311103963
187.10314918767898
187.10300943221532
187.18693166831378
187.18710436412957
187.18821233716065
187.18112036391798
187.18145914965916
187.20877355875714
187.2090784668717
187.20900861685735
187.23254266215858
187.25402250335412
187.3860515407793
187.38625873363605
187.38340479503097
187.38015827045527
187.38145000281273
187.38565311865557
187.38625873363605
187.38630822048316
187.3861074281968
187.3861045869325
187.38665108480723
187.3867757200589
187.38650510385835
187.3868050262521
187.3868416274684
187.38726366433957
187.3873585747041
187.38755936699047
187.39157305235778
187.390993426126
187.3928747300631
187.3940467041902
187.3925818735367
187.39456973288483
187.39487841203163
187.43510436422707
187.472346491434
187.47240594082572
187.47212225326209
187.4721776581003
187.4722341636867
187.48475194755065
187.48534375764174
187.4855452462998
187.4848817636342
187.48506432924935
187.48505763918118
187.48507109808656
187.4855452462998
187.486148704793
187.4861978347285
187.48653556262983
187.48659388433265
187.48666722112682
187.48753542593144
187.4877645057339
187.48757729021884
187.48791898501165
187.48798574845893
187.48881779678703
187.48994774194304
187.49001927528852
187.48999437022476
187.4907516576212
187.49096008623292
187.4909650359157
187.49570016219232
187.49714004664798
187.49782207283252
187.49830979297911
187.50227910853013
187.5022888160446
187.50231797751508
187.51953920521498
187.52032042139592
187.52035198699667
187.52068976745755
187.52066197219568
187.52352656157342
187.54418296121858
187.54508315015508
187.55162876207925
187.56864301078156
187.56897806421125
187.57124395049095
187.57181729333377
187.57216286472175
187.57283525253592
187.57593826469218
187.57596890757796
187.57693605345563
187.57693876641605
187.57698979864034
187.57705244075004
187.57771489863728
187.5776409831471
187.57766488436894
187.57850284435304
187.57855200051807
187.57890239492215
187.57892699010253
187.57897812465382
187.58120007651246
187.581232368638
187.58125001769093
187.58132932198868
187.5849684194621
187.58679464751975
187.60735337930788
187.60738931729895
187.60742178888466
187.60750706475926
187.6085193684561
187.60810213534563
187.6293178663447
187.6293251875123
187.6293258680504
187.63096798668582
187.63098521742404
187.6310327077838
187.631033614758
187.6511648835144
187.6512038995197
187.65128591658618
187.65123616426106
187.6511487556007
187.651201001264
187.65196533849758
187.65190129790312
187.65212225236715
187.65214455926883
187.65201410317442
187.65296236429265
187.6530291354899
187.65283498593948
187.6528799186036
187.65330412223955
187.65349827178997
187.65350003410254
187.65339862379057
187.65339926994906
187.6535442602331
187.65354361407458
187.65355872794171
187.67156437497417
187.67161131623834
187.67165501057235
187.67104067020924
187.67097207729165
187.67146469422855
187.67216719498245
187.67241454135282
187.6724176061683
187.6739490131852
187.67385754059464
187.6740353780974
187.67760229112176
187.67891686872636
187.67914266930995
187.68039863836916
187.68041266552387
187.70057167657768
187.71824229660055
187.7182396873517
187.7189410413006
187.75199173079687
187.75198645608208
187.75198778597047
187.7516664571639
187.75960937690354
187.75961658548414
187.7624582466383
187.76344864181118
187.7634639295215
187.7634970287817
187.78145297520462
187.78152466702076
187.7815467147533
187.78256424588108
187.7825976696589
187.7826253162062
187.78263396959596
187.78271949086897
187.78284376500613
187.78320678673552
187.78328161353764
187.78393711787842
187.78393993944354
187.7839339167539
187.7838224764314
187.78355740457806
187.78393711787842
187.78441230603335
187.7844170449116
187.78428010717528
187.7843023870485
187.78450418106937
187.78455671649658
187.7846485023008
187.7847788859708
187.78506736144064
187.78514332279886
187.78514490359643
187.78513986512775
187.78524865303865
187.78529122000347
187.78567893886625
187.78569037874635
187.79446081665597
187.7949506190531
187.79495355479955
187.79541971916612
187.79547430689186
187.7954905542552
187.79573956554557
187.7961109123258
187.79626797291746
187.79622348484816
187.79635366126968
187.79635486395813
187.7964638458468
187.80521055179872
187.8057941112271
187.8090279066834
187.80903350190982
187.80912308567193
187.80912734655743
187.82414879003514
187.82415952153474
187.82417394758897
187.8241645661577
187.824222404305
187.82422048069347
187.84107969880313
187.84088304169225
187.84088340007457
187.85590029088902
187.8559115913518
187.85603209438597
187.8560335187142
187.86665094627196
187.86673023000486
187.86704440453354
187.86704470978373
187.86707001389573
187.8672311967295
187.86725428468367
187.8674588013339
187.86764609159664
187.8676471439771
187.86818369555618
187.8686406999715
187.87871513664402
187.8788956775129
187.87904209144625
187.87913855013113
187.8790975613099
187.87911849569048
187.8791177819712
187.87912422728476
187.87956244324334
187.8799384494465
187.8799894496101
187.88003262983307
187.88912734998266
187.88914278672664
187.88916550250167
187.90600718162028
187.90600935010337
187.90602955748548
187.90788588166768
187.9078973911936
187.90823578855225
187.90824343610373
187.91832649294454
187.91918836477578
187.92857787886518
187.92891198512834
187.94517262583295
187.9452776121841
187.9453568460919
187.94534694011327
187.95419723978262
187.95425059213358
187.96433515320842
187.964778531726
187.9648209308161
187.96675755240128
187.96674777716896
187.9667777635328
187.96765232367804
187.97643502658616
187.97644556710296
187.97656407473528
187.97683706468848
187.976871638062
187.9770106845809
187.98560487430416
187.98565720468832
187.98589760058005
187.98643723050873
187.9864319280356
187.98660929378053
187.98707291294832
187.9870152874757
187.98702796451846
187.9873277247447
187.98745010089556
187.98816409521407
187.98863023080207
187.98864275421323
187.98871269267534
187.98861460800805
187.98899582317244
187.99909707138693
187.9991070422539
187.99915337429735
187.99930078091165
187.99929622310944
187.9994344616523
188.00952918847375
188.0095313981186
188.00955374095008
188.0249692988313
188.0249772824307
188.02686147089042
188.02684183606715
188.02689976288644
188.02715534333376
188.02715578563107
188.03642206837864
188.03655223446034
188.0396714954065
188.03967250152496
188.03972032189282
188.03997405892036
188.03998312973954
188.04000487850826
188.04000504788698
188.05063149440247
188.06071817265533
188.06066368017497
188.0608499619538
188.06083668830698
188.07146019710527
188.07166945224233
188.07181688844068
188.07197259385055
188.0719799164923
188.0720613992849
188.07192963113823
188.075059682463
188.07526252814213
188.0842033443053
188.08416952535995
188.08416585998344
188.08416954510085
188.0841878696876
188.09426582613594
188.0974182783296
188.0974207648452
188.09745687061883
188.09744133627095
188.09763604198332
188.09764949535844
188.09756223639008
188.097567426472
188.09763481470185
188.0979243189555
188.09793113972523
188.0983545203367
188.09846084875278
188.09851624260523
188.09851527576865
188.09850927134562
188.0985152178152
188.0986517607151
188.09874069535343
188.0987410917697
188.09873522181164
188.0988335817581
188.09883534019724
188.09883531491178
188.09876465806443
188.0989035715466
188.09977234989532
188.09985444953813
188.09987159314278
188.09987787940148
188.10011760599605
188.10013530108932
188.10009760128935
188.10012456940171
188.1003650188556
188.1004446727366
188.10045688102474
188.11675925557174
188.11679786834284
188.11680014481956
188.11681526694218
188.1167845863091
188.11694876664757
188.11695356132574
188.12585787790167
188.125926204173
188.12602972119507
188.12613395758183
188.12615288032202
188.12622289205638
188.12632623106492
188.12645974136632
188.1264696863921
188.12647176686505
188.1264824574775
188.1297122118199
188.129867656654
188.12995528248513
188.12996579088917
188.13000174847915
188.13010170729765
188.12993999362598
188.13010170729765
