with mode=3, handoff cost coefficient = 1.0
185.93381053094473
185.93381053094473
186.23743463390412
186.2613936161098
187.10498163412944
187.11194069264593
187.1936810182359
187.75610590657772
188.18433609458674
188.210196094776
188.22241434052467
188.98491966669494
188.98605381857848
188.98427255452094
189.67457199768847
190.19572650319347
190.6482287196309
190.74970987588583
190.9505200969817
190.9966602463544
190.99747008698446
191.00155046390884
191.0279387953556
191.0262691089681
191.0279348477524
191.02241643837817
191.02241643837817
191.02241643837817
191.02534144044205
191.02534144044205
191.02534144044205
191.40325950131592
191.3995273585068
191.40008771981425
191.4006518613032
191.4006518613032
191.40436227478008
191.87129720013453
191.8721145388857
191.87028818323353
191.86818546863338
191.86818546863338
191.86818546863338
191.8760424089503
191.87785876989625
191.87829478858853
191.87863480040647
191.87863480040647
192.55768923958385
192.5447329061335
192.54441199761465
192.5440300882422
192.5507707612254
192.94632868366472
192.94486462384725
192.94439629478836
192.91242725792344
192.91242725792344
192.91242725792344
192.91242725792344
192.91242725792344
192.91242725792344
193.23895440371368
193.23804892340934
193.5614352657279
193.5598692339673
193.56143058141393
193.5616716086781
193.5616716086781
193.58799978309844
193.59973664424308
193.60677527492595
193.6091027381941
193.6135279658646
193.61619900566026
193.61731195376166
193.88533477122337
193.8795574357124
193.8790068114362
193.87956633265222
193.87956633265222
194.14134973879655
194.14296958713598
194.13963983807056
194.14295899212252
194.14295899212252
194.1462024731869
194.1468054592574
194.16799297395985
194.3711191325264
194.3717305945345
194.36720995233426
194.36330776385236
194.36330776385236
194.36330776385236
194.36330776385236
194.36615598897896
194.36615598897896
194.37958997269203
194.38151578833217
194.38268855163545
194.3946223397897
194.39545359025587
194.39399464266313
194.4043568988195
194.4046601128107
194.40439883327696
194.403244546807
194.403244546807
194.403244546807
194.403244546807
194.403244546807
194.403244546807
194.403244546807
194.403244546807
194.403244546807
194.403244546807
194.403244546807
194.403244546807
194.40549189184728
194.40549189184728
194.41464366407058
194.41498301489096
194.41295422447723
194.40950026617568
194.40950026617568
194.40950026617568
194.40950026617568
194.40950026617568
194.40950026617568
194.40950026617568
194.40950026617568
194.4116619982102
194.4116619982102
194.41454776302507
194.41757677843518
194.4212273346881
194.41895104511354
194.41895104511354
194.42087338933433
194.42087338933433
194.42087338933433
194.42226564468584
194.42226564468584
194.42226564468584
194.42332660034722
194.42332660034722
194.42576135159558
194.42742270007355
194.42693971439184
194.42871171343404
194.4277095615709
194.4277095615709
194.4277095615709
194.4277095615709
194.4277095615709
194.4277095615709
194.4277095615709
194.4277095615709
194.4277095615709
194.4277095615709
194.4277095615709
194.4277095615709
194.4277095615709
194.4277095615709
194.4277095615709
194.4277095615709
194.4277095615709
194.4277095615709
194.42889713839543
194.42889713839543
194.43114328264497
194.43080772383246
194.43232998688674
194.43181554835513
194.43332269162084
194.43332269162084
194.43332269162084
194.43332269162084
194.43332269162084
194.43332269162084
194.43332269162084
194.43332269162084
194.43332269162084
194.43332269162084
194.43332269162084
194.43332269162084
194.43332269162084
194.43332269162084
194.43332269162084
194.43332269162084
194.43332269162084
194.43332269162084
194.44666619850236
194.44562576189645
194.4465644009058
194.445976446527
194.445976446527
194.445976446527
194.445976446527
194.445976446527
194.445976446527
194.445976446527
194.445976446527
194.445976446527
194.445976446527
194.445976446527
194.445976446527
194.445976446527
194.445976446527
194.445976446527
194.445976446527
194.445976446527
194.445976446527
194.445976446527
194.445976446527
194.445976446527
194.445976446527
194.445976446527
194.445976446527
194.57899064291428
194.58507995029368
194.58624908597997
194.5863009689941
194.5875462360971
194.58715538028628
194.5956003778005
194.59600238671356
194.59600238671356
194.59619527732085
194.59619527732085
194.59619527732085
194.59619527732085
194.59619527732085
194.59619527732085
194.59619527732085
194.59619527732085
194.59619527732085
194.59619527732085
194.59619527732085
194.59619527732085
194.59619527732085
194.59619527732085
194.59619527732085
194.59619527732085
194.59619527732085
194.59619527732085
194.59619527732085
194.59619527732085
194.59619527732085
194.59773843649845
194.59773843649845
194.59773843649845
194.59850205963284
194.59850205963284
194.59885237505208
194.59883965239632
194.59883965239632
194.60016415452603
194.60016415452603
194.60016415452603
194.60054201912735
194.60054201912735
194.60054201912735
194.70573005423583
194.70582842127632
194.70017203859697
194.7004059301323
194.817553853411
194.81745773897023
194.8174627099459
194.8184499647716
194.8209321072858
194.82022458298454
194.82634093308178
194.82581737808664
194.8266135821574
194.82694782936167
194.82694782936167
194.82694782936167
194.82694782936167
194.82694782936167
194.8309498019608
194.8332293781862
194.8335113927832
194.8328334987731
194.8458283451603
194.8461256364061
194.8473056845042
194.84755988507465
194.84755988507465
194.84755988507465
194.84755988507465
194.84997195463967
194.8501365161315
194.85011662745507
194.84998319299075
194.84998319299075
194.84998319299075
194.84998319299075
194.84998319299075
194.84998319299075
194.84998319299075
194.84998319299075
194.84998319299075
194.84998319299075
194.84998319299075
194.84998319299075
194.84998319299075
194.84998319299075
194.84998319299075
194.84998319299075
194.84998319299075
194.84998319299075
194.84998319299075
194.84998319299075
194.84998319299075
194.84998319299075
194.84998319299075
194.84998319299075
194.84998319299075
194.84998319299075
194.84998319299075
194.84998319299075
194.84998319299075
194.84998319299075
194.84998319299075
194.84998319299075
194.84998319299075
194.84998319299075
194.84998319299075
194.84998319299075
194.84998319299075
194.84998319299075
194.84998319299075
194.84998319299075
194.84998319299075
194.84998319299075
194.84998319299075
194.84998319299075
194.84998319299075
194.84998319299075
194.84998319299075
194.84998319299075
194.84998319299075
194.84998319299075
194.84998319299075
194.84998319299075
194.84998319299075
194.84998319299075
194.84998319299075
194.84998319299075
194.84998319299075
194.84998319299075
194.84998319299075
194.84998319299075
194.84998319299075
194.84998319299075
194.84998319299075
194.84998319299075
194.84998319299075
194.84998319299075
194.84998319299075
194.84998319299075
194.84998319299075
194.84998319299075
194.84998319299075
194.84998319299075
194.84998319299075
194.84998319299075
194.84998319299075
194.84998319299075
194.84998319299075
194.84998319299075
194.84998319299075
194.84998319299075
194.84998319299075
194.84998319299075
194.84998319299075
194.84998319299075
194.84998319299075
194.84998319299075
194.84998319299075
194.84998319299075
194.84998319299075
194.84998319299075
194.84998319299075
194.9913362619452
194.99143542652217
194.9908418697624
194.99077719815853
194.99077719815853
194.99077719815853
194.99077719815853
194.993112752766
194.993295764468
194.993295764468
194.99330927227803
194.99330927227803
194.99531084250359
194.99545838146543
194.99552731595705
194.99574181460093
194.99574181460093
194.99574181460093
194.99574181460093
194.99574181460093
194.99574181460093
194.99574181460093
194.99574181460093
194.99574181460093
194.99574181460093
194.99574181460093
194.99574181460093
194.99574181460093
194.99574181460093
194.99574181460093
194.99574181460093
194.99574181460093
194.99574181460093
194.99574181460093
194.99574181460093
194.99574181460093
194.99574181460093
194.99574181460093
194.99574181460093
194.99574181460093
194.99574181460093
194.99574181460093
194.99574181460093
194.99574181460093
194.99574181460093
194.99574181460093
194.99574181460093
194.99574181460093
194.99574181460093
194.99574181460093
194.99574181460093
194.99574181460093
194.99574181460093
194.99574181460093
194.99574181460093
194.99574181460093
194.99574181460093
194.99574181460093
194.99574181460093
194.99574181460093
194.99574181460093
194.99574181460093
194.99574181460093
194.99574181460093
194.99574181460093
194.99574181460093
194.99574181460093
194.99574181460093
194.99574181460093
194.99574181460093
194.99574181460093
194.99574181460093
194.99574181460093
194.99574181460093
194.99574181460093
194.99574181460093
194.99574181460093
194.99574181460093
194.99574181460093
194.99574181460093
194.99574181460093
194.99574181460093
194.99574181460093
194.99574181460093
194.99574181460093
194.99574181460093
194.99574181460093
194.99574181460093
194.99574181460093
194.99574181460093
194.99574181460093
194.99574181460093
194.99574181460093
194.99574181460093
194.99574181460093
194.99574181460093
194.99574181460093
194.99574181460093
194.99574181460093
194.99574181460093
194.99574181460093
194.99574181460093
194.99574181460093
194.99574181460093
194.99574181460093
194.99574181460093
194.99574181460093
194.99574181460093
194.99574181460093
194.99574181460093
194.99574181460093
194.99574181460093
194.99574181460093
194.99574181460093
194.99531084250359
