with mode=1, handoff cost coefficient = 1.0
185.93381053094473
185.98144042452248
186.06997138122156
186.07580800824672
186.1061353942885
186.1497351063048
186.19284179850396
186.2097855740031
186.221194622891
186.25501551955878
186.31914646926393
186.36594504811538
186.39222368415375
186.39595814039708
186.442537396187
186.45543496674284
186.48124127490271
186.50239108307878
186.51596803750027
186.55567096665405
186.61625373509108
186.67718511650173
186.74475326187502
186.76807717854626
186.78342998599024
186.78259143416358
186.81578488570798
186.899069942383
186.90059992923668
186.9667436942648
186.9950417980281
187.0482195636765
187.0747539153877
187.11558053095084
187.11975186130002
187.1942626159307
187.26279547273586
187.32105380302104
187.34040041177155
187.37852301660803
187.4171479004104
187.4326242199785
187.45403967840417
187.4897722477941
187.52028730569145
187.51646539814894
187.54726460784235
187.5760066529278
187.57950678571197
187.5827437837545
187.58486561485898
187.6093285114191
187.6283180425575
187.699343303408
187.74446133115845
187.7476522749018
187.79611881891267
187.7968666650242
187.8068282214603
187.8064930294446
187.8161810159756
187.8563163161653
187.93617567230692
187.9891331323012
188.00782840436491
188.05712743245817
188.10042024415506
188.09981335008132
188.09806930042464
188.09925693706947
188.1094538858416
188.11508479210264
188.1236169066242
188.15093976152963
188.1760707168842
188.19500667814864
188.2621885089913
188.26782641214734
188.284984322322
188.28838598980744
188.3093863237669
188.34007481426335
188.35774155559608
188.35923610075827
188.4115770206656
188.44073876383197
188.44035244643575
188.49669344098018
188.4970672951324
188.53920278277997
188.62680354826796
188.63389720766148
188.63171391180464
188.69272133481329
188.70133726449822
188.72427428639435
188.77119560411043
188.77097073140948
188.81341626408081
188.84690622358414
188.85398109241473
188.85528305771248
188.85495814421404
188.88901913983085
188.90718180005067
188.92574769242967
188.92506258869946
188.93099889320519
188.93099771837154
188.93833466086565
188.94472619055512
188.99284128979937
189.04095753362517
189.08354511640843
189.09065189065734
189.13097295453656
189.14282572229547
189.1641484237481
189.20166337269706
189.24081580516406
189.27670219393372
189.31735952111336
189.35563849239597
189.36024324271386
189.4154598133281
189.47980819380882
189.49849241221247
189.55174044783152
189.55268643225338
189.60404796473225
189.66087677714458
189.6770972434555
189.71600961921627
189.75454940930447
189.79161781816504
189.79109229949225
189.84929478013294
189.88173899454466
189.9007056157598
189.90237478601873
189.92569755176243
189.9636240728459
189.9626002156755
189.98486497715254
190.01928528760521
190.0252160137312
190.0579618185719
190.09815468638362
190.10313399321356
190.10313468915174
190.10420909421867
190.1079289650293
190.1068917686515
190.12818451007854
190.17423429045635
190.17477067338947
190.17327023872323
190.19505638252141
190.19177205980108
190.21218611430209
190.21767559273627
190.21927681784064
190.21755949047858
190.2539644031251
190.27516114770202
190.3109696961448
190.31247956571312
190.31256788168952
190.35984766691303
190.38389159175844
190.43391811145577
190.434873636369
190.4658755858614
190.46819956029734
190.49045709724317
190.49900249796278
190.50025133301267
190.5031626559865
190.54252673728152
190.6118024526143
190.61232264726854
190.61500777449368
190.61617981324073
190.61714873927852
190.616905888889
190.67171169938007
190.70486420728776
190.75775121592775
190.75957608585875
190.76201999979892
190.76072467675564
190.7600589854681
190.76053265546633
190.7791784158551
190.85340151360487
190.89440674973252
190.89632211628194
190.89462480328774
190.92531313478455
190.95245588863128
190.95262519460627
191.0344924832274
191.0330573490884
191.06532985971032
191.09634844907242
191.09929781959434
191.09988587765866
191.13887566164422
191.13500457889566
191.13360586982603
191.13878987651944
191.22555758559378
191.24087048692448
191.28228803353596
191.33021208468287
191.33571623118158
191.35419592960957
191.35730301520766
191.41124620902565
191.46932341293947
191.52473558565774
191.55822420142465
191.57483933980492
191.57681835913712
191.59445578953722
191.62824133126665
191.64566200630642
191.65642623280254
191.6591196436991
191.67821689238735
191.71329846446739
191.7169816843427
191.71982721394946
191.74023815490852
191.73922431314193
191.7396922289808
191.7421026082865
191.78648609352936
191.78437960515888
191.80306023269947
191.83752414673353
191.86861563314545
191.87011195398506
191.8713855547922
191.96203964717952
191.9622286421883
191.96155555427842
192.01313782859847
192.0669213340528
192.08641746228585
192.0875054798574
192.1316813064117
192.16198654924122
192.1824518612715
192.1982976911852
192.22015868233987
192.25322671106574
192.28473780762107
192.3031967346522
192.34125494160796
192.34236987137052
192.37502830683283
192.43018736707998
192.5022645397075
192.51701815035963
192.57469391715094
192.62166454981104
192.64034583714857
192.64208544077212
192.64189968360975
192.659377490266
192.67931007756164
192.69517119090932
192.72244352843535
192.74071060234095
192.81934053878402
192.81892697922507
192.845150832304
192.8752460496074
192.90761847030893
192.95459339057663
192.98965149936475
192.9901529629519
193.00580048595663
193.0207840264632
193.04961242687716
193.05211208424112
193.05217916977298
193.11807275548497
193.1427788681457
193.16933922743604
193.1903145309507
193.20823266382956
193.2602410504578
193.26050640858858
193.26318531340823
193.26400299533654
193.2787915769128
193.2783325906776
193.28051160639032
193.30786840163205
193.30839470332475
193.3238110623682
193.3408948162667
193.34049864042086
193.36214021038842
193.38388540062326
193.386418431283
193.38570755672202
193.40272562713216
193.43346080176016
193.43068379188304
193.4297196109658
193.44286296804816
193.47476438625065
193.47736603552482
193.47676879780286
193.52735157451656
193.5301070997305
193.54550172778875
193.54619394824488
193.58052612966128
193.59813857967293
193.61578703994914
193.64829712707535
193.64920239495302
193.6852599216704
193.7016419242886
193.71891956174667
193.73335015457477
193.73603105223734
193.78220455017131
193.77913270126365
193.8123892683365
193.8465188806374
193.85937468231384
193.85817101378817
193.8606473675726
193.86239304528675
193.86347812733212
193.86318190172938
193.8629536590109
193.86078228393785
193.8583382313654
193.86347812733212
193.86469814843096
193.88155113677476
193.91634643130067
193.94378743106105
193.9437720355923
193.94557831996605
193.9458217874855
193.94615056020422
193.94739399556786
193.9569408570378
193.9643661025444
193.97997254911473
193.98916179777194
193.98936921042485
194.0065019080343
194.01356602684365
194.01475770390022
194.03144464643535
194.03184403262628
194.03193305706245
194.0323081249904
194.0433976213412
194.04422263234767
194.04396806803072
194.06834695142237
194.06795627922307
194.07618324249094
194.0945472799698
194.1037458708806
194.1045889861665
194.1312295631957
194.1545942037332
194.15474282947463
194.15509344420985
194.1552473138177
194.16359449327064
194.16375211696914
194.17982200270413
194.1803734567105
194.18811092211877
194.18782738275368
194.2127029531146
194.21254116235755
194.2114385664585
194.22858059845993
194.22932277508363
194.22870124461548
194.23720049836322
194.2542827109767
194.25627877112504
194.2571950267182
194.2559698710134
194.25702979990962
194.2572227052734
194.25830041473455
194.26869718845933
194.26857811597603
194.26851760870784
194.26903053432443
194.28477407708584
194.2922744585902
194.30710373733248
194.31378067560485
194.31413438816284
194.3150549610734
194.31495606931932
194.31615539772724
194.3262447312686
194.3262293198465
194.3334248072169
194.3338267328005
194.333478570655
194.33338620300879
194.3565577461305
194.37246783366353
194.38022282098413
194.3916166179398
194.3916462423716
194.3991793892256
194.41536278560565
194.4487547940083
194.44948600032205
194.450423896573
194.458515412165
194.46540489870847
194.46565818914272
194.46573907957588
194.46554096095815
194.50538329887587
194.52776289367551
194.54521825017815
194.54551938449566
194.55390332166863
194.5702441351323
194.56968808708632
194.5769183559283
194.58755488640693
194.60111947297537
194.6022351828912
194.61080640798605
194.61780749073907
194.61727196845186
194.62834135643396
194.63694365910746
194.63730363850883
194.64331409071264
194.65081772738156
194.65088137813603
194.65062337997537
194.65111179021304
194.6680664431093
194.66799605138408
194.66783955841788
194.66769454543135
194.6756488502192
194.6755203452983
194.69085574158788
194.6920495347548
194.6993545812611
194.69966044149368
194.69901781389467
194.69950077598259
194.69974509173124
194.7072864371509
194.72413261121056
194.72407486516192
194.73113187388924
194.7310251942174
194.73809517982426
194.73812927485343
194.73844201661922
194.77075684076817
194.77071909872254
194.77828714323087
194.8013327082924
194.8084308550292
194.8261356469539
194.826509120592
194.82706275926728
194.83384234557766
194.84376251626924
194.84389783419635
194.85163058316408
194.85825964720559
194.8590696772361
194.86571609043324
194.8652981746892
194.86550843278764
194.88761281315774
194.88795947209536
194.88912768733144
194.8962610501524
194.89617118780305
194.9191486260801
194.9361020207503
194.936281511233
