with mode=3, handoff cost coefficient = 1.0
297.65924167774756
297.751400123054
297.7716885352291
297.93038126891497
298.33471178570653
298.6023664745552
299.20100613768295
299.763698281172
300.66680263522045
300.91257112437785
301.07232833477576
301.0567372233315
301.0892178765082
301.5440124849566
301.8544580260267
301.8978999951845
302.0426274772341
302.0250604915167
302.24232232505074
302.26211856215616
302.2585417797741
302.2570226293301
302.30114070220554
302.293922585
302.39366414476194
302.38875455001073
302.3704322812414
302.41113849946703
303.3584012030318
303.42586737601437
303.5455113178257
303.74601229294615
303.72538866225113
303.6612881805537
304.24697943957335
304.2688700937126
304.2879995683468
304.30674915109864
304.43991044027064
305.5351726152861
305.6048184505736
305.6437704455808
305.6870441459614
305.7542738849909
305.8322884510237
305.8757799444918
305.87413043684285
305.8642311891999
305.95498320677757
305.99281930168286
305.9867246500502
305.98345006212696
305.9700971259375
305.9700971259375
305.9700971259375
306.0143318912295
306.03127285635014
306.04064110094873
306.0793508074356
306.08868845484847
306.1137212224411
306.0938326297895
306.0938326297895
306.0938326297895
307.2681537068478
307.3451105688688
307.3526770956349
307.94160795977064
308.5257157398277
308.7163911578808
309.2153747211783
309.4106066301389
309.3920972417601
309.40413673215625
309.54957536861457
309.6832410354625
309.68570599058694
310.1684045708803
310.23992605826913
310.2258889404428
310.2210871187688
310.93699454174794
310.9554517148609
310.9523514193106
311.9192439131397
311.95558715989733
312.4974431815232
312.4968293285993
313.15017066018174
313.1986740291168
313.2157991878901
313.23374122828534
315.1053307927229
315.0901393983524
315.1610112145339
315.53591759571736
316.9310761645124
316.90732822524626
316.99397857746845
317.61208883080104
317.5774417277621
318.1340969661587
319.11489392506894
319.091306163926
319.11043877701053
319.10704798218984
319.11240253372125
319.14622657191086
319.1764927630724
319.13508315224635
319.1609045770791
320.91529270691075
321.04757761200887
321.33484530954706
321.767797075191
321.76586748419857
321.74590396215365
321.80828353016756
321.85162079827654
321.85185012379236
321.91345582280127
322.3920850571192
322.9129122133982
322.8975434800028
322.90851840438086
323.0469433039565
324.66613758157035
324.7195735906187
324.89511464273914
324.9128488669917
324.9726555018236
325.4199858406934
325.4342954242885
325.39520480169546
325.38989576186157
325.38989576186157
325.71225695143653
325.745325636498
325.7702073730555
325.7558314214204
325.7223493042288
325.75653091471037
325.7884325477811
325.7979617954692
325.77017941776296
325.77654619015715
326.2329241016754
326.26008551119435
327.22865772933454
327.2236524188685
327.22461995940614
327.2719573119278
327.2679254538746
327.2854191748981
327.33519824990896
327.3407125854837
327.3429666680233
327.5215605803555
327.5103647494945
328.1017900890425
328.08849694819344
328.1101955689675
328.1218475706192
328.40250901756974
329.0456013220017
329.02335689009766
329.2054332947081
329.19380516508534
329.2925985862355
329.3427694056386
329.39184137723913
329.3815079159168
329.4768597644075
329.549239384739
329.5672446255631
329.5578981065089
329.5616058210162
329.56012267053757
329.56012267053757
329.56682662856065
329.89977904698975
329.95408157783095
330.13343405904453
330.16528796019077
330.1604773947904
330.2611225335005
330.30157886918204
330.29873352635684
330.29527819891683
330.4960581417069
330.5236776361924
330.56233592535256
330.6294816177303
330.61050117605225
331.3572985319244
331.3660187884757
331.41324220419256
331.43651277006495
331.58087304168157
331.8182212585707
331.823830416584
331.8258755244965
331.87057191623353
331.9339080671791
331.98525050800254
331.988355260612
331.99539801283873
332.01814545383553
332.01659175406843
332.0349582120589
332.0460516295905
332.02407539818086
332.02407539818086
332.21855791793865
332.383509070592
332.3762521223987
332.41611730346034
332.41942214852185
332.4138273007031
332.40668337679926
332.40668337679926
332.54809291651816
332.56541902412437
332.6862523229421
332.7210741963449
332.7102213552555
332.7157542147402
332.71210311287405
332.71210311287405
332.8020174806999
332.8075186328207
332.8208179075416
332.9598998781703
333.09197422311996
333.1100274094205
333.1049753837245
333.1102712819675
333.10909290649977
333.10909290649977
333.1131769378845
333.1131769378845
333.39160380967934
333.46464250267087
333.45478079584154
333.45391833195345
333.4727849534869
333.4819375216378
333.49771443129265
333.53639398627706
333.5974704354948
333.6010657620607
333.62023269560626
333.6362429352173
333.66088888414237
333.80919903935205
333.80558883155715
333.7972825910478
333.7962790015114
333.8077192136166
333.8077192136166
333.80391727541416
333.8182585129873
333.8145434794318
333.82312420770603
333.81358034653715
333.8227160867638
333.8301650375305
333.84615451447365
333.9667399050514
333.97124958828186
333.96580020061253
334.1100131437977
334.09973938268547
334.09718498809417
334.10649055892895
334.18031534346073
334.1950800450068
334.19499901185503
334.1783280031128
334.1783280031128
334.24091008281
334.2768212374317
334.36498022659305
334.37347149564323
334.36465208720057
334.3610046776969
334.3679901336853
334.3784638729157
334.39828279863826
334.3985656038008
334.4170438254377
334.52686790206326
334.5203193155734
334.52313448089063
334.5311969699987
334.5309707416764
334.5309707416764
334.5333508527453
334.5417353240632
334.54709285641246
334.55187003296044
334.55187003296044
334.63307900802386
334.6262988598478
334.62895398939145
334.63350600965384
334.64735789615577
334.64346007628524
334.64346007628524
334.6467754417238
334.6467754417238
334.6494241713665
334.6500096954506
334.6500096954506
334.6646860007989
334.6631138941934
334.67706658765997
334.6645776599445
334.6645776599445
334.66730159479687
334.66730159479687
334.7758491337184
334.7776754219584
334.76913396426465
334.766730718464
334.80699032373
334.81822855117514
334.83346926656293
334.85551581854713
334.86204245146126
334.8680319469081
334.87174452056206
334.8669807306745
334.86691202661575
334.8784942828671
334.8784942828671
334.8720261218836
335.14491823538043
335.15764524864863
335.1679040313117
335.1731351307923
335.2071621781533
335.21132818425247
335.2093789531368
335.2076877448569
335.2076877448569
335.2076877448569
335.2076877448569
335.2643054142941
335.30711538646045
335.30448841958116
335.38227267158754
335.3834018310259
335.4028568628905
335.432854131866
335.44371189731726
335.43082846258875
335.4255416060535
335.43171999554124
335.43171999554124
335.43171999554124
335.43171999554124
335.43171999554124
335.43171999554124
335.4360724745295
335.44061558724565
335.4371147240123
335.4371147240123
335.4371147240123
335.4371147240123
335.4371147240123
335.4449646563847
335.4442943409696
335.47729052995317
335.4704814299291
335.47112308165146
335.45700662131907
335.51322741102365
335.51099517101545
335.5013479655835
335.4961411178537
335.4961411178537
335.4961411178537
335.4961411178537
335.50831084965637
335.50831084965637
335.5618690738401
335.5629204917102
335.5632719980954
335.58022251569787
335.59422549070314
335.60568460176864
335.61519643906627
335.6082676376092
335.61595943754253
335.6240561114897
335.6240561114897
335.6244262039502
335.6244262039502
335.6277481085283
335.63426025823094
335.6932210645965
335.69527222137026
335.693693477687
335.69890220383013
335.69890220383013
335.69890220383013
335.70895866847457
335.70959299148615
335.71321715526597
335.7118575498345
335.71945073336354
335.7234658401667
335.720983794704
335.723588049564
335.725744335006
335.73029033178517
335.7360843167313
335.7368730515323
335.73687827335397
335.756400472125
335.75893873840243
335.7736544675265
335.77996301189603
335.77996301189603
335.78362885092315
335.83601012922054
335.8347169411436
335.8308234298022
335.82164156635326
335.82611265144794
335.82611265144794
335.83174245285613
335.834965433198
335.8483251218421
335.84987303895514
335.8961377613232
335.90517249461817
335.94533181167066
335.9367575425506
335.93433018500247
335.9383245697356
335.9463553095589
335.9463553095589
335.95023277926964
335.9491085349345
335.98987749164814
335.9972814134166
335.99618142968194
335.99954584005224
336.0026391987484
336.0009724775346
336.0036915819279
336.00562456458977
336.00562456458977
336.00562456458977
336.008454959146
336.008454959146
336.01503631051264
336.0095558429646
336.0095558429646
336.0166152098086
336.03595025901996
336.03689727027484
336.037371142196
336.03489731859656
336.03489731859656
336.0386235629095
336.0386235629095
336.0412979098578
336.0412979098578
336.05031290935597
336.0529508872063
336.0615026298325
336.06519493212886
336.4537014988906
336.46015316785304
336.4696868610488
336.47841404124335
336.5043538644911
336.50249207355114
336.5001265901086
336.50133395728096
336.5065697955089
336.5075465086393
336.5075465086393
336.5071012078332
336.68492798045475
336.68986400303436
336.6936947411326
336.6847756770816
336.6847756770816
336.6847756770816
336.6847756770816
336.6898024917257
336.69474066553107
336.70409073253813
336.70513830815764
336.7015569766081
336.7015569766081
336.7015569766081
336.70734682960574
336.7203629725408
336.7173399244916
336.75335864991143
336.7497174527523
336.832569566036
336.8300809978756
336.8297213182017
336.83312742798796
336.83312742798796
336.83606195549396
336.84032809540236
336.84032809540236
336.84590524821994
336.8506252703572
336.84651993186026
336.8500316328117
336.85488395184143
336.8566196776569
336.86073900888744
336.8564835379706
336.8564835379706
336.8564835379706
336.8564835379706
336.8564835379706
336.8564835379706
336.8671916243104
336.86846747681363
336.86789187046577
336.8626655035539
336.8626655035539
336.8626655035539
336.94108374097925
337.0203967781882
337.01811252524374
337.0107335922555
337.01218156000823
337.0167884418262
337.0257458982935
337.02631058334237
337.02152726536633
337.02152726536633
337.02152726536633
337.02736726113017
337.02736726113017
337.03300314966543
337.03407997575414
337.0342408465399
337.0351873513566
337.0351873513566
337.0351873513566
337.0351873513566
337.0351873513566
337.0351873513566
337.0351873513566
337.0376176506404
337.0376176506404
337.0376176506404
