with mode=1, handoff cost coefficient = 1.0
297.65924167774756
297.7336784225305
297.97327599042
298.1963862873282
298.3470958407348
298.5277636877505
298.72000727837803
299.0734529830107
299.16381807708996
299.272084680813
299.4214157444395
299.46829923353766
299.70418726655333
300.07791926437767
300.4821435609164
300.5458373674797
300.77732507485905
300.90084304705164
301.2686307158665
301.65044982621407
301.807956447156
301.9369976998538
302.05903748069125
302.20958183626544
302.25229486301544
302.416893596458
302.5815920250956
302.6250533734756
302.7888169076335
302.8975978946855
303.0732467401642
303.28535393321073
303.6656834256485
303.76867607261875
303.871769707774
304.00805751174806
304.1882542102827
304.2594886844469
304.39157851420737
304.46709101878224
304.70905906288897
305.0117734110155
305.07229716742864
305.16877303122664
305.26548948878286
305.3663635732891
305.464343227533
305.71483103908685
305.9120487303458
306.06129629143584
306.2143015596617
306.28865526345965
306.4391101208284
306.6316818745299
306.7306752955221
306.84471599730267
307.0052837611258
307.1036910274003
307.45272984124716
307.69460097500337
307.8253886544121
307.9432312375425
308.06866863758995
308.1402736696869
308.29546030759957
308.35380003259183
308.4410580714366
308.5624985448619
308.7289558515881
308.8980809087616
308.9209359066477
309.04784987021634
309.2694591899079
309.6050098070459
309.70390819155244
309.80601814879265
310.06536631585124
310.179458254308
310.3105549571258
310.3311555059375
310.48962067912373
310.63367982834546
310.70846272696485
310.71695940009954
310.8393367466222
310.97030671771284
311.0715510925462
311.3533166212703
311.5050238293833
311.71189915591594
311.8016829385286
312.11013536275544
312.16402391502174
312.2584956160598
312.46564934670783
312.53699674328163
312.5599422506888
312.6656971589072
312.6727620961566
312.7928350849256
312.8177217399845
312.9013845886919
312.9922249185518
313.03115762034923
313.1482916255078
313.2648059297912
313.30607971347104
313.343259535844
313.52377123096517
313.6434329066785
313.6791317233416
313.72713002730694
313.84703205204
313.91621460787326
314.04223453440153
314.1022997149402
314.1554886291292
314.20779417176414
314.3180357917098
314.35129645045015
314.5017956837115
314.55335104729323
314.7700231752891
314.7900528654153
314.9246712087398
315.03827002620994
315.1021309551033
315.1169643453862
315.1652130559469
315.213665108063
315.31934621252884
315.3371634064649
315.52061787173955
315.64380088360645
315.69112971412244
316.02526585229947
316.1962949268841
316.2150665538212
316.30736146832567
316.3575994767996
316.3887133016691
316.5614197301664
316.57547754005964
316.61047216570717
316.6884268472122
316.70094710799884
316.78707217272927
316.89772206618227
317.2308220850622
317.2532483033441
317.4103691768593
317.49429730481654
317.52987266489197
317.57599325159146
317.6929981757383
317.82809445751604
317.9734650585399
317.9786471273984
318.0280548352464
318.04391856204484
318.12278964420653
318.27093504614965
318.35439463722537
318.3548573598955
318.5077898265632
318.50677309951493
318.6252831972261
318.6787049163153
318.68844459995734
318.6879021039963
318.73636973384305
318.7928189328077
318.8862108036566
318.9460631299306
318.9768288185604
318.9830295309858
319.03667706598895
319.1586528773942
319.3037194928451
319.4207926056239
319.4255009113576
319.5487115248791
319.693651611154
319.72503926742564
319.7514731112887
319.7384442080456
319.8320757989847
319.8766082013193
319.9827229436283
320.0345451923024
320.08531277435856
320.211694886265
320.232919796338
320.2372858004825
320.22803397170605
320.280719097621
320.307306539393
320.4314100513509
320.44618992352287
320.4490504945081
320.49199373781585
320.5410104719573
320.6574175768281
320.7122545338181
320.7817728076553
320.83262502954267
320.8419516624915
320.89631024400643
320.9186774117551
320.9713609692514
320.9942485561409
321.070766920448
321.2005756015794
321.2120068976301
321.27799171201247
321.3751977144071
321.40551761539786
321.4274981934315
321.50292839250324
321.5549063352186
321.77891453177705
321.77530941236375
321.8291585592967
321.83267341544865
321.8371044266581
321.8439348440752
321.93799599013084
321.98751036319516
322.0466536368972
322.10357197325106
322.1947199014951
322.28073888946784
322.3245257108981
322.38574790456295
322.3904313233986
322.4032880442623
322.42961838960264
322.47019768507283
322.4837490421918
322.48868349123575
322.5063835683684
322.5670462180401
322.5995312451974
322.7004667344809
322.7554191994637
322.7557282160225
322.7856139275098
322.834458121855
322.92996725390714
323.0589741669401
323.1049913659723
323.11336819784907
323.16970118105905
323.30313313123975
323.3069469741166
323.31776723767825
323.3586851420891
323.3706174322971
323.40563221154036
323.444777458423
323.50381610102977
323.5082147213712
323.51415844015537
323.6444404618235
323.715592277467
323.769601386365
323.9629447711477
324.0073645665834
324.036584483006
324.0851317330109
324.0820815337258
324.20810485187127
324.2197607625915
324.2605704238536
324.25854146193177
324.26596583712984
324.2754011185841
324.30129278932156
324.3039278771412
324.3087604920394
324.3632368203571
324.4309392088173
324.43353939783805
324.5402363719016
324.53804904837335
324.6659693713143
324.73732946133356
324.8731387426331
324.8930769757056
324.9600256936242
325.0570868811903
325.0793460699975
325.0725364943796
325.10604469339677
325.13371080948485
325.1411797893875
325.13392875675083
325.17560661652016
325.22916343875863
325.261450311506
325.26272951445725
325.2705899910806
325.31988784878234
325.4112676849586
325.45741377166064
325.4673381473182
325.50530458660955
325.5327607767679
325.5658243925718
325.63953996744317
325.7481157659653
325.84450739720137
325.88416901242675
325.8928963150727
325.88971324262303
325.94385951116124
325.9971615734547
326.03966039292914
326.08402579111305
326.13099049624213
326.18123248957926
326.1962856613272
326.217234771165
326.2429633878178
326.2578954061714
326.4597373843581
326.546106322733
326.5576158380848
326.5846061494257
326.6499247702576
326.67993205634014
326.7158221706628
326.78173118684043
326.77601021190617
326.81265844775334
326.8561042445034
326.8974144357306
326.94556337042906
327.0535858739237
327.1847382798867
327.2259564594543
327.4093130144643
327.4373664548303
327.4681893147296
327.53055384863063
327.54394373137444
327.540372371241
327.53034553319213
327.5465586214554
327.6295119687088
327.6649984651932
327.66720612889515
327.6849969354749
327.68413926545935
327.69545115429656
327.71267309914555
327.7288624307487
327.79508785929124
327.8027251821679
327.94584920028626
327.9769331752363
327.9856334298937
327.995436036549
328.0221784289281
328.091435160526
328.0956451557331
328.13503662146064
328.219651523931
328.2492727244295
328.38868762623775
328.393531724281
328.4298967514641
328.4514708961494
328.5089435188206
328.5707672710724
328.5975731590726
328.59919098277567
328.6146837141683
328.6380373598668
328.6225110290584
328.63408784850884
328.6413186751322
328.65081290861434
328.6845925060451
328.6834800183492
328.74228684456483
328.7923769193429
328.8134190235392
328.84581903047905
328.90070143520643
329.10034303757203
329.13846705551697
329.15577781297884
329.1544577489872
329.238984515495
329.2461505442502
329.2463298166959
329.3064073594925
329.30877300858964
329.3600734902468
329.3566593286643
329.3644218514846
329.4776848366736
329.52639050562465
329.589354659439
329.5887770377803
329.5959172100256
329.69520528451545
329.7056045269191
329.7367057220619
329.810259793966
329.8059640544032
329.80767217564426
329.81320840190773
329.80627122095143
329.83895883015714
329.84743567408157
329.8564868216694
329.89442502378694
329.8923844789726
329.8852744486344
329.90256748187784
329.90685653082096
329.99087774919866
329.98775543986784
329.9949002466686
330.03170261423026
330.02165314530635
330.0800112966034
330.10832746897347
330.1269871544432
330.1442117438746
330.165682141482
330.20045553601807
330.23442691134574
330.2527064056715
330.29684723118555
330.39953274862904
330.4788559268381
330.51195842815315
330.5391915525385
330.6247017105229
330.63214743586207
330.6927509903936
330.7078428571853
330.7154773642388
330.72105327284896
330.80904314532233
330.8339229457422
330.9461024993905
330.9753094971225
330.96969175579574
330.98225728754153
331.00137643523124
331.0207828628099
331.03041550447074
331.07303088706635
331.0816421252447
331.1680777654724
331.2607012849967
331.2625578935924
331.3236239696869
331.38683692681684
331.4088823517092
331.4278530118717
331.4414943340412
331.52062056174657
331.56506694045123
331.58169120310737
331.6184848589862
331.62052315952945
331.6929552048565
331.76816044160154
331.82816202628794
331.8645796400912
331.93764587990455
332.03051520789154
332.1202204937645
332.17551451738206
332.2266550834509
332.32288935893314
332.3284879081636
332.3384868557878
332.33963995068984
332.40738541422166
332.45226324359885
332.53566595413923
332.5492871031276
332.5579068808599
332.5925622210628
332.59343459959547
332.64979909824615
332.66007051997633
332.7070195787206
332.71158583319595
332.74893424011424
332.815622728922
332.8210932416203
332.88603101590024
332.94574795153954
332.95892504667376
