with mode=0, handoff cost coefficient = 1.0
297.65924167774756
297.99302975750777
298.0581125366492
298.05408640515753
298.2972792094278
298.631067289188
298.8287877971049
298.9177368437188
298.93866357857866
298.97165069670143
299.04127113334965
299.1351565209039
299.2546679531412
299.5493915688664
299.5795851437146
299.5916878161402
299.7392693097316
300.0794330439228
300.83253676754
300.9215985110528
300.91089074129326
301.0080655931099
301.03508752804737
301.03961280867384
301.0463953222682
301.04741582337584
301.2070619268035
301.2161133107978
301.2561475405437
301.382709542309
301.3819067745616
301.56536823047384
302.40394689207676
302.4255759526019
302.91344619192074
303.09884540284463
303.3579263853946
303.48221713316156
303.47575781134674
303.6111535385362
303.6025871374698
303.60466630748414
303.69529349117477
303.6697163427372
303.8373635554038
303.8378559553817
304.1624258989322
304.16514243837014
304.1113260657143
303.9956928568917
304.61696834514026
304.6390706435064
305.1196261948575
305.11240524880384
305.26971965780575
305.2723780353492
305.3776193974098
305.36924452612305
305.5222097026603
305.5732989759644
305.6049936945348
306.43773055353205
306.44391447955275
306.4420659866121
306.4723956555234
306.4929764510648
306.48462465648316
306.4840575422132
306.6929135030306
307.03960465352696
307.17979551355717
307.2005431644406
307.20269925246083
307.2003685748398
307.2044373891541
307.0269501310575
307.77031036016257
307.87061286839855
307.8843829005799
308.58059556480293
308.62170766615714
308.6249444280829
308.6263430495232
308.59753226135297
308.60566082526975
308.80924779564646
308.8008039312547
308.923739978332
309.6437512202539
309.7821094502388
310.0680249665675
310.2203509883224
310.2055565868852
310.32228075141927
310.2986437755819
310.27194753932514
310.59478928493024
310.746469702045
310.746469702045
310.78824456647163
310.78501926225647
310.89659819915005
311.4388691743218
311.3976837931518
311.40451320317095
311.4522512058707
311.33424740206385
311.55142741811335
311.65541986210997
311.68092475004954
311.67417637890264
311.6905799405607
311.6760211587767
311.72825956487276
311.72825956487276
311.81753748227635
311.8434455919467
311.97414113070874
312.4303148801667
312.42168806725186
312.42168806725186
312.75949559654424
313.51647023136724
313.53845182083586
313.53419858110766
313.4690373483604
313.51260485262185
313.48866656094117
313.53845182083586
313.5786996958615
313.5740686463265
313.60239366066213
313.6169154450464
313.68962453378936
313.77912011467043
313.81986301815806
313.81986301815806
313.8340812264134
313.87258470408614
314.03877306302087
314.0323345997349
314.0392279870254
314.04978778597336
314.1355553781619
314.1505780202148
314.18986392033565
314.18986392033565
314.2784784160154
314.26993382622703
314.29926620520786
314.30048141248307
314.41559186744394
314.4492379077744
314.4538021154412
314.4630200463057
314.4646487864798
314.5445236253841
314.5541899043234
314.6353587303827
314.638063494428
314.7933608071931
314.81299491285836
314.8343566734989
314.8864210164566
314.88815262531585
314.88815262531585
314.8934691318814
315.1349713140957
315.14353653414173
315.2782416965309
315.332462818954
315.332462818954
315.3320580415692
315.38673403903607
315.3981651561889
315.3944717503653
315.39313995696585
315.4084469983971
315.4084469983971
315.41380346785536
315.53307405681153
315.5484354969582
315.5206793218006
315.55946008899656
315.953787132233
315.92902922344274
315.9817861078946
316.0568550304318
316.0568550304318
316.0495778570368
316.4435124047124
316.6615187155237
316.66327589932155
316.89020103508085
316.8615660729204
316.877785290296
316.8715371288289
316.87745675134744
316.89020103508085
316.89214236677145
316.89343663318846
316.9019294081095
316.90996815102136
316.92083388226774
316.9302517263629
317.04545091362496
317.15810582911865
317.1660327818741
317.17848944542465
317.18275878769197
317.19311845877104
317.212741390399
317.34889986389237
317.4095997175242
317.4175864546431
317.42024898732285
317.47803913672607
317.5181267448759
317.57571399394686
317.5781541814812
317.58854713663845
317.5887995185627
317.5920512593488
317.59003014749857
317.6134238254383
317.6213216643124
317.67364601141594
317.6792196604012
317.848475808307
317.84908335999705
317.84908335999705
317.8501128002937
317.85068409297094
317.86196287340425
317.86738468164054
317.91068010110246
317.91865048997767
318.0266175097178
318.0299320098271
318.08210486244155
318.0959757558215
318.1438643550232
318.14331880530375
318.1483963623916
318.16457752982865
318.1756913307064
318.17970030996776
318.17970030996776
318.1804671621085
318.2650607471787
318.33198149610706
318.33198149610706
318.32591187207794
318.44466003557136
318.4483015816946
318.658104656924
318.7043443254773
318.71036152789554
318.71036152789554
318.7464460190588
318.7494011216826
318.80673294149926
318.81639242919306
318.8309951853988
318.8278117380388
318.94593732369526
319.0538904449784
319.0556814278801
319.0463194506992
319.05076003205374
319.05031518936215
319.0605440464889
319.06122495836996
319.07750626929976
319.17907043324414
319.18186853000725
319.3598027221622
319.36030350978353
319.3614677533475
319.36818240811334
319.3826580425859
319.3826580425859
319.383913868933
319.3767968796303
319.43588663352716
319.43597307225366
319.5725467271276
319.7958732410256
319.8047141608399
319.8063249821595
319.8099526288577
319.81086430652266
320.0352721280617
320.0359867465169
320.0421668196575
320.05088730229147
320.0556463808365
320.0556463808365
320.0556463808365
320.0556463808365
320.05759681236157
320.0574942540576
320.0574942540576
320.0585218228427
320.06220159770356
320.0621993022748
320.0561930246998
320.0570639036315
320.0667872940326
320.1005969822178
320.1098555216422
320.15425661440133
320.16449053071676
320.16449053071676
320.2267239741347
320.2267239741347
320.24239051027536
320.25135421478876
320.25719238824786
320.281095018615
320.2784204976506
320.2811598287878
320.3068016986654
320.3088740037787
320.30134728558295
320.304385691519
320.3081387742147
320.3088602467786
320.30895995532796
320.51019792034134
320.5147386127159
320.5147386127159
320.6036917941103
320.659903329086
320.65994264905925
320.6611504159995
320.65976459730206
320.66111927769384
320.6627060006733
320.6625933083145
320.6630307670301
320.6777285908425
320.6784153732563
320.6784153732563
320.6872433973056
320.6911381553682
320.6903490810874
320.6903490810874
320.6897780008474
320.6853545818724
320.6911381553682
320.70199944266693
320.70144883810656
320.7920196346119
320.8026349318268
320.82300421997354
320.8252489834803
320.8256690022628
320.85543113943845
320.8607582735078
320.86575021178794
320.8677924312808
320.86861257792265
320.8688014460719
320.86675922657906
320.88709121141966
320.88709121141966
320.8872719599569
320.8993771871782
320.90056263637706
320.90102095597064
320.9013923633261
320.90233975182446
320.9229935476592
320.9255802233852
320.95627321126847
320.9567474307148
320.9646065100751
320.9719325886219
320.99180740866404
320.9967814782642
321.00127196518633
321.00538952879873
321.00855826036667
321.00894448262386
321.03884049429587
321.0429901469671
321.04399633043505
321.0476497668922
321.063071906671
321.0627443551431
321.0875768029067
321.0942785324937
321.10055477172904
321.13272976146243
321.15397542654074
321.1721795148621
321.1263375572168
321.12705545582867
321.1267517541099
321.1346883277576
321.1721795148621
321.17309969769553
321.20069296088155
321.21099156351806
321.2124612670551
321.2114451088475
321.2116637663326
321.2256292398317
321.2760831676671
321.2796272978431
321.28000874703986
321.28207412636704
321.28224641991386
321.2829403596293
321.3069569710023
321.30721164464563
321.3169772439689
321.3212602152667
321.32150260238154
321.32203613933126
321.37878106371403
321.3821098130929
321.38246132248184
321.4125225120638
321.46380083569034
321.465058590748
321.4668789711064
321.4668998141753
321.4671184982935
321.46679130914004
321.46690793278134
321.46698401168806
321.4796330571404
321.49059768128507
321.49358893869623
321.4940992701594
321.5014665956561
321.5015076520152
321.50793933590774
321.5185399963345
321.5186504553286
321.5189865841971
321.53171323866
321.5326389370226
321.5349454871554
321.5360244224487
321.5360495231361
321.59194541366764
321.60135350937145
321.6013200322726
321.6063238064649
321.61206202765646
321.6142736977309
321.61440661979015
321.6406388446747
321.64243301565625
321.64478644142304
321.65890194924737
321.6591893197663
321.66051986338084
321.69047721656887
321.6930057971908
321.6949222989732
321.71025331672746
321.7105842985857
321.71299657152815
321.7399853993081
321.74492147093014
321.7575321981326
321.7589180114967
321.75905608892106
321.76089268470565
321.76222496527106
321.77837688221064
321.8037262862628
321.80482504072813
321.8192679089923
321.8195960916158
321.82108698298975
321.87761610980033
321.87859663411604
321.87906829563565
321.88008061298484
321.88025563696965
321.88917781707266
321.8887667705104
321.8901994656845
321.8909579498375
321.8987600963677
321.9134314991999
321.92912901743455
321.9303419313146
321.9307394764934
321.9391544581151
321.9396830270723
321.9419571145552
321.9425402253585
321.94518997877356
321.95789261249246
321.9709730145134
