with mode=1, handoff cost coefficient = 1.0
303.0895161914023
303.2141673490113
303.52016277887674
303.7051943803653
303.76109699715374
303.90027581334766
304.11273519411805
304.4621372251372
304.5385118782779
304.70733738488303
304.8177048544422
304.96142983866866
305.0904172515862
305.2505294882924
305.3906347647368
305.60348950514674
305.64035841363585
305.9390866571113
306.29802495825203
306.5131406838048
306.63101248286335
306.7581533520591
306.869443527968
307.11618606927016
307.3828300841329
307.49499157936805
307.6061822606368
307.86360022299186
308.0879962808717
308.13281706326774
308.283225003531
308.4346886204412
308.64680358068887
308.7632906968183
308.8175567983858
309.0527823620386
309.16075596102905
309.4564202937632
309.6467452862765
309.66378117921
309.80722242379676
309.8907179710155
310.12840080510523
310.37012580610696
310.5237940114119
310.69267215900123
310.9158802799705
311.02655470635307
311.1280050024162
311.24208061127933
311.4151190594498
311.5788708567482
311.757489677182
311.9169917386448
311.9976498316644
312.1463188742555
312.4283977791951
312.5178994050276
312.5686239325651
312.6571996649933
312.74276350470444
312.85512541280707
313.0236963208067
313.1084521391997
313.2456528118791
313.2622235469926
313.3029358324666
313.42042851287835
313.51005946840854
313.6051502656744
313.67250334443713
313.8752661671978
314.0230587081133
314.24676788779595
314.3556158374362
314.50695624772845
314.71618487662124
314.78409322354116
314.91821577142696
315.13490501681787
315.338536799879
315.52596513424936
315.7536988606208
316.04310035962396
316.1534896675666
316.18337323300705
316.2903116114791
316.3553146571999
316.64987280444194
316.6643192867569
316.91144189644757
316.9909293694536
317.21160070156503
317.62759067970325
317.9300149612086
318.096996331338
318.37250689699346
318.40313987839386
318.59977342078287
318.6715332221272
318.68899747463064
318.84399436015985
318.8457917988609
318.92013340869977
318.9982040885149
319.1541613331997
319.21677345201493
319.28016211224536
319.4120643856794
319.4304289076791
319.6665806567568
319.80085232255703
319.9068682191495
319.92087708567624
320.0120590001385
320.1853473499163
320.3565873839285
320.4231237881611
320.592760959396
320.72652289907114
320.80953388984693
320.9457337418968
321.0696203348799
321.10790083088307
321.41946186818257
321.53590369317544
321.5967710750043
321.720851374424
321.9264684183818
322.0628383461015
322.0882150645467
322.203597936717
322.312622369453
322.4196259369967
322.47223773080196
322.632260962963
322.9104590658523
323.18061498077185
323.22534010728305
323.2567252775093
323.3988984389044
323.40406520451074
323.41628224831265
323.52484709633865
323.641170192291
323.7025048229913
323.73465048614327
323.8121633626078
323.8394435193072
323.8526363674092
323.8701652627017
323.9268460586019
324.08228582645927
324.2311286986312
324.34354796073137
324.5106462490791
324.63765385759575
324.76175296641776
324.80331990287925
324.9331835933627
324.95936515020315
325.0155940761045
325.3804744923828
325.69566995236187
325.9447133484571
326.1505791499477
326.1556891007238
326.15533356713996
326.159155290372
326.3242576474008
326.52579605828686
326.6210184471997
326.66968858780746
326.70987547651526
326.87927123199734
326.97702603545383
327.0050877372129
327.0759988656507
327.21956530694047
327.32418167678605
327.37067375372294
327.4483712416569
327.5650000920363
327.58808450174536
327.6430686476393
327.72440116016776
327.73134970933353
327.77497819068844
327.9251604698468
328.1540038317148
328.1958981065569
328.38520839988223
328.48465240371945
328.47729525624504
328.5729719375354
328.7014868336029
328.701713687135
328.70682941853084
328.7150632512046
328.84672672436335
328.9177490429628
329.0324495858518
329.02885321760976
329.1523762983099
329.22835914873025
329.25723769940913
329.2813200019439
329.3103314176267
329.3439016543521
329.39566625919787
329.58060256205084
329.57734199060815
329.6019839988511
329.77367103345614
329.8842478212359
329.9900849382928
330.1405891048939
330.15162503730846
330.29349851838185
330.3077518063021
330.35452402497873
330.4072239772978
330.40952468176124
330.4908069513222
330.60360536528214
330.64937496657797
330.65370778265464
330.7443829532842
330.81526357877794
330.83717264100784
330.83822201060843
330.9504974701798
331.0248469774282
331.0471079553657
331.14526657397136
331.16317017883335
331.2011479776858
331.3373532056492
331.53244475522484
331.5805990723168
331.5882680480993
331.59673266874756
331.62788121596475
331.7155236880233
331.7165583934415
331.7597222847373
331.78953972134593
331.79592394725984
331.84402679597025
331.85492391873294
331.9834159010018
332.034332562494
332.0778695621592
332.15881534276343
332.201934527598
332.2977670346738
332.2938050086944
332.39210707158196
332.42637760580055
332.44572755365294
332.52936802701925
332.5954221819301
332.70304864207543
332.7090230703453
332.7494118013461
332.79223529203523
332.79052388763023
332.93320369991886
333.1444805943377
333.1488117791697
333.1943898186775
333.31029299956407
333.39673936274454
333.4660247709708
333.47633705500357
333.53062559298485
333.53738947707023
333.5567839894999
333.61481554413905
333.6407279390761
333.660082727614
333.7400209797057
333.85603545418655
333.91335333461495
333.94457916624043
334.07784417896625
334.1180980720229
334.16837514307747
334.2190708792662
334.33835588533145
334.35004082856324
334.45315279732097
334.5098258601357
334.51892869700964
334.7238867676899
334.8508741831366
334.8840289775155
334.8877349869509
335.01599241815205
335.0164440052917
335.0512218838025
335.0641502053381
335.219386645448
335.22968220446336
335.2525072512411
335.25181885144053
335.29460116177626
335.3227577886057
335.3682048256349
335.43016960200674
335.4564653374206
335.56494120352875
335.56485758194754
335.5910035908216
335.652252542275
335.6591100512764
335.74433353464207
335.7585352328726
335.88233167618654
335.9960872313636
336.05851531156594
336.1266360070818
336.16020465384395
336.2210747156116
336.2780035685366
336.27706490453625
336.27245197708794
336.312182558728
336.32913457448365
336.3322376560402
336.33127844455805
336.3490429820326
336.4235785756523
336.42915640995597
336.5184851165269
336.55838291585184
336.628130979341
336.6208103667842
336.67385149479065
336.67885370512084
336.7240104380331
336.71153558455194
336.718249646651
336.78846458751684
336.79987535694534
336.7909857648229
336.8533054629769
336.9398033927448
336.93942095614136
336.996167309224
337.0447290013509
337.14977261024444
337.2325658860307
337.3055581570377
337.3784606626115
337.3927240204168
337.45594054474117
337.4759972805909
337.5271260050315
337.60665946888133
337.6478493899314
337.69917443915034
337.76374903416246
337.80678614745517
337.80951521207845
337.8270997361021
337.9360107807831
337.94176389298417
337.95348034338923
337.9959447206692
338.0182434128396
338.0098424900005
338.008419671911
338.1192254925981
338.1769657925581
338.19170810126474
338.34644601931564
338.37146292137555
338.46032989724625
338.4717302816235
338.6022919916462
338.6172567409364
338.64683550163176
338.68153114437337
338.739307754168
338.74992036659836
338.8932851662028
338.8938648344406
338.92540394959326
338.9595121459482
338.972828878682
339.05270082912034
339.0510193497896
339.04623229262216
339.0880178916258
339.18262583796667
339.18874542594125
339.2838633366773
339.30289514956604
339.3299110423619
339.334804061413
339.38692079700274
339.4407732490829
339.43340573150783
339.4363681825983
339.478397995744
339.65928204783114
339.7236659836177
339.76415339581183
339.8075805087919
339.812778289871
339.8147679209347
339.8522958360776
339.8726757585273
339.86937526005596
339.88219999730285
339.8813918387695
339.91700187233954
339.9490156394943
339.9703697753072
339.9804310649537
340.01657081795054
340.0287526182798
340.0545588309406
340.05252650165056
340.07923085418355
340.07691069959645
340.0675754487781
340.10256695116766
340.1486357916098
340.147053478465
340.1500139153319
340.1652443029028
340.20047824782023
340.23140369260295
340.2803828062796
340.3290798833258
340.3447692989314
340.3620291571281
340.37476962405213
340.4227751245438
340.43504407182223
340.52462467923965
340.6436691995681
340.6413465047577
340.71010239094096
340.72203981976384
340.85358074441746
340.8934379114802
340.94778287044153
340.9787685013825
340.98381609066394
341.0444565079244
341.04555428272675
341.08949933644703
341.1506456796293
341.15198737200296
341.22655218766334
341.29146296730414
341.30250212922294
341.3077005029701
341.3521285693217
341.4358869567892
341.48583754851495
341.5522718694974
341.60533905786497
341.6434848573347
341.66070206572317
341.80337467545166
341.81286462818
341.84852042538785
341.8730516887019
341.92493880194155
341.9715696522036
341.9953851341158
342.0390821856709
342.04485798860793
342.050231844064
342.0938011250513
342.0962626057699
342.1066192431206
342.09671129388664
342.1945431873749
342.26186068877456
342.2676673958097
342.3124982339607
342.3223916612639
342.4222110641107
342.4281619461032
342.4993314084692
342.51687004396945
342.5800849016067
342.5844870401943
342.6203879548737
342.62932860729825
342.6198722091122
342.6926668470026
342.6947221315226
342.7917320389067
342.8334532194205
342.9642320581381
