with mode=3, handoff cost coefficient = 1.0
303.0895161914023
303.2779286911347
304.46593074756964
304.4908148490242
304.5788253965275
304.5769508263387
305.04989646108277
305.2568679303887
305.3278890393792
305.51319935277775
305.6823569740382
306.10315342451827
306.09485559179575
306.08889465886693
307.2640921999614
307.2880647212051
308.78127739871144
308.91795164315295
309.0202215878406
309.12911297172576
309.20208404340474
309.3470189526635
309.5977295947627
309.72102573389554
310.1430637818026
310.65739067213974
310.76464987323305
310.75966553093764
310.76884533007143
310.76221867646245
310.8363095516417
311.1368899697886
311.1381622735223
311.16913758146075
311.1765564580695
311.1803536262361
311.39401244413625
311.3889068950177
311.4646049653393
311.47146649455647
311.66736479254564
313.16369806109026
313.15348876134703
313.33040696255904
313.75519233027404
313.7862716209074
313.94984699173443
314.18309034487464
314.2110127663004
314.22753756180157
314.2200943325542
314.18650497430184
314.19025497295155
314.6550928754273
314.7063120393528
314.77072213620215
315.2049030388646
315.2074119666363
315.21352240952695
315.21885820059794
315.751882010036
315.7455489929591
315.7606691487537
316.201008271162
316.1865792086807
316.458542609974
316.44371841351295
316.63562314596857
316.67077979966257
317.02097916409525
317.02370998835886
318.0992138405099
318.1101716707678
318.97938237957646
319.08602490975034
319.09683133541205
319.5733146237775
319.7709328890603
320.018135194671
320.2548244366505
320.2173948566108
320.30000959750333
320.75619877709966
321.23643371163877
321.26923222930714
321.284206779592
322.396463666816
322.38013071667103
322.36922047045755
322.3753432263016
322.4087252784709
322.4843245416735
322.52154236615416
322.5035374185698
322.5779023223881
322.66198900813185
322.62691175482695
322.835160226506
324.595117240406
325.59339684173494
325.62161860224097
325.8602469232084
326.1302773179655
326.5158547906294
326.9772886254988
328.09970293448583
328.09985307678625
328.15886667139887
328.64956666935655
328.8212609606911
328.82111721915135
329.77769011576436
329.8629222096531
329.84809009106425
329.96845560863653
329.95658276109305
331.10450172414835
331.09920454296093
331.25816980021233
331.4040097676103
332.8248676721642
332.83927812666747
332.94401148727286
332.931065226506
332.908964422387
332.94240303119176
332.9651465723093
332.9651465723093
333.83353304848094
333.8344588668863
334.30576480476276
334.31611132956226
334.406593031911
334.4403839869126
334.66985350886716
336.2233375262422
336.2479708620871
337.15152731310604
337.3062302543048
337.35766146275665
337.6998615193799
338.2576523995007
338.22988410527154
338.233342522237
338.52184179149634
338.46096013509134
338.54290782957577
338.5556545664032
338.54680153579534
339.35392717832406
339.5319345290096
339.8570588813815
340.06800512772406
340.1123761013513
340.11760993868484
340.32654569363206
340.3722557115781
340.80414143089064
340.88713276661616
341.24023899424327
341.2984990580117
341.33352864556656
341.35019569755474
341.42339923895173
341.47791692236325
341.5199302808951
341.55883385760654
342.3342096898664
342.4889983137515
342.49117996532226
342.4987546841281
342.6356025054748
342.62963549763145
342.75115785171744
343.3538350120964
343.35089139148886
343.33647603461503
343.3006161904022
343.586390430979
343.5982536420117
343.65348537733
343.71682294412034
343.73400473846016
343.75683849009323
343.807546661941
343.8058103722128
343.8986224552233
343.91824491868095
343.915515329265
344.00557354704324
344.0303999302389
344.0154115617135
344.026018628699
344.026018628699
344.17898068319107
344.18104129994595
344.18014423855544
344.1582932481161
344.18736590400715
344.20338351091067
344.2236953226097
344.2520355120498
344.2385961247811
344.25466350241766
344.36272578869256
344.3659504099169
344.36873489801974
344.34399030454057
344.35414994103206
344.4050752172827
344.4020652601249
344.45161666268115
344.45957803604034
344.48695456754444
344.5006732985112
344.52801129392856
344.57386941690964
344.58244504617994
344.59853665757333
344.8355104842125
344.8788454465745
345.28179983200766
345.32203446542263
345.4170303659366
345.4095076878973
345.5739822625271
345.56049714490587
345.56731818581306
345.5674152989272
345.5674152989272
345.5724673580468
345.5724673580468
346.03233580811184
346.0396621470241
346.4300829862992
346.5001454665734
346.50452556450955
346.6427633786714
346.65405244052386
346.6445619800203
346.6299726716023
346.65534457521915
346.771891792594
346.8089588726734
346.8516661771467
346.86843557826364
346.9740004937125
346.97311238320884
346.97825555935594
346.9890972274511
346.985487290696
346.99890775600943
347.0300349599754
347.071989116418
347.08638904673
347.10887845011877
347.11864820542013
347.1210234805752
347.2025126800334
347.21138630077525
347.2204724808683
347.2174117659431
347.2174117659431
347.2174117659431
347.30622088664734
347.3003238609357
347.31733435987684
347.34068060339536
347.3451795016827
347.33490018391933
347.35813797774074
347.3590860994989
347.37008300636467
347.3817013946666
347.37280744748324
347.4464177681686
347.4535820583952
347.4441787403573
347.425133778676
347.425133778676
347.425133778676
347.433357626433
347.433357626433
347.4499970794205
347.4499970794205
347.45420580154143
347.51004765431367
347.5143687674653
347.5106799620132
347.5424502828582
347.5460781709336
347.534957017346
347.5295012230373
347.5295012230373
347.5495682746586
347.5752582124293
347.6363732304858
347.6298253272713
347.62594319680034
347.6196127497794
347.6196127497794
347.63056542066977
347.63056542066977
347.63089679874827
347.71268664515236
347.71049370904376
347.71586168675356
347.70815415575413
347.70815415575413
347.70815415575413
347.70815415575413
347.7145125793339
347.72438436769824
347.75064017910506
347.7385036772977
347.9922888876326
347.9875782115993
347.9973310366251
348.00097548274545
348.00097548274545
347.99664040546776
348.0112728571517
348.00961447094835
348.00961447094835
348.0031515629238
348.0031515629238
348.0031515629238
348.00782991162015
348.00782991162015
348.00782991162015
348.0135893573119
348.0135893573119
348.0135893573119
348.0538998730997
348.05809543848085
348.0706969424955
348.06780645560787
348.06232837311643
348.06497937147276
348.06497937147276
348.06497937147276
348.06497937147276
348.08428547835405
348.07585163870596
348.07863629909514
348.0768152327425
348.0768152327425
348.0768152327425
348.0768152327425
348.08051743637316
348.08051743637316
348.08051743637316
348.08051743637316
348.09029806315823
348.09029806315823
348.0849067740248
348.1009070570049
348.1238078076099
348.1195559478604
348.14176183328954
348.14041746617414
348.1501891186038
348.15863893735224
348.17201431271184
348.16836753067713
348.1664781263972
348.16360181794863
348.16360181794863
348.16360181794863
348.16360181794863
348.171158623401
348.171158623401
348.18528287259375
348.18493085394886
348.18042538585024
348.18042538585024
348.18042538585024
348.18042538585024
348.18042538585024
348.18042538585024
348.18042538585024
348.19687857223744
348.1998471547769
348.19303079135216
348.19888817748824
348.20999460872395
348.20999460872395
348.21478224452324
348.2130952929157
348.2130952929157
348.2130952929157
348.21832025415097
348.21832025415097
348.21832025415097
348.7752675193688
348.78018188626555
348.77629643388246
348.79512162728173
348.792083132258
348.7949603736408
348.797996666806
348.79966985102914
348.8085339288808
348.8069747743841
348.80358469580347
348.82520341629066
348.83416683847895
348.8304491468889
348.8361142052353
348.8406943541022
348.8428828484954
348.9039003930184
348.9160799863485
348.9269673965697
348.9248252426445
348.9213843786188
348.9197983030334
348.9197983030334
348.9197983030334
348.9197983030334
348.9249835323287
348.9249835323287
348.9249835323287
348.9249835323287
348.9249835323287
348.9249835323287
348.9303680743648
348.94012573212564
348.9403416466717
348.93765181855395
348.9467793431672
348.9467793431672
348.9519123744449
348.9581641526157
348.9613424413749
348.95728862173155
348.95728862173155
348.95728862173155
348.9619126212894
348.9619126212894
348.9619126212894
348.9625624810401
348.9625624810401
348.9625624810401
348.96597892750043
348.96597892750043
349.0089100349869
348.99361467817926
349.00598414398223
349.0016045322655
349.0016045322655
349.0016045322655
349.0016045322655
349.0117729357488
349.0117729357488
349.00807622902767
349.0108126716366
349.0164035944494
349.0256210020479
349.0237777894428
349.03005126044087
349.02152643498613
349.02152643498613
349.0324198686786
349.0370673337144
349.0307965561384
349.03316789118014
349.03316789118014
349.03316789118014
349.03316789118014
349.0395017130086
349.0395017130086
349.0395017130086
349.1528947861042
349.1559438724615
349.16498248578677
349.1595593456247
349.1595593456247
349.1624392728476
349.1624392728476
349.16709853413073
349.1699627454365
349.21890894713283
349.2187712739316
349.21763314879496
349.2194406926668
349.2194406926668
349.2194406926668
349.22452718728994
349.22392111691937
349.22392111691937
349.22392111691937
349.22392111691937
349.26036077898164
349.25556204921446
349.26496606355613
349.2687918903135
349.2687918903135
349.3068222661628
349.3102453820375
349.3156241341595
349.31895793132713
349.32029593220284
349.31652982859714
349.31652982859714
349.31652982859714
349.31652982859714
349.3202714922467
349.3202714922467
349.3202714922467
349.3202714922467
349.33345339079165
349.336973807921
349.3320194722433
349.3343351559074
349.3343351559074
349.3343351559074
349.3343351559074
349.34173760366934
349.34173760366934
349.34173760366934
349.3418819779322
349.3418819779322
349.5389974074353
349.54409729548433
349.54251645256977
349.5485662032629
349.55828450942727
349.5481328544054
349.56009217894206
349.6782647995855
349.67402374325474
349.6778353175129
349.6764758170585
349.68858700459714
349.6851644565372
349.6919240448334
349.69813599265956
349.70102042862777
349.6990526109241
349.6990526109241
349.6990526109241
349.6990526109241
349.6990526109241
349.70309961398254
349.70309961398254
349.739328106563
349.7394305610426
349.73971071220444
349.75109036766753
349.75262678820536
349.75262678820536
349.7503611107578
349.7503611107578
349.7503611107578
349.7503611107578
349.7503611107578
349.7503611107578
349.7503611107578
349.78751980163224
349.7765819066717
349.76781725417226
349.7700711440109
349.7700711440109
349.77582412591136
349.7757833917463
349.77651389316037
349.77651389316037
349.77651389316037
349.77651389316037
349.77651389316037
349.9418488275802
349.9461353586473
349.9511585091209
349.94306091419264
349.9485352641722
349.9485352641722
349.9485352641722
349.9485352641722
349.9485352641722
349.9485352641722
349.9485352641722
349.9485352641722
349.9485352641722
349.9485352641722
349.9485352641722
349.9534606072754
349.9708378159614
349.96586280122443
349.99351632108585
350.0010585243183
349.99766609338064
349.99409086018346
349.99409086018346
349.99409086018346
349.99409086018346
349.99409086018346
349.9980878860535
349.9980878860535
349.9980878860535
349.99964115079285
349.99964115079285
350.0133750969911
350.0121742416734
350.00843862522134
350.0069555491217
350.0069555491217
350.0069555491217
350.0069555491217
350.0069555491217
350.01053799724014
350.01053799724014
350.10356737110044
350.10249146600904
350.1023451018381
350.09761585544516
350.2275224784373
350.2584346627912
350.25585585892736
350.254517752401
350.24974093030227
350.24974093030227
350.24974093030227
350.2544969189389
350.2579453126183
350.2831013740633
350.28241284989787
350.2891153782431
350.29473999986254
350.2942877511701
350.289564411764
350.289564411764
350.2966272666111
350.2966272666111
350.30111743451897
350.3054384865008
350.30425335561574
350.30653362199746
350.30653362199746
350.30653362199746
350.30653362199746
350.31110870020876
350.31411369734536
350.3215010565099
350.3224156897612
350.31999200797526
350.31992861989164
350.31992861989164
350.32487440152363
350.32487440152363
350.3274685704028
350.3315329219069
350.3269799345638
350.3269799345638
350.3269799345638
350.4759282480093
350.48036027465406
350.4789275220662
350.48464025212706
350.4929435147898
350.49944861188067
350.5187790495665
350.53127245299186
350.5260976347156
350.54398962673224
350.5477699737149
350.5529325336495
350.5447158821731
350.5447158821731
350.5447158821731
350.5447158821731
350.55792614911496
350.5656969359667
350.5757529132839
350.56863914288795
350.57661926543165
350.584249264425
350.5853389534156
350.5845781717504
350.5839355070981
350.58851775241743
350.6344736069236
350.6287063887395
350.6355013714546
350.64188723303846
350.64188723303846
350.64188723303846
350.64131506760316
350.64131506760316
350.64131506760316
350.6680460665345
350.6670464005603
350.66724566011754
350.66441864858945
350.67352952613976
350.6766505891236
350.67177904973846
350.6772778659107
350.68509324886145
350.6898157714835
350.69130900895965
350.69169098438067
350.69172697329134
350.69172697329134
350.69630647057613
350.69630647057613
350.69630647057613
350.697061536086
350.697061536086
350.697061536086
350.697061536086
350.7027100980186
350.7027100980186
350.70810632121595
350.7399507224735
350.7443235728905
350.7401213329688
350.74300658222216
350.7511158082822
350.7606294884795
350.76354284959245
350.75144973080813
350.75812153154845
350.75812153154845
350.75812153154845
350.76303735133615
350.76303735133615
350.7643705380736
350.7643705380736
350.7643705380736
350.76742729714636
350.76742729714636
350.7925390490562
350.7888855218669
350.7877007381714
350.7916649421599
350.7916649421599
350.7916649421599
350.7916649421599
350.7916649421599
350.7916649421599
350.79338867079645
350.80137113546954
350.8037086401914
350.805105242037
350.79769332228386
350.79769332228386
350.79769332228386
350.79769332228386
350.79769332228386
350.79769332228386
350.79769332228386
350.79769332228386
350.79769332228386
350.79769332228386
350.79769332228386
350.79769332228386
350.79769332228386
350.805105242037
