with mode=0, handoff cost coefficient = 1.0
303.0895161914023
303.84490630873603
303.8460126625364
303.8339703332053
304.4202820653513
304.63144364716294
304.97860032602966
305.0464534043142
305.5575021009045
305.80100949593265
305.80988052527204
306.00882833506836
306.0261215878458
306.1331919119477
306.132347813537
306.279850861243
306.42392772189584
306.7392887088926
306.90380424824195
306.9993578896637
307.25951799080525
307.32059784412615
307.33121854655013
308.13127655701214
308.1328768814585
308.1480456333839
308.33808514130857
308.34003369771347
308.31090091198695
308.38626523844425
308.4099926480895
308.599708003818
308.75761807042863
308.8471717160597
308.86603921334
308.8649258542458
308.94755079061395
308.9485294512695
308.93569121988577
309.0749393693248
309.0840093690048
308.96141408987353
309.1417865256444
309.1739431610589
309.0930669476086
309.06717213284514
309.5985958159896
309.609555603014
309.88967542112937
309.97709719984095
310.06849527678406
310.5303201926817
310.5666348313838
310.5646268693859
310.59423906942396
310.9259537991049
310.9766187779932
310.9761211972658
310.919350357409
310.919350357409
310.91007108497166
310.9766187779932
311.0204633173819
311.1382655529784
311.19851978422327
311.1999705690855
311.2145135430295
311.41398219233366
311.4133805570331
311.42876809155655
311.70148250131376
311.753925634755
311.731754545519
311.7241950068296
311.7748155230265
311.7954045986351
311.76724522579974
311.7670778328931
311.7618518162107
311.7838116456741
312.1075615132199
312.11628583877166
312.19053620405634
312.1885050809823
312.21009506228336
312.1995381891429
312.2323419739012
312.2331917175907
312.23715813636545
312.2412254096024
312.5055525724833
312.50357304482503
312.5775293624166
312.5909978392539
312.6059643879186
312.6119839121205
313.03199793655835
313.0619167964608
313.0765184462246
313.28107843739724
313.7834861480604
313.78724140068175
313.78447773912404
314.00958660264314
314.3372048999146
314.3345922687043
314.352737410413
314.366659779274
314.366659779274
314.85249809391684
314.8658498121206
314.90344149916496
314.9046325842212
314.9340704211958
314.9520126242156
314.9527557454102
315.28300158179763
315.77952263048815
315.783939121245
315.79156882112807
315.78760263718664
315.79454474895545
315.79787585077554
315.80570470676093
315.7807570353449
315.79382864885486
315.8052248391481
315.8052248391481
315.8061465994374
315.8584335076067
315.9040258578382
315.92596652361914
315.92865542450124
315.93738617106334
315.9456627026909
315.95623503985684
315.98514321312234
316.0214914262716
316.09084105786883
316.0837905224318
316.09265576951225
316.0997063049492
316.1000107771191
316.1057212481371
316.54067100032313
316.5426003688721
316.79706402455116
316.8066364959678
316.8071484357109
316.81506482483996
316.8213736518567
316.8254274326993
317.04216168269346
317.03347261043376
317.19016473801173
317.19002091554574
317.1911969015798
317.32117191754776
317.5495790902482
317.5483350661296
317.55014947143195
317.5491128085862
317.5613487774278
317.902384921195
317.9023563902625
317.90446764662846
317.8970642454003
317.8967386823849
317.90749894244374
318.0424072964744
318.07447266887465
318.07222815276856
318.2905194517809
318.291131228658
318.37821338460355
318.37856812647834
318.39268621256946
318.40469739393444
318.4121007951626
318.4121007951626
318.4661883636405
318.47843903892164
318.4818071741031
318.4817589057405
318.53223546876524
318.53643537378497
318.6390205584162
318.6420417401121
318.8838017708599
318.88722167377426
318.9027490570249
318.9335353126068
318.9335353126068
319.1690626383544
319.1699953115913
319.1760913579246
319.1872193151034
319.2085253017063
319.2379545953228
319.2259761442899
319.23082224867966
319.7143680126309
319.77618640720806
319.776192573446
319.7781325934766
319.7806991109359
319.78116643619046
319.78033945419884
320.10590182844044
320.09598308788316
320.1082552096544
320.1289794363275
320.1291161293167
320.53320715893716
320.5937620439086
320.8078403372273
320.80822134900853
321.08241197920694
321.08357566182127
321.07306497711835
320.9029796745054
321.27082839567584
321.27082839567584
321.2617687512262
321.23525883005135
321.234095147437
321.27082839567584
321.2710717198942
321.3096360556514
321.310941194653
321.3166241690597
321.32914977598585
321.3345564515251
321.3345564515251
321.3336979695159
321.43421543575084
321.44017150957865
321.457404235972
321.4833666487774
321.4893369746191
321.49729013089154
321.5329883019843
321.53518121696317
321.56871187515816
321.6496509874407
321.6521828197369
321.79808307610153
321.797130199743
321.79717491317876
321.7979658179065
321.8029947675005
321.805615055756
321.8060214583078
321.80770108054884
321.8108183919652
321.96106569839117
321.95832519284255
322.05257599606495
322.05257599606495
322.15329569399506
322.1463925030593
322.3369956591154
322.3371719049834
322.3426957758642
322.3470930438169
322.34269545217956
322.3386269670334
322.3616586587329
322.48634451232743
322.4994866300398
322.5028924523883
322.50532874779907
322.5109029943644
322.7007442740921
322.7903509105183
322.8366161950635
322.83804297424
322.8380631059154
322.91875957104605
323.0376009996294
323.03745309554546
323.03745309554546
323.03365491920715
323.0394357917855
323.04283121499503
323.13741752009264
323.139974646123
323.14103116304835
323.1421064812391
323.14546118612475
323.15004114135974
323.23277236246264
323.2352764721788
323.2539107167247
323.2539107167247
323.25398623259804
323.25418552357877
323.25414676105805
323.3593775345304
323.36451074410473
323.3640560029042
323.3625811153276
323.38636072452516
323.38139713163673
323.3819654440963
323.3787416265531
323.3787416265531
323.4913933122799
323.4917892265612
323.50552422707824
323.5054170491785
323.70047085881015
323.80140938594104
323.80182396960015
323.80757747235816
324.03898064606716
324.11875792049466
324.1326987323026
324.32473234107056
324.52095368932993
324.52095368932993
324.65216865092657
324.6516752663654
324.65111483656233
324.65201063512654
324.75619403396064
324.7862371819261
324.7878556399166
324.75605481465226
324.75577328699507
324.81002565913224
324.821840611135
324.8432040477567
324.84435935294533
324.87397945386334
324.87608164834165
324.89369517743506
324.891004878773
324.89997290484064
324.91389000925807
324.91567405081804
324.9144309802621
324.9143441830969
324.91635488299715
324.9192514746157
325.1195279977023
325.24113472209723
325.2565768350532
325.25861279654333
325.2591868521101
325.3784156514351
325.5220953258626
325.72543635335813
325.7391954494261
325.7397095018158
325.76194685197885
325.77298080065503
325.9645086107723
325.9743025248956
325.9903869850651
326.0939548047432
326.098425825028
326.332339423136
326.332339423136
326.33217511994553
326.3344671223094
326.3356116417115
326.36492862244256
326.37193508696663
326.3712040942687
326.3728935409727
326.4373354140361
326.4365146265055
326.43756047742545
326.63920805988533
326.6380008351486
326.63843045525164
326.6380091163272
326.7568440227782
326.75835044604986
326.99272504695017
326.99283134403686
326.99295273448996
326.99000687817596
326.9917805698739
326.9903017789906
326.99311077496645
327.0306035607722
327.0321910372597
327.0322878554278
327.0349396630664
327.0322789912343
327.1420765411946
327.14535344549967
327.14535344549967
327.1650134502809
327.16494253192815
327.1701964593827
327.17230479567905
327.1755478856157
327.1776451985085
327.1776451985085
327.1776451985085
327.1789149191935
327.1919747394119
327.19367437509936
327.19518868281824
327.1989261529789
327.31436967159755
327.56043700021365
327.5595026209461
327.5589189012727
327.56302394055933
327.5628240856589
327.5567644411051
327.55761053842554
327.5606455243792
327.56391843825475
327.56296352481985
327.56344391273353
327.56281050542736
327.5621930412811
327.68221445060215
327.6848319590931
327.6848319590931
327.6848319590931
327.7450284125234
327.75033366152275
327.8983547389448
327.8951343864825
327.90548426080136
327.9194047940331
327.9200966012412
327.9292345259187
328.03186108810087
328.0481880970615
328.04408444166114
328.0447688903457
328.04368476644095
328.04344007830554
328.0481880970615
328.04812778795315
328.0519085701467
328.0527367186244
328.053068205494
328.0562364387449
328.0648387607407
328.0768298821396
328.0770668602386
328.08150047273773
328.0857969571873
328.0876231415068
328.08860625734326
328.1358113406619
328.13724603801955
328.1375382147365
328.1371969115357
328.2284157320254
328.2291200032804
328.22850639229057
328.23273637499784
328.23608261400517
328.23816418100165
328.2392232130024
328.24838657232186
328.2489466647501
328.249645269877
328.25365023794706
328.2534885581594
328.2524846110379
328.26529996117785
328.26772782203875
328.26871476784777
328.36011633418025
328.3608605986667
328.36448558535807
328.41718311459186
328.41692833938635
328.4158923213781
328.41691734467815
328.4193943557632
328.41977947281555
328.4276144459451
328.4276144459451
328.4373505822032
328.43661776043956
328.445797847335
328.4473845385355
328.5057061818059
328.5143936976562
328.51447259571154
328.5227126246181
328.5244733469858
328.53247113737507
328.5345371763137
328.6493797801674
328.7074448678928
328.82946045974444
328.82960617480325
328.8297826216296
328.83190073807265
