with mode=0, handoff cost coefficient = 1.0
284.05428328955577
284.0980170793214
284.3765498346054
284.51552314269185
284.53581714319006
284.8191090983865
284.81259500062345
285.0908784952625
285.18663279567005
285.7180648958127
285.788254329574
285.79039899163047
285.87477108979124
285.7882657093875
286.1650758637754
286.4372382063282
286.62033067964694
287.09841078124094
287.1828336276119
287.2031422971166
287.38184363378843
287.2920588382019
287.7435752526443
287.8072849493404
287.812472006648
287.80938198952606
287.88021609130203
288.0014476837138
288.75764765691474
289.1496230619628
289.9742426352318
290.4198270889526
290.6385204730735
290.65572535402214
290.66276187411427
290.562084095694
290.7924413982448
290.79287341788745
290.7954403788377
291.0300397630954
291.07770933424075
291.1162768934562
291.25574891667566
291.3507507157895
291.7697705635286
291.8292953248097
291.8308272804293
291.80566515089663
291.78076530151753
291.8622462023597
292.0328036024138
292.5562962526514
292.55836250817276
292.6318014023052
292.62734145502344
292.62386933666136
292.6985168981556
292.69549151783457
292.76035963615266
293.0265207728125
293.093505427991
293.3938355231529
293.3630426867265
293.31439790628883
293.3439317198134
293.3776328603605
293.3938355231529
293.4046799070113
293.5103265041736
293.6032337631484
293.6169137289355
293.61942244025784
293.718531999286
293.71775995289033
294.028540869081
294.05944081991447
294.1639300222233
294.1621672626403
294.20155623357783
294.2109136521456
294.2331389477694
294.3241160660087
294.32967948409924
294.3479644074485
294.3594225393944
294.3974329997209
294.44695896212465
294.5103264568203
294.6100009419631
294.6547531946101
294.65437829164694
294.64879090148105
294.65197562782487
294.6591747481387
294.796575581163
294.9349886631222
294.9583228339052
294.9611007039165
294.9611007039165
295.063848673454
295.13693827794725
295.1408456313452
295.23348775809615
295.2994237443664
295.3552208620216
295.35997596270994
295.54499224902224
295.5578888420647
295.5713103341525
295.5927389270244
295.5841352293718
295.6611158541389
295.71802680001684
295.7208267783843
295.8132234316253
295.8204515727339
295.8371549729737
295.84552617837494
295.8550599292329
296.16891248707503
296.1764097620831
296.2055717341769
296.2976269874866
296.40465744172263
296.5311209110771
296.52999374828715
296.5278599956563
296.5317842136514
296.5385443949289
296.5667908693559
296.6428343159535
296.6466744314752
296.91681253424304
297.01741220214325
297.01844005476846
297.018574245033
297.0702592700539
297.07257614342666
297.40598372027125
297.8211014321302
297.82182228975313
297.879742013021
297.8672299489339
297.87146056265027
297.92222361034885
297.92527659380687
298.04473040184666
298.04473040184666
298.05411977303606
298.06412177635696
298.09681945815856
298.1097490358872
298.13557041536103
298.2346306390678
298.2942627406423
298.30580830058494
298.3065962375837
298.3323940941505
298.4383959143564
298.5839024550239
298.6149815341831
298.6162594167807
298.6175281636638
298.6204312432255
298.7932664345646
298.9407746888607
298.9441382839134
298.947327413661
298.9921962891319
299.1608203380166
299.2032006485048
299.19576061214514
299.19402069566235
299.31822726090365
299.3254880769253
299.3604269582289
299.3621313827997
299.4070031875766
299.4126270492649
299.50710081343067
299.54756405369193
299.5935305234131
299.5935305234131
299.67708930577254
299.763335497311
299.7541923147343
299.8379171289284
299.85579024585587
299.8170741603311
299.86447317061914
299.8667748778729
299.91024836891825
299.9384964783043
299.9428507192796
299.9361895170385
300.07222848195397
300.1133212510648
300.12006264547375
300.12006264547375
300.14639182206605
300.16588183572844
300.1841138839631
300.1974575668942
300.35378278992476
300.4313067002298
300.4138688601407
300.4118378348763
300.4077762117105
300.441989713843
300.45966676664256
300.46385510340014
300.4862374567835
300.6481894876353
300.6944443938016
300.73335609014674
300.77157470084995
300.7742866414784
300.7527570428762
300.75633208683047
300.76183688963835
300.77723494690946
300.77852709855455
301.23167150341806
301.2466098810019
301.2790688307132
301.2939393393257
301.2980471152402
301.29974038582594
301.28310965880604
301.2832805731073
301.54367245095426
301.5812764919854
301.68020402474474
301.7159889841829
301.7176226315548
301.73482986937114
301.788935032546
301.8267795768401
301.85749510551096
301.87558309671596
301.9825763934998
301.98083862368577
301.9683862991458
301.9809495542318
301.98196390218334
301.9825763934998
301.9832669755906
301.9868515530941
301.9881090603192
302.03933885626594
302.2105306781244
302.21279609202094
302.21383793413685
302.3232228381182
302.3837962214811
302.38104802742953
302.45998398907346
302.4620374016539
302.47745264989663
302.5341295755956
302.60872119708796
302.7073487681331
302.7073487681331
302.842500837611
302.8479948232057
302.95849126237516
302.9700424400216
302.9720028570584
302.9736007840026
303.13608448074757
303.1797018040848
303.2369082877282
303.2501882544867
303.2495152954127
303.2516477495125
303.2734305009831
303.2775826345565
303.28560936471575
303.28696609513605
303.313411774846
303.3243477879441
303.35426153171073
303.356174211023
303.3608949997657
303.50043170752247
303.5006102835297
303.50384475656216
303.51153338208724
303.5131990978376
303.5136069961076
303.52780158182765
303.52822245858385
303.5504117641362
303.56003036161115
303.56003036161115
303.57886878587857
303.59609439274504
303.5978417398715
303.59683994830937
303.59683994830937
303.7334075022421
303.73309473908114
303.78772016659724
303.80084430984215
303.90931786672576
303.90586289504284
303.9082158411872
303.90856477762594
304.14826861194183
304.1484267475796
304.15078823910557
304.23531657226835
304.2340397907106
304.2340397907106
304.2583437026219
304.2608586131568
304.2628020125534
304.2632267717562
304.4281608908957
304.4286938172866
304.43087827145774
304.446710904555
304.4748746230632
304.4819814238989
304.5010658338961
304.50165487837074
304.50006438543755
304.5096976504792
304.5521374770586
304.55168805318635
304.55651424305773
304.5709959094935
304.5808849578259
304.58191865018125
304.587305938794
304.5911882118655
304.591095716685
304.6949098886142
304.6948788682813
304.7365681679566
304.7363733135198
304.73851397006274
304.7372952703751
304.7860932861226
304.78822655691204
304.82168776786915
304.8448579587816
304.8423424783585
304.8434880072611
304.86432268482713
304.85998343904265
304.86656353078257
304.87265898362995
304.8747997778306
304.8810752315853
304.8887155109817
304.88945859633526
304.97536543856256
304.99936544468727
305.0978058861475
305.0984975537017
305.1340716297102
305.1264061462515
305.17367739982046
305.2057801230275
305.23865386279647
305.2631104512396
305.2650313742438
305.27037700210394
305.39712014035376
305.39870023338
305.41437987743785
305.4242781390143
305.42801362552746
305.44262266821397
305.46658277669155
305.62496967566744
305.62471236919095
305.62471236919095
305.74564942783405
305.7749189053241
305.9138225261442
305.9324659416451
305.946965452634
305.9471749110285
305.94671380678005
305.9471510702359
306.0012853086517
306.00604652070507
306.0115918951896
306.064935389329
306.0597755454444
306.0635423366737
306.06333287827925
306.06122207524055
306.0795712879026
306.08359110210836
306.0840897168106
306.11282562988833
306.18743536604893
306.32008429799424
306.4147542053466
306.63589148409005
306.637236986146
306.637236986146
306.6400814969155
306.6333308711154
306.55360137398753
306.58685528702233
306.5907609400958
306.6591243793543
306.6577161716681
306.66657480977636
306.7225137830999
306.7220287535581
306.7269210353789
306.7269210353789
306.8575602918389
306.86485820842677
306.8690705459784
306.9777476487315
306.97962770361625
306.98428231770777
306.9856524748272
307.0075573724534
307.0384525425276
307.04308922842074
307.04825714253803
307.0635053635656
307.184124451257
307.1965879996231
307.2725887413573
307.2730063647485
307.292549558784
307.2959623562055
307.3875218114025
307.38505041573023
307.43090646801136
307.4315949885682
307.43263952091695
307.4492612005749
307.45110443164845
307.45127225104045
307.4633356166895
307.4663713431979
307.4663713431979
307.468656483049
307.49030893047683
307.4896640593895
307.52712879725993
307.52712879725993
307.52851715810635
307.5302484896099
307.5434022952928
307.54672495687623
307.5469998495083
307.61821051511805
307.6222975282013
307.6198238865696
307.6320759290884
307.63337816884075
307.63195597085314
307.6358861143878
307.63326056408454
307.63326056408454
307.64015694405504
307.6407670424465
307.7448507741234
307.80213159014875
307.8382730631424
307.8862232204043
307.8908636721551
307.8892472177238
307.8902585581161
307.8913793171336
307.8918884101133
307.89408409066266
307.894230564696
307.894230564696
307.91725822463934
307.9158000552456
308.0442473510603
308.0479835843406
308.10188808813007
308.09996421075107
308.11774293144543
308.16366031996125
308.1639391055381
308.21171603945913
308.2125805099916
308.21276789675625
308.21516887000604
308.21276789675625
308.2121198664598
308.2212843775203
308.2212843775203
308.2144624736837
308.2144624736837
308.2090797429256
308.2212843775203
308.2289464461992
