with mode=1, handoff cost coefficient = 1.0
284.05428328955577
284.15117801255457
284.25788658126845
284.5188159500355
284.6754528114407
284.895027027459
285.12197154345165
285.28493923976924
285.45774005318293
285.54099349456027
285.5930279948374
285.77421899158156
285.83181076379185
286.1737661220756
286.2797466943031
286.3727128723216
286.4087513196574
286.5396657640606
286.7613834217068
286.8588432693821
287.0240680994847
287.26244253872954
287.3253385499701
287.46771808415804
287.7208435266574
287.80531694416305
288.085066618301
288.24120652701805
288.36981209555984
288.5805955860622
288.6752570553617
288.8135777855123
288.9433292197751
289.00344409286373
289.1872900021036
289.48161252716193
289.5806290350863
289.7945126812486
289.95642031478945
290.0757321940104
290.1161449728544
290.29026405529083
290.3758484603467
290.5013446833698
290.6323521114483
290.84689805429014
290.98677379651923
291.09285312030255
291.22523200929874
291.25181514147266
291.44443601884717
291.68697814497347
291.9213581164133
292.05601446280536
292.2553393867957
292.2785664024426
292.4018558341944
292.4643885050144
292.55453785425124
292.5624385458928
292.6514092008207
292.6855210903078
292.81211179200244
292.9000678752437
293.0399773358496
293.25359565565026
293.34057223928437
293.5725139809118
293.8694933627747
293.99184231636866
294.0311845463235
294.2126230224417
294.25248615507604
294.3419138020148
294.5325886013027
294.69201993795116
294.7796243106484
294.9701383722299
295.06386017275975
295.17975939097556
295.3968889292508
295.58066022798056
295.6812878220925
295.76703840687367
296.0821100486532
296.20774283994695
296.4139827396656
296.4811117807015
296.699796161441
296.74302487998557
296.9845634983014
297.06433012206065
297.1751275918476
297.25442062605987
297.49932721409493
297.65968699671475
297.7821345149265
297.87010432614557
297.9250999560315
298.0496102041894
298.15511613805455
298.2908932539334
298.3327755547104
298.4396261613472
298.4866752164878
298.62952941640685
298.676683245421
298.72807960954094
298.8587620495494
298.99813591281674
299.1162640914986
299.13123462000755
299.3827997487637
299.55225906422004
299.6748553193134
299.849317404481
299.9419761490359
299.9553570653731
300.0802369565987
300.1193234800076
300.1293439071006
300.21003107490674
300.3192202374883
300.53830887073565
300.63180441918183
300.85831287305155
300.9609370227081
301.01279833068264
301.0578106819983
301.1078409337222
301.2020572328837
301.2992387036199
301.3248710642913
301.38320256936964
301.44543029753737
301.6290425960296
301.62639503571046
301.6685774927584
301.8134140786966
301.8596462649313
302.0168050710572
302.10945829129435
302.23622261392273
302.33440110581523
302.4201826851778
302.46578426656436
302.5237086372777
302.6077447266357
302.66210529290254
302.79217305864313
302.90343287538036
303.0061082054995
303.10601086897327
303.1848324413814
303.24724638600776
303.2888798440267
303.52337403791137
303.53230674005687
303.53874119895767
303.59399781261334
303.67063246879866
303.8177709061898
303.908714052436
304.01576448267707
304.0866719972634
304.1319234674481
304.2083152261443
304.29388730568735
304.3749026487563
304.3917360743503
304.48052102922725
304.49942052419283
304.5501910825694
304.63419093248683
304.7515346302993
304.84339502127506
304.88061238857074
304.9130720510662
304.9362542260991
305.05482892117976
305.06160454193184
305.08674619255913
305.094309971938
305.0996726505774
305.20568573358855
305.3465119037163
305.4494959784573
305.54538272845576
305.67733058517763
305.6885434490488
305.6913227938241
305.8186914813312
305.8303351220615
305.8608108737674
305.9434733210425
306.09154317867524
306.155998281195
306.2501672555816
306.2869677584799
306.46633278532374
306.5220775876736
306.582863140031
306.6175813869994
306.6291683691587
306.8425508655108
306.94009074399213
307.0541892989894
307.1529351936614
307.20980103159417
307.2642120386135
307.3004326689979
307.35830684377265
307.449385742307
307.5236694199251
307.59368831997443
307.624557062665
307.65485165807195
307.76269304199786
307.9150201749991
307.9470972540681
307.9752499234079
308.0685959976918
308.1722079248807
308.17776806419886
308.2861835791881
308.2897336456269
308.32288686117766
308.39715241542746
308.4528135879476
308.5549520959483
308.56693311586525
308.7373844043444
308.6899638134517
308.8072268024773
308.815005029307
308.91911284268645
309.0938324690067
309.1255876931047
309.1592240267942
309.2516869967056
309.2558323859426
309.262184507966
309.32862381918045
309.3491129568381
309.5105624567921
309.594333339423
309.64889331435813
309.74599506960163
309.7523410961023
309.8108736666211
309.90763339263754
309.9897551677418
310.04554956864905
310.0614607951345
310.10148477298014
310.1388736493512
310.22051749661006
310.2325632538348
310.33970182110403
310.43443421207417
310.5224088150102
310.5388463809546
310.5639095583766
310.6814611058719
310.7830803490765
310.7870771003122
310.9368163414391
311.0004978930026
311.01460547627397
311.1638404793525
311.2148445074811
311.25024532286193
311.2992234593078
311.34349232256113
311.4244476111742
311.4236351912833
311.46148906605106
311.57277380429053
311.56493657027596
311.59140291613005
311.674158758447
311.6881044570405
311.72437825603515
311.7921592065419
311.8869632095022
311.9776712946143
311.9917099322875
312.02193985281286
312.1065863349055
312.11922980657897
312.25927402070755
312.2953311707448
312.3937802800825
312.4155889697191
312.4557942061975
312.5378339955451
312.6083009858173
312.67793111082193
312.7685513764428
312.79062041013003
312.8666459430748
312.9427695465884
312.9712059314742
313.0026281388363
313.1025101110525
313.1483979553851
313.1332227195318
313.15870700149026
313.1644673604833
313.2799762817628
313.3249869297037
313.3954641134492
313.410705644683
313.529212651046
313.53765999592815
313.5764614093983
313.62769738125854
313.6529238821901
313.69627925550043
313.77940365838344
313.82166313704397
313.83293883068126
313.85304943670246
313.9761513192057
314.0292521237505
314.0286735152977
314.07658660474317
314.09534373497286
314.11655518798057
314.1253547584274
314.1486727353992
314.15782347924005
314.16711652919236
314.21233170622855
314.26716837704333
314.39584127861934
314.45361664952696
314.6052724497505
314.6285775039836
314.68707489315796
314.7037970675069
314.8185801698256
314.8440661822741
314.86144978920726
314.89770015995515
314.9045530476861
314.9010651390291
314.8984984020189
314.91901555307965
314.97133312097446
314.9737989853963
315.02324247481425
315.0842242726041
315.14913252722425
315.16927846041705
315.2746739907142
315.31015107527594
315.46602897534603
315.4628705865894
315.5049714593927
315.54677037585594
315.584694991409
315.60481585728587
315.6573396625072
315.66070511656704
315.6922394692215
315.7001301942693
315.7905479157648
315.79429393595535
315.8202679375123
315.8457014650271
315.87132534462427
315.9071096578123
315.9186849236071
315.9442259205398
315.9682166904825
316.0227660971467
316.02800637970796
316.06657201459024
316.22360075654484
316.2625730670156
316.2665775112984
316.3832598545516
316.3842401750155
316.4550729376356
316.4553809371092
316.53845956902603
316.55744415278724
316.58643048440126
316.60480425276467
316.65493229976266
316.71896980313693
316.71905806686203
316.76903993325107
316.7655207144829
316.7873303648793
316.8598285110927
316.8588367255629
316.8557482683928
316.88752124289914
316.93258319073203
316.95074637571383
316.958434547377
316.96290293509156
317.01182863289404
317.0153646606549
317.020901409055
317.09876819225303
317.1207689385956
317.13765353757225
317.15102832947866
317.1464773278592
317.14648444926354
317.1921893503596
317.3235816109234
317.3393067131653
317.41794680677174
317.4307877432787
317.43781888099863
317.49801927444236
317.50324444322933
317.52993308911243
317.5716290980313
317.5713912502382
317.6922742667845
317.72958322165283
317.7521089436018
317.80879711532674
317.8540581926596
317.86814363616526
317.9422990396937
317.9596300830895
318.0619162541906
318.10120423575563
318.18124970917205
318.2104998424966
318.272228173956
318.3544187956034
318.40362346538666
318.45353429198315
318.48333463922023
318.4852721306002
318.5464049684334
318.63369952808097
318.7235684983665
318.8011518355621
318.81309238119627
318.8528979408237
318.92988958984216
318.93276683551477
318.9350507296346
319.013017587408
319.05355031111685
319.06297053495706
319.0612304327801
319.0670490443686
319.15577951485676
319.16091620533314
319.16256799932563
319.1729126210678
319.18790461843906
319.21529791066456
319.2479036529426
319.26485836869347
319.2901393833684
319.2957720543566
319.32597570377675
319.33307765511745
319.3346780223784
319.3631989087075
319.40732123739707
319.4208797810361
319.42000238368433
319.4351416860081
319.4638354962941
319.4597832898346
319.5017508408738
319.5027174142975
319.58877626071836
319.6325512188809
319.7121397668183
319.7125342532752
319.74200313277817
319.752120833063
319.8027028856104
319.8232562401372
319.83584743198577
319.86491836232057
319.95088363685073
319.98737958734324
320.00750853439337
320.05423405833284
320.08526645399036
320.1551396618478
320.1837898346962
320.2143633596124
320.22638059034125
320.2374072979589
320.2512206196923
320.2454150425822
320.2775821422762
