with mode=3, handoff cost coefficient = 1.0
284.05428328955577
284.08502368582947
284.51504948338953
284.8119138601441
285.10576267553114
285.3293285496454
285.47408119877116
285.46321979214116
285.97683045682976
285.998534533963
286.4731724109947
286.71343109951107
287.6072135738682
287.869983513664
288.0172864374306
288.2066831461209
288.3258765240968
288.2328872503324
288.33326865942746
288.3183765403529
288.50534038905676
288.5293342918272
288.58179086333877
288.6117608920581
288.9658610193684
289.0157983166756
289.54285762591815
289.58785026248023
289.73400557421274
289.9192377262749
289.88393913919975
289.9494505082621
289.9878260283565
290.1379262423437
290.1378511767927
290.09975182190567
290.1226229225311
290.27090574142454
290.2698791201889
290.4065245630089
290.44384811356855
290.50849994616146
290.52094961927196
290.5113181751187
290.484365337939
290.484365337939
290.484365337939
290.4970348359926
290.4970348359926
291.49591526631656
291.5482545020542
291.5318479187811
291.8683532542493
291.9448113292942
291.9493043950319
293.1654977134762
294.3223729963061
294.3030757933128
294.32993301021605
294.38239578258066
294.52910323101895
294.51290474391374
294.50684068011464
295.161348701146
295.54497519975354
295.69668553977624
296.73892814308044
296.818776926254
297.1077403726995
297.58558228425767
297.9248521475475
297.96986798591365
298.34361894241766
298.62024182558105
298.65307179318125
298.6362958069308
298.8561042771978
299.09010213257886
299.2348071216088
299.48298709401536
299.460830542536
299.5128249962103
299.56666124865166
299.8331034314781
300.0377231370078
300.0897695826737
301.1829694017692
301.2107403355263
301.758728975933
301.79556143531255
301.8392406490178
302.2989428088367
302.7233222290934
302.74273641108135
302.74631694907913
303.8795522784038
303.8974556599734
304.1963465466515
304.2283100211393
306.0047318430977
306.2319674625201
306.99988625509604
307.1947693460271
309.1601796621211
309.1404327669517
309.8189201268907
309.85567093846333
309.84519916154505
309.8061245879702
309.8061245879702
309.8124822269798
309.81685298313835
309.81685298313835
309.81685298313835
310.54852194859143
310.5785499626541
311.14571388722965
312.05671486189897
312.2712250625835
312.22836468521035
312.5028743082378
312.5280448848444
313.2841997665431
313.8135255074655
314.18209741456286
314.20063434235266
314.26040690219094
314.29970503845254
314.35586872067626
314.94219729871656
314.93119406684
314.9114092283966
314.8487755107585
315.6175201614688
315.84047032067645
315.8769899446023
315.9008181077234
315.94173033088225
316.0427251257077
316.11622100910506
316.1633106584701
316.37529328141403
316.38631924718896
316.6399228802643
316.9807708574813
317.40644805112606
317.3928744244077
317.3925192187645
317.7170491195593
318.21804581316474
318.24973962206985
318.30072708745195
318.36412689623774
318.3443844702716
318.43382465690075
318.43433933069906
319.5947267059503
319.5919631356752
319.93060158144016
319.9886366688036
319.9868108334084
319.98577428428115
320.0621931248743
320.0658590332917
320.2399635547993
320.26171028760416
320.35555697313157
320.8363621620068
320.8835853772925
320.8932278245309
320.94365269004066
320.99771260799724
321.153230549411
321.1495305105607
321.1736574740362
321.2115193871458
321.4231988501095
321.41922182525485
321.4219079699902
321.4495758268469
321.4752388986394
321.7164362672398
321.69441875856654
321.73271373704847
321.71764514542025
321.71764514542025
321.73375100053096
321.7480525070108
321.7686376163211
321.81385355105283
322.1777161212944
322.20797953430144
322.3412972400895
322.4731642250856
322.4812113123084
322.49114867359214
322.52968049904257
322.525812519636
322.52615558254877
322.51414727554516
322.51414727554516
322.52329485123397
322.53990779614526
322.7347429674033
322.7283223765655
322.75562428103177
322.84839240657925
322.8422136410394
322.8526313789862
322.88280461399944
322.89278238587025
322.88615754356016
322.8847390352816
322.9194357948697
323.167544588515
323.17574080979324
323.17751908086456
323.17651905350755
323.2038046270996
323.2202025212246
323.2439262004738
323.2374783804332
323.23373405585835
323.2503990383385
323.2503990383385
323.2567610257661
323.29703088764575
323.3011044548083
323.324299644195
323.3164618249032
323.3348678318971
323.344557608379
323.3434995730671
323.37137824437616
323.37105570953634
323.38312445742054
323.3652796290228
323.3652796290228
323.390896597969
323.390896597969
323.63199626734524
323.6255443832141
323.6167247950965
323.6741876034879
323.6902776620342
323.7133009058804
323.758422222081
324.04153562928695
324.1036683095962
324.11418335340034
324.12294953468177
324.1247098528088
324.13667617364
324.1322601059203
324.1489733238991
324.35176008267473
324.33470293789077
324.3468775511888
324.3460940360606
324.38068112432273
324.3629273218947
324.38574057391673
324.3964048280082
324.40404680358466
324.4089134884628
324.40495651606915
324.41377955721526
324.4122654802068
324.4122654802068
324.4122654802068
324.4122654802068
324.4273939390759
324.4215316734825
324.4215316734825
324.69092390052947
324.6999446650814
324.8281183628409
324.8728422441576
324.8672172462444
324.8584656769473
324.8687488174861
324.8687488174861
324.8687488174861
324.8858043899547
324.89077152164316
324.88093607270196
324.88330145129476
324.88330145129476
324.88330145129476
324.88330145129476
324.88330145129476
324.8951950462829
324.9088598398014
324.91420613266996
324.9393786636769
324.94122329933145
324.9435825986525
324.94087353559064
324.9554784453685
324.9793288809441
324.97356010798126
324.96515342286017
324.9673917384034
324.9673917384034
324.9739377950257
324.9779328957287
325.0176408621321
325.01372139219376
325.01574801688156
325.0265806701278
325.09646383867556
325.09065977522204
325.08863887175346
325.05732441884305
325.08868045507285
325.1482757417646
325.1476502303343
325.14760546654225
325.15216132628797
325.2090150460692
325.2077082250898
325.2563230804522
325.25764232299633
325.2510869039638
325.24734294298514
325.26445538399065
325.26802834508624
325.2778180122051
325.26931077474603
325.2727195411888
325.2760965331273
325.2760965331273
325.5158874231717
325.5152556620464
325.5248985031924
325.5223132922238
325.52459253729273
325.5288324856415
325.5288324856415
325.55119829086607
325.55668220397104
325.5532881249415
325.550284244326
325.550284244326
325.550284244326
325.5541023551479
325.5541023551479
325.5541023551479
325.5541023551479
325.5541023551479
325.5541023551479
325.55778711257966
325.6268974024242
325.63044550036835
325.61723640011246
325.66402904946807
325.66215090437555
325.6611966474927
325.6612924691257
325.73856394845586
325.73788684563436
325.7268067076482
325.75270591604357
325.75376926582913
325.7547652231501
325.991447093198
326.00229569774956
326.1046821756843
326.10866616148184
326.11797631802693
326.1457428157318
326.1472245906148
326.1419808548856
326.1313177842397
326.1313177842397
326.15880434374316
326.16281584718337
326.16794467068706
326.18793930148996
326.2088087112882
326.3114117475659
326.3308618486301
326.33003770515916
326.3348486159403
326.3339832400219
326.41846534723066
326.4181083512947
326.42439940606
326.42133283915854
326.4244116952841
326.428957282882
326.428957282882
326.43987988629755
326.4453969744988
326.4503866443993
326.44392116948814
326.44392116948814
326.4505543478669
326.4605373647016
326.46475237065084
326.46242388620834
326.4693703377271
326.4651852618478
326.4772565619871
326.48391269502997
326.4784195984024
326.8822621281893
326.89024962098273
326.94860663095216
326.9488916757439
326.9558643065419
326.94945220088067
326.952892671124
326.95538496395693
326.9654533031952
326.97080054958565
326.97062819022926
327.0450359515747
327.04352232319246
327.03700388270744
327.0435253959222
327.0435253959222
327.0435253959222
327.0425972000012
327.0425972000012
327.05326695790154
327.0564152697496
327.05734752240716
327.06599641374095
327.06284923623906
327.06211992163145
327.0771418126782
327.07373128319756
327.07016580155613
327.07712365018205
327.07712365018205
327.0818865154833
327.0863449284658
327.0889700794363
327.0946029199638
327.09259307585785
327.0902503530093
327.0902503530093
327.1081655670112
327.3323138551689
327.3126851605768
327.3125089514969
327.3115420734305
327.3115420734305
327.3115420734305
327.31600068479645
327.31600068479645
327.3293916066633
327.3317853737178
327.3337755747319
327.32910320924435
327.4061105950512
327.40871209668916
327.40914571047756
327.41407110175066
327.41170941975616
327.41170941975616
327.4179321205767
327.41872669942995
327.4284496430771
327.4281791358013
327.4317043417693
327.43451415526704
327.43451415526704
327.43460651669216
327.43460651669216
327.43460651669216
327.441618988155
327.6019479469093
327.5938008529594
327.59819635669936
327.5981415647278
327.6056209590623
327.6033257344942
327.60591339998325
327.6045709669954
327.6045709669954
327.6045709669954
327.6045709669954
327.6045709669954
327.6045709669954
327.607293487562
327.8359769707712
327.83493897099345
327.834133005058
327.8341529196284
327.8341529196284
327.8341529196284
327.8341529196284
327.8341529196284
327.8341529196284
327.8341529196284
327.8341529196284
327.83834920670984
327.83834920670984
327.83834920670984
327.83823083002346
327.83823083002346
327.83823083002346
327.84154413216214
327.84154413216214
327.84154413216214
327.8425798092173
327.8456044344131
327.8456044344131
327.8472190087995
327.8472190087995
327.8472190087995
327.8512909499952
327.8512909499952
327.85223399075204
327.8526065581898
327.9306732281022
327.9272169430127
327.9327140948993
327.932562509349
327.932562509349
327.93556079729973
327.94035082659605
327.9696891804388
327.9716980456295
327.97139720766836
327.96388620729726
327.9978297911606
327.9987469921637
328.0074351129492
328.0129667881172
328.0779512048289
328.0815522321509
328.08839913687393
328.0879041439948
328.094686720297
328.0903792939204
328.0903792939204
328.0914269237083
328.10002079968314
328.1012404702936
328.105127005635
328.10315993679484
328.16909207708494
328.185289670006
328.1915755453041
328.185391013357
328.1915800799615
328.1915800799615
328.1915800799615
328.197990675109
328.1989592258918
328.19580376898733
328.19494428204814
328.19494428204814
328.19494428204814
328.19494428204814
328.23006267493696
328.2284362758672
328.22241098758525
328.25770323551785
328.43773277397867
328.44523241470114
328.4536686563003
328.46018713746724
328.46623695822905
328.4712848443847
328.47497622834885
328.4745266439298
328.4777134939355
328.47784150575905
328.47784150575905
328.4911912038536
328.5222670015847
328.5202754678353
328.52189718443844
328.52800644998376
328.5314027795126
328.53713423486516
328.5340135856626
328.5695810734166
328.5669765884726
328.56047864534537
328.5707910722762
328.5707910722762
328.57409084471345
328.574467880102
328.585259641637
328.58151297723794
328.5844663868436
328.58677627843565
328.5907990379196
328.598758408668
328.59024844316383
328.59024844316383
328.6117850265265
328.6193940834172
328.6268305200633
328.61845245856085
328.6241184662585
328.6260064841663
328.6260064841663
328.62666742061924
328.62666742061924
328.62666742061924
328.6337716141193
328.63375979263753
328.63855393849144
328.63681626586526
328.6648524758288
328.66544525652375
328.67002262250236
328.6714189596081
328.671712999963
328.6839085848223
328.6774848422017
328.6774848422017
328.6767922605087
328.6767922605087
328.68047128191927
328.68047128191927
328.7081494680257
328.7126808182985
328.7127156395396
328.71905815881587
328.7213658171418
328.72155065380167
328.7294939783779
328.73486777744324
328.72919649820346
328.72585679886527
328.72585679886527
328.87674534394677
328.86032446616247
328.8669589552582
328.87245498304
328.8784098660693
328.88204047173804
328.8777692073062
328.8824785778702
328.88007368983585
328.8877578890825
328.8861663938559
328.89015238748976
328.8920391859626
328.8974646951103
328.8979988009382
328.8955056596124
329.1014623820918
329.1127983785611
329.11400952971786
329.126032377985
329.12313075779844
329.1258496856458
329.1227073465778
329.1261884685873
329.1261884685873
329.1261884685873
329.1261884685873
329.1261884685873
329.1261884685873
329.1261884685873
329.1261884685873
329.1261884685873
329.1261884685873
329.1261884685873
329.1261884685873
329.3282017929616
329.32983040910216
329.3272098133366
329.3266863092543
329.3266863092543
329.3266863092543
329.3266863092543
329.33482720029883
329.334651718658
329.334651718658
329.3375755656705
329.3447245245951
329.3436343230528
329.34644371622034
329.3522218319036
329.3522218319036
329.3574871957604
329.3597501156685
329.3608003258227
329.361806310864
329.3626410957073
329.3675994965893
329.3675994965893
329.3670694302449
329.3670694302449
329.3670694302449
329.3670694302449
329.3670694302449
329.3670694302449
329.3670694302449
329.3746734169789
329.3758032216895
329.3738243114379
329.37490548188015
329.37490548188015
329.37490548188015
329.37490548188015
329.37846912379604
329.37846912379604
329.3795854095713
329.38282215922385
329.38282215922385
329.3827524385791
329.3827524385791
329.3827524385791
329.3827524385791
329.3827524385791
329.38517369619484
329.38517369619484
329.38517369619484
329.3863775492156
329.3863775492156
329.39098672670104
329.39052324797274
329.39012929373257
329.39012929373257
329.39012929373257
329.39012929373257
329.39012929373257
329.39012929373257
329.39012929373257
329.39012929373257
329.39012929373257
329.39012929373257
329.39012929373257
329.39012929373257
329.39012929373257
329.39098672670104
