with mode=3, handoff cost coefficient = 1.0
295.8421879001574
296.9422402750749
297.2963513398572
297.2918478644437
297.5155745858385
298.13660239341567
298.58069710438224
298.55959818700524
298.55384422495257
298.7346885631632
298.73269689401536
298.7647997360185
299.0495077477244
299.08219233169484
299.0841690932548
299.0891717980587
299.1776537112458
300.011787915179
300.0245072911263
299.9949360378945
299.9420597081045
300.16038212281285
300.1779681250513
300.15636793661895
300.12507649642674
300.7587980037977
300.74373270018225
300.8614556845806
302.0461003326975
302.12981850518383
302.1044799769881
302.1943302197071
302.19281601541803
302.5302808408627
302.56727769952494
302.5219624337848
302.51233818962055
302.5167668873133
302.56960985268535
302.57158461015547
302.6685304874908
302.6507391961582
302.7951391401172
304.25107426813344
304.2589278038678
304.3041252110689
304.9599576045827
304.9710204412439
304.983764107761
304.9338065220899
304.9338065220899
305.2971914822067
305.31080950223213
305.3073681696622
305.30365726778456
305.3064396628396
305.31467033651586
305.31467033651586
305.50079252226834
305.50160840888213
305.493694252167
305.8205230756105
305.903806712662
305.92327007928594
306.0279552193692
306.332517162876
306.3593045295195
306.31866659038656
306.85712768366875
308.0587219642649
308.0876448222079
308.6590139174707
308.97011778621993
308.8213725305844
309.15101701956087
309.25722822748116
310.700235611549
310.7907288415101
310.80411062742695
310.90769094255023
312.24774975799534
312.3947863877608
312.5716993965005
312.6388552433578
313.6792047944138
313.7832628596247
313.78560479448095
313.8767440535184
313.88122466917827
313.87070951637696
314.0064461833826
314.06495514255283
314.5100563090637
314.58671854365355
314.58699625439084
315.14047486455655
315.1822691435624
315.2049910659986
315.47714022715473
315.4646030114199
316.57813884211413
316.59498557630224
317.21556818200787
317.2935358943098
319.0545212275706
320.7945889837808
320.7968281569412
320.77258105857004
320.68487872301256
320.68487872301256
320.7234434103376
322.6514917864192
322.6093757134707
322.62891211265946
322.60844013648625
323.483796211232
323.4846681194033
323.7442117384644
326.3967441296465
326.39518370184777
327.4292898584554
329.04379147084745
329.1706440629639
329.1845595520648
329.25378041428354
329.31000829443286
329.3347046864873
330.02627840310066
330.0381402555145
330.65698947365934
330.90495110619594
330.94000189174704
330.9378219565253
330.9558798648477
331.08789395280655
331.0681746889422
331.09722177738774
331.1241227180464
331.10907365257225
331.6711528251581
333.132288640109
333.1586559936661
333.17234811910225
333.20271813290105
333.2248832606675
333.3161214991028
333.3991309365148
334.2778902326859
334.2871799139459
334.371245133682
334.4162386370771
334.4363296750702
334.52357849148206
334.8638451066066
334.87485173072764
335.1541116740547
335.1093220014034
335.34926819758226
335.34217461480864
335.3800788961804
335.7775279190106
335.7878504305085
335.8420234477194
335.91075238112745
335.85052958261457
335.90178302801337
335.9935662108619
336.6466033615431
336.7285833711733
336.74876194189847
336.75040187233435
336.8255237517753
336.9132063502666
336.91401794195554
336.93844766955004
337.33838980900504
337.3407671802805
337.39925380071173
337.3974563532292
337.42128434164573
337.41994380391566
337.43115196237716
337.43279447588833
337.43308029341443
337.4643123647269
337.47126548448273
337.4674136569422
337.59146830674473
337.5961413403189
337.5933825588063
337.5934146910597
337.5934146910597
337.5934146910597
337.5934146910597
337.5934146910597
337.6110496660792
338.5704117352918
338.83309519421204
338.8276921901823
338.9536756567491
338.94351082691406
338.99652776984755
339.2209364562577
339.27558082617224
339.3305936337937
339.34223202704425
339.3448483086338
339.48049595958867
339.5526395715877
339.5419834247153
339.53553727332223
339.6381267195829
339.6509707590586
339.83751179473575
339.8420763409917
339.84137280896636
339.8284691009144
339.8284691009144
339.8284691009144
339.8284691009144
339.8339386900867
339.8339386900867
339.8339386900867
339.8592461021766
339.8451845083645
339.86311804363777
340.61117726226354
340.6306638250512
340.63600759545204
340.6584233869711
341.1353709944216
341.1331963881851
341.1387347293454
341.18059591446064
341.18275399835346
341.23186417447954
341.22880923801455
341.2327246136388
341.2167082211801
341.23942042797165
341.237697830446
341.23989923393714
341.27390841947556
341.28245288022043
341.272693705199
341.3973782264626
341.3997281060675
341.42291873334295
341.43726159744995
341.44716828416495
341.4632098780611
341.462975199723
341.4666122095704
341.4878464158246
341.4876304981467
341.48210398442194
341.4816481798696
341.4816481798696
341.4816481798696
341.4816481798696
341.4816481798696
341.6361130616697
341.59064222368875
341.6142291247416
341.6084421078853
341.6633775281404
341.6534826740272
341.64772181753375
341.70885749239864
341.7036711792644
341.7194344538239
341.7270934285907
341.7164746577983
342.0744207949742
342.0762562490093
342.0759920182786
342.0838837143363
342.0838837143363
342.098660945058
342.10534746148414
342.1045109479434
342.13963268398595
342.1396863102743
342.1608225148126
342.1604980010951
342.1479562372157
342.14578330872956
342.2304418923447
342.2509775676424
342.2639608786795
342.27328140598075
342.34989804001253
342.35086920574315
342.331848153207
342.35745574843315
342.36037940965497
342.3609846947815
342.36605471166496
342.3709554776534
342.37267690585213
342.3856683104597
342.4157983040831
342.4158744270852
342.4314130987491
342.4951812709029
342.494475704754
342.5020396532406
342.5048824224989
342.5035481940482
342.5253395952611
342.5344488192165
342.54314192561316
342.5310138957848
342.5430200786867
342.5538435214505
342.54996904579485
342.56054545526626
342.56211107973206
342.56211107973206
342.57026564984886
342.9238701655379
342.9240917115723
342.9462288448572
342.95485696887295
342.9521804100962
342.9545004801801
342.9588360428938
342.9584554715157
342.96694287947435
343.1243042015034
343.1960473149951
343.19611466630175
343.241706410122
343.2675545624769
343.28629198170404
343.2932574594157
343.3203674208474
343.330328925512
343.3137580996021
343.3122847958601
343.3787216408919
343.38450505099445
343.43207652538365
343.42830831160944
343.4290701633632
343.4307276577836
343.45718434659375
343.4521917495478
343.4878210451762
343.48848384037177
343.49641233925587
343.49763138028175
343.49763138028175
343.74186104789857
343.7380678081433
343.74299181387926
343.7342236605525
343.7454957115947
343.8742063073169
343.9115138381635
343.91153722687613
343.8889567215102
343.8901379886106
343.9022255672066
343.9022255672066
343.9706722945468
343.9851460156775
344.0009093226672
344.0098541826136
344.007475205076
344.0270831046372
344.02727659692164
344.02871209223656
344.0519307282003
344.0547237604524
344.04894319257704
344.0558724561528
344.0581708217826
344.0581708217826
344.05698621584554
344.1973296134553
344.1956179777677
344.1951023921532
344.1875865446038
344.1875865446038
344.1875865446038
344.2159919882714
344.23725771189083
344.24254272993005
344.2427891437187
344.2439993531261
344.243196098211
344.25377144390086
344.25254100096424
344.2485612384381
344.2485612384381
344.2485612384381
344.2485612384381
344.2810951125356
344.28122230709073
344.28312524571527
344.2848312436545
344.2855703980807
344.2855703980807
344.2904189602226
344.2929939458754
344.29180362700924
344.2891596636018
344.29360047714863
344.3017052901057
344.30401640680554
344.301467761356
344.31215537617175
344.31215537617175
344.3139757141337
344.31336233982347
344.31336233982347
344.31336233982347
344.31336233982347
344.31336233982347
344.31819192157207
344.31819192157207
344.31819192157207
344.31819192157207
344.31819192157207
344.31819192157207
344.31819192157207
344.31819192157207
344.31819192157207
344.31819192157207
344.31819192157207
344.31819192157207
344.31819192157207
344.3298529599467
344.3285741741247
344.3274679718015
344.32911362289667
344.32911362289667
344.32911362289667
344.43686754722387
344.4351044110914
344.42992558693925
344.5148498789821
344.5109119759762
344.4969262376168
344.49813452496517
344.49813452496517
344.49813452496517
344.50292027585715
344.5028979676898
344.50670663862354
344.50670663862354
344.5074132359556
344.5074132359556
344.5074132359556
344.5074132359556
344.5074132359556
344.5074132359556
344.51403507688747
344.51440614248486
344.51440614248486
344.529552496724
344.52716324704886
344.5272968444966
344.52720987239115
344.637177554814
344.64218717935944
344.6567286744702
344.6566019766807
344.67051654551665
344.6629137400514
344.6612527637709
344.6666664359042
344.6666664359042
344.66934419829204
344.67281059825655
344.68580623976163
344.6792119476961
344.68356504539406
344.68356504539406
344.69037835070026
344.69245323798293
344.69167598811214
344.69240622466316
344.69240622466316
344.69240622466316
344.69556766418316
344.7966940709749
344.7968049919408
344.7877835845853
344.7905544949019
344.7905544949019
344.7905544949019
344.7905544949019
344.7905544949019
344.7905544949019
344.7905544949019
344.7905544949019
344.7905544949019
344.8045315018512
344.8045315018512
344.79797096589976
344.7944252944124
344.7990635820567
344.80536985140793
344.8090667926217
344.8025468505067
344.8025468505067
344.8025468505067
344.8025468505067
344.8025468505067
344.8086710196734
344.8245760484898
344.92376882607175
344.922457097662
344.9224493661018
344.9231284556578
344.9231284556578
344.9231284556578
344.9231284556578
344.9231284556578
344.9288925996259
344.9297779771076
344.92836910440246
344.92722677024835
344.92722677024835
344.93152074420937
344.93648258077405
344.9352234980246
344.9405350260889
344.940285171505
344.940285171505
344.9435791531218
344.94762256907154
344.94730370651087
344.9494250563961
344.9514225574572
344.9515740237152
344.95194839792003
344.9557473927051
344.95870673622005
344.95810998776807
344.95810998776807
344.95810998776807
344.95810998776807
344.95810998776807
344.96203214709953
344.9641328204761
344.9639025165989
344.9632909649401
344.9632909649401
344.9632909649401
344.9632909649401
344.9632909649401
344.9632909649401
344.9632909649401
344.9632909649401
344.9675176888336
344.9674279295447
344.9734352891055
344.9729833701836
344.97346290605776
344.9798844839997
344.98055168036274
344.9871575188034
344.9842289880267
344.9842289880267
344.98549535936155
344.98549535936155
344.98549535936155
344.98549535936155
344.98549535936155
344.98549535936155
344.98549535936155
344.98549535936155
344.98549535936155
344.9871575188034
