with mode=0, handoff cost coefficient = 1.0
295.8421879001574
295.8024310169968
295.9259603769783
296.43528184789915
296.40890029275516
296.5180372229796
296.6962264342101
296.70225010706525
297.40465209714023
298.08753525107727
298.7179000099056
298.7801345353464
298.8423751317148
298.9024014623483
298.96966497328697
299.1285636976823
299.89377522397524
300.0714011228525
300.1916505099009
300.2193831354831
300.3273007980368
300.4131824654301
301.26413224578215
301.21465067705986
301.6368951622286
301.6368951622286
301.5698506992491
301.54437706582024
301.5770968232579
301.7328574196823
301.6739398753022
301.7286582290957
302.9217190843527
302.9173059030058
303.1264789728185
303.1304418645197
303.3003515536438
304.1296650496703
304.277286798008
304.7745117407953
304.8597146390509
305.48486461566057
305.4862313072257
306.638630469784
306.7092733873355
306.77852560541555
306.9283045637165
306.9369857351063
306.90432790516974
306.88234580802856
306.996344223708
307.8820699758079
308.0132070877203
308.1417655687456
308.7123565618562
308.9427663722867
308.96231069953836
309.03477033294524
309.1603331917533
309.1609284405164
310.0175111289512
310.27590460637515
310.2703620196231
310.45459077876154
310.45532624337653
310.4571627555978
310.4389821253071
310.4157050355931
310.4432627721931
310.43698212708944
310.4571627555978
310.44589701952617
311.05141741797576
311.18173617597125
311.21480121714336
311.21480121714336
311.3536047608106
311.3536047608106
311.3566953478158
311.46120922788566
311.46057476296886
311.5299684260541
311.5299684260541
311.5302268718074
311.7985055617488
311.8274488414387
311.8551906626086
311.8568046562357
311.88152110240964
311.88989116153545
311.8901630240582
311.97925373119176
312.0982089284211
312.2226134106051
312.2319774892994
312.22968365086416
312.2780730570081
312.3802224252338
312.37760573204844
312.37526808609493
312.4527975821163
312.45491414939795
312.4547011408297
312.53508163434947
312.5527616465314
312.54958531141824
312.55744823164247
312.5598254720107
312.56462970780484
312.56564421641207
312.8780541514905
312.8791479949295
313.017641735515
313.0623554623427
313.17497695640236
313.32206726186365
313.3424877382104
313.4622798114276
313.56283321797576
313.6644153752577
313.66871365405586
313.73459856057
313.72761299080094
313.7290332271282
314.16917022457875
314.1760857425866
314.1958338772062
314.2246861101567
314.2726628438012
314.27372804290417
314.32113757333855
314.6405136928347
314.64004604309815
314.6375520370867
314.6313392010971
314.6489126136241
314.6489126136241
314.75481977232295
315.05977795521665
315.08541900087704
315.08541900087704
315.08736551040727
315.0949920203673
315.1246460541462
315.43613639479463
315.65925866427665
315.6784538166913
315.68212384068556
315.66958321950574
315.66989979251935
315.7122887634119
315.7202684102935
315.7519587139668
315.75461038843554
315.760907674691
315.8084382031266
315.83338242647153
315.84022664070267
315.8444039131635
315.8460437339188
315.8431073111039
315.84720960761643
315.84944941429256
316.19799641111325
316.6021420961862
316.6042992950435
316.6244060880972
316.6244060880972
316.64519691914745
317.1512682494831
317.151604236007
317.1487034695848
317.13682181012484
317.1349158586719
317.14407093771536
317.1590015046735
317.2374067147642
317.5563627867911
317.56214658379395
317.5651926170633
317.56478271931576
317.5609037255004
317.5609037255004
317.774810657805
317.8020073826837
317.81649993056465
317.8217417345217
317.84264518758147
317.8428306864192
318.012429482109
318.01259966804673
318.0158087797937
318.09989510519034
318.38183490888554
318.3937914756605
318.4948415596458
318.6195507234065
318.60447439731615
318.60447439731615
318.7925372210487
318.79282430447887
318.89904016697784
318.9027990027186
318.9318886681193
319.2016226514099
319.2191923127435
319.3236561571748
319.32453433150226
319.32281828398084
319.32575470597624
319.3252934312835
319.31733051051293
319.39940299425336
319.47839886397117
319.51211312793043
319.59786074858226
319.65907920649073
319.65816660312504
320.11756664002206
320.150083930733
320.15037493403196
320.1521970467603
320.39657173012404
320.4167060968826
320.42209834443946
320.7064726695288
320.72030406216163
320.9777836746476
320.9746467796308
320.9715586542419
320.9715586542419
320.98702600747174
320.9886348658171
320.9989560495843
321.0021883287994
320.9964957376346
321.24818665775325
321.25105821699105
321.2577949168966
321.2665422104527
321.5706790143195
321.7191072076188
321.7739800405261
321.7702737739045
321.7704799406843
321.7638152797803
321.7560396189794
321.84399189361824
322.4355699867026
322.435794992506
322.45833299664747
322.45769622658156
322.45556110847406
322.4605804091251
322.4606395864756
322.46642970028836
322.4708337492412
322.6837015704253
323.00862020725367
323.02431526209676
323.0293143442099
323.34639396606474
323.34642411211024
323.34642411211024
323.3489906731086
323.35032792923715
323.5675611214188
323.5686017928542
323.5680704669394
323.5680704669394
323.5735337318448
323.56653010964624
323.5678258818647
323.5712934701891
323.5926126211327
323.57274490115424
323.57748547223963
323.5750268218678
323.5698155892046
323.5926126211327
323.60670708987345
323.60322717105663
323.6032489283384
323.6080804287265
323.6085547701807
323.6110522938352
323.61315293149073
323.61275725802153
323.64784250828944
323.649207358052
323.66958702714265
323.69928260256575
323.6975669384584
323.69898442643444
323.70229718433814
323.70229718433814
323.70657457421567
323.70543413775414
323.71764598071815
323.71814782375844
323.7737581666222
323.7832660741253
323.7832830899308
323.791609560815
323.7900035383109
323.8380573146293
323.96367556506357
324.03895589599705
324.2148831511956
324.21686512339363
324.3739293248081
324.39095552125787
324.39101703802027
324.48924579607916
324.4892158802383
324.50231889334077
324.508539824376
324.51039457616207
324.51654577185525
324.62278356825993
324.6737212817937
324.6745052050798
324.75187226035
324.7503967394734
324.79562623180084
324.8021701002133
324.8054653247342
324.83922393618633
324.9044246414301
324.915409144556
324.9721081231104
324.9722675725419
325.158233110877
325.2055483978365
325.3264116353199
325.32791608339267
325.3334281536982
325.3334281536982
325.3367800801342
325.33685430958485
325.33565037936216
325.3351116901687
325.33511958271583
325.3369167856402
325.33815108707705
325.3377658576581
325.34572851361276
325.3473283511662
325.3854757263423
325.40673246165034
325.4078551044804
325.40763506096494
325.4061438782188
325.4109981940118
325.41289877789757
325.42131983352317
325.4329863956008
325.43298755153285
325.49962232087853
325.53182344566204
325.63710959296753
325.75904313535307
325.75904313535307
325.7585592716655
325.7638619262751
325.87669709896767
325.8770079494609
325.8758292480609
325.875951612545
325.87562526663316
325.87902822802477
325.92653717350083
325.93047808473113
325.9337432948663
325.9335344155527
325.93954043379796
325.945880669008
325.9478033930496
325.9505888711541
325.96188795503804
326.15986502822057
326.2931950849302
326.2931950849302
326.29540791177004
326.40329949968776
326.4028901679905
326.4058022093741
326.60620173715876
326.6622787235556
326.6647954349317
326.66634967027517
326.6701035901899
326.6719397747234
326.67780694670535
326.67936378774243
326.69176479140333
326.69176479140333
326.69616174827684
326.69579762957875
326.69341983867827
326.6977398386481
326.70753362410505
326.70753362410505
326.84764478131444
326.8497133173687
326.8505336001019
326.85087288673947
326.85428720393554
326.871982029803
326.87213931649933
326.8774114053516
326.8775364562725
326.8744045009864
326.88162009212573
327.10035285611656
327.1061183307896
327.10678954045903
327.1480444707254
327.14813865904506
327.16885457149243
327.1715005123703
327.1710839033543
327.171995881778
327.3138243638879
327.33309803961765
327.33309803961765
327.3332214365694
327.333924580185
327.34602617198226
327.47938414916285
327.48205371253164
327.4864113460686
327.48832262179985
327.50616148251663
327.61975580919864
327.6197623707143
327.6194607102153
327.65735533599525
327.79772030829474
327.7963643905025
327.7967054813277
327.824269702713
327.82445779945243
327.8243585212316
327.8493339894484
327.9560870135689
327.9560870135689
327.95682723162736
327.96874272126746
327.96901093677155
327.96885850690893
327.97618105001
328.0791503334725
328.08122855620684
328.0826112748832
328.0827517217747
328.08473963469316
328.0865564716387
328.0867073447837
328.08433728057514
328.0843893821285
328.1324818986086
328.1343783400938
328.260949466793
328.3458456821933
328.34918989924216
328.48213958554703
328.66770105969437
328.668711615727
328.68063991708067
328.67785463577326
328.76150895175334
328.733754212147
328.733754212147
328.73637407383114
328.73637407383114
328.76150895175334
328.76624166623503
328.766264574639
328.7660027734488
328.7679068672818
328.7679355093229
328.76855245647977
328.78832631213044
328.78944670447777
328.7895753585825
328.7901196278574
328.79049478448337
328.7918303345422
328.8138496725593
328.81500972531416
328.8152528955289
328.8344736242068
328.8413936659783
328.84371439266613
328.8490768802449
328.8500090476665
328.85013583687356
328.84919216507103
328.84962246793907
328.85103046855085
