with mode=1, handoff cost coefficient = 1.0
295.8421879001574
296.09195774433186
296.2681455660758
296.5571016133502
296.7722510174944
297.25085469775496
297.3004891262009
297.4383952988564
297.69077920701847
297.903323758384
298.05375198302016
298.1606544798694
298.42995772358427
298.58924765340754
298.78503501084106
299.13545396326975
299.4644716995481
299.63505258177213
299.7330271721065
299.8956981714445
300.0998615131179
300.386876911905
300.6493880807484
300.9411093082902
301.04239582470296
301.2021811310465
301.44066814300123
301.7210116093554
301.98282530254687
302.2877481986144
302.5837896797808
302.8136671384032
302.96391464463244
303.1252582853657
303.3147236796628
303.6064084842819
303.9191520770851
304.15614516913905
304.4760484234081
304.6830814344113
304.83648564724353
304.97179313936846
305.07474153106506
305.1454381111529
305.47855653432174
305.6658326466147
305.79387294094187
305.9291196288209
306.09503201942
306.32599203983176
306.46562789088824
306.5514343917029
306.7127422735654
306.8034205308055
306.8657594118561
307.13920236928044
307.3448651936532
307.5001783901373
307.8842397214198
307.9486983694469
308.06384513728
308.19219514076906
308.37563394471323
308.43297382865387
308.58260039613424
308.833959240014
308.93472445119676
308.9712180311335
309.14714659629414
309.309485070827
309.38920146169613
309.49204674647183
309.7765940505767
309.88692547870977
310.14253480267047
310.25613196604485
310.40194106520687
310.61018997403977
310.78421332472215
310.86494155546495
311.169609662025
311.2202229847985
311.2674390778612
311.48776197511086
311.56111365520064
311.7225460212967
311.7481216097408
311.8005294057048
311.99499238741583
312.04561772878685
312.2805510480751
312.5008253882653
312.67705161417473
312.7657177528621
312.94614375516727
313.04345696339675
313.32964133447007
313.55302989100016
313.6354278555262
313.68429978959523
313.934582866086
314.14195000151204
314.2566058454323
314.6325077200937
314.7337126061784
314.9057336559286
315.0384673142889
315.32476832181345
315.46545400244565
315.487749712074
315.56543858760176
315.6327865677723
315.7200253963957
315.92767099397565
316.07113890878975
316.2941340816292
316.4281095179544
316.6190911434075
316.73919849860476
317.0072652516564
317.03038362502895
317.0312924152763
317.0564792268107
317.2889896427322
317.40139595901803
317.65775620092217
318.0054653244676
318.1127325233831
318.18253025191177
318.3825257859472
318.4852911259466
318.7046748413718
318.7281574489293
318.73645419749306
318.77589070979957
318.88148656585685
318.96022112290547
318.98871262673003
319.17905164797475
319.2982228988884
319.45928415475584
319.55173294449565
319.98187769292906
320.1126126950063
320.21303124319576
320.2309497171105
320.2906196663657
320.35415421155915
320.4319483122693
320.5315304499265
320.58458358382313
320.81683213942915
320.96631340800235
321.0094677886051
321.04125145058595
321.117848774453
321.2916409696764
321.31448404236374
321.3843952535722
321.52664577777705
321.5256927574358
321.5574515460896
321.7330049216273
321.79231987239774
321.91293053326734
321.9074324248344
322.14810772989915
322.2501394289433
322.36096859778206
322.4200007940884
322.44656089175817
322.5284785952062
322.60133670257596
322.6262535500143
322.62487121845396
322.6960377543049
322.75607168265225
322.93923408151005
323.1439057557058
323.17259486990076
323.2748137186778
323.3387997797412
323.4890637574056
323.5219854950724
323.78924641518654
323.83870747752263
324.0353851738889
324.2642919802119
324.40282355429105
324.48507214890276
324.56530743201193
324.6967688596838
324.8074914437818
324.8972432173387
325.00336789606087
325.0578104809788
325.33711691344485
325.33995989958277
325.376145635434
325.43912032357815
325.5110537516523
325.74119212797183
325.8652273096184
326.08364707133086
326.2359120849047
326.23186119640457
326.23631608545145
326.24778211957766
326.32805973931187
326.4961841126955
326.71720459344556
326.8790619952734
326.97449453254893
327.02948975693715
327.0820226785836
327.08758670254963
327.18131077506206
327.1790276262558
327.1607437625562
327.2966868509448
327.32067749713553
327.331997248709
327.40121632352606
327.4510358101439
327.5940926429102
327.73394376446294
327.7386010387864
327.7497948259361
327.749080095362
327.77656429276556
327.79281078922537
327.9756532839632
327.99818775136407
328.0783224939098
328.0803859871364
328.2327646331839
328.348592494741
328.39396889514165
328.46399258563844
328.55668521257286
328.6777902503476
328.701897367436
328.79020164415203
329.12924165757977
329.16525297412016
329.53346976600506
329.6433326434949
329.7555389393218
329.7973243214983
330.01643411780117
330.0969823618542
330.16134433669407
330.2913358926255
330.37753626790567
330.48926427010736
330.5152865029853
330.6028803259045
330.7427984188367
330.7485824514882
330.74646749642255
330.9039968352475
330.9963531178488
331.0064735122537
331.00930655420024
331.0179262675838
331.1584483508873
331.3378838001874
331.37330237388323
331.5925522868795
331.67813653327175
331.7951611149308
331.8740879817865
331.8711914361643
331.94943809413957
331.9803964434612
332.0598995886783
332.0632308877932
332.05156953824616
332.15804539363626
332.17882706391373
332.2104189920219
332.2264523013213
332.3048294089158
332.31165777093065
332.50120833800077
332.5865787001431
332.6748572583233
332.76264181264503
332.75778658787857
332.86678983123363
332.8919394444408
332.93497055053126
332.97902553199026
333.0081940374078
333.0858487081933
333.10982371673424
333.132684827485
333.2355849190659
333.3348720902398
333.38610522779595
333.46155030940605
333.4654537865607
333.4809934672551
333.518338785629
333.73008079497504
333.7754305259627
333.8221968878399
333.82486760980237
333.82522164479036
333.9540054303923
333.95812422779215
334.04434905060543
334.0850148011935
334.1066921663022
334.1651404906144
334.1596668920197
334.238524316576
334.241734844465
334.2984980563759
334.35922959859823
334.4459395651527
334.48203736252424
334.5278867349984
334.6279416938906
334.65766005345944
334.6711698574566
334.68246085325393
334.75479495626473
334.77890380292916
334.7936017523107
334.81154349948014
334.8226489151595
334.9048691298539
334.9989781988163
335.0062533599791
335.11358373893535
335.1502707464863
335.1586726027327
335.1690801230532
335.22464652081175
335.2831269482477
335.28277169709713
335.3237137334109
335.60525419482974
335.6543960442025
335.67285375280125
335.73517211098283
335.7842433330794
335.7887572119131
335.8566669067219
335.84258677952886
335.8561822719837
335.859878598432
335.91362186137724
335.95903508428097
336.0610750568633
336.06176262279746
336.07131545640567
336.10818429002063
336.18286802726203
336.25018232914556
336.3433792595911
336.45393553464606
336.55083377520157
336.548072078436
336.5593039511987
336.63337399262286
336.64887669510586
336.68615065023596
336.7412192152053
336.80604177722597
336.89722861234105
336.96101411935484
336.96356644203377
336.96800894659367
337.1193128951808
337.14238488949405
337.1448044874347
337.1415411408712
337.17834680473095
337.354500822626
337.5039588751478
337.6312120596303
337.63769957923705
337.71517025185113
337.7519670708411
337.80394494986353
337.84414677773015
337.8666303584656
337.9154299826938
337.9447478364343
337.9449626225681
337.9621597734939
337.97269917873433
337.98984474116537
338.0100844322367
338.0616295710215
338.12856774019417
338.2097131946544
338.21263324960216
338.23309778169437
338.3040171612947
338.37487302568184
338.40035385368503
338.4165066318508
338.48575654837
338.55744820540303
338.578719790218
338.624505523556
338.79854906256406
338.81080760570916
338.8181190816037
338.8566891073678
338.84049998238555
338.8596544215573
339.0064292237259
339.0536250333805
339.05583229611403
339.1236581900385
339.1761923573623
339.16812851040686
339.3224966563117
339.3217308961852
339.3687942502828
339.35550045799044
339.44147088834666
339.48476561836037
339.486950423409
339.5173843372826
339.54970696496014
339.5790046380592
339.61315919925465
339.68135830904504
339.6792439948203
339.6910939633478
339.69568277483023
339.72723420565967
339.78757824119106
339.80192302771076
339.9354872738854
339.993631601902
340.0149798624439
340.0632895068934
340.0834611922025
340.1115259545899
340.13325898291885
340.14824016530036
340.20106459190185
340.19950726800073
340.2245498263915
340.2276385868525
340.2964463215271
340.32081570789217
340.33511674075385
340.38605613578875
340.3857578096189
340.44687973782504
340.4724554290529
340.4784017537065
340.47611590584256
340.56521903680016
340.5690820361042
340.63849935989043
340.70903852463744
340.7238303250779
340.72116784341785
340.72394896504323
340.73245423550946
340.8322196051465
340.8282950682501
340.94404193061087
340.97920794237064
341.03357108332864
341.055870312842
341.1070241874657
341.1397739537643
341.17208445928856
341.2241405097786
341.2836122346478
341.31881030812247
341.4496384224973
341.4674938032898
341.52612381540166
341.6216028727762
341.6362781306437
341.6398782353997
341.7983428953127
341.8556866082162
341.87441880981066
341.87347281398365
341.8836382163063
341.8958363307862
341.9052837774636
341.90145174969723
341.9417321960423
341.93452370569935
341.9344724078839
341.94040478360125
341.9719918888252
341.97704909339797
342.0242406554867
