with mode=1, handoff cost coefficient = 1.0
232.4441055482701
232.64846448274108
232.95077649325432
233.2120057240136
233.5579749332692
233.64869890364693
233.92757766201268
234.0321322924344
234.33722839230595
234.49685450357447
234.7799188602357
235.02032007215092
235.16053929056653
235.26172186584455
235.55088360420274
235.7249610088876
235.81316515845342
235.83881478755882
235.98897866487033
236.08169641044654
236.25375882163158
236.3877544884648
236.58434737470904
236.80047759868893
236.91066473424178
237.0566916802805
237.28402594949452
237.4559883677345
237.53247915661927
237.80084332460282
237.9135844458691
238.09722156676847
238.22469157214584
238.41103519174212
238.57870848643702
238.74163286665362
238.97742504021988
239.12077390846758
239.4189710492763
239.68363462859767
239.8294963012508
240.24770491576533
240.37778484145377
240.48488525278063
240.6160995521797
240.72205723435172
240.83761484755618
241.05319951693843
241.18582571673048
241.4112471542538
241.65050067558087
241.76983791197338
241.83734537131394
241.93784873927325
242.15955659281826
242.3189759826475
242.4386306582843
242.5403371681298
242.6309985264338
242.7440977201443
242.7979005830338
243.09885323098902
243.26584535373294
243.44244941088033
243.5527549660977
243.72805607621723
243.97713682726896
244.21243363901667
244.33904381997812
244.41259908021098
244.5733812242602
244.78972477680617
244.91654878087348
245.09432132310525
245.3237337081942
245.43251950965015
245.58909612294485
245.6581092963428
245.89190671775185
246.03735425435332
246.08382001582007
246.19966478587375
246.30019340351367
246.51235435202796
246.59879385525593
246.7050492716021
246.8036027134201
246.87785024939802
246.93892086793682
247.05063123223178
247.22600755039346
247.343902530962
247.5778390339787
247.63850666914738
247.9561787693785
248.15249155873258
248.23175764051138
248.30574822862468
248.39661699961914
248.55527444473086
248.6532209616239
248.7071700544966
248.88567747501133
248.98407244380107
249.22535986588272
249.40408748427546
249.5190400220768
249.6216703268978
249.8632092986809
250.06341402645234
250.2183992338661
250.3615229774135
250.53072002614817
250.586831459586
250.8005265250924
250.90803557916234
251.02949796857567
251.06083067733414
251.17224238367422
251.3383193356421
251.40226335665287
251.56076886480494
251.6249346754762
251.64993855251782
251.69476942222218
251.8775684701803
252.0425772851207
252.1623747849534
252.28004260925744
252.35108032156083
252.47830076728212
252.50301412502714
252.57525320192542
252.61173981545474
252.6480080091872
252.75987715507222
252.90313424928732
253.10210399506565
253.2341182483736
253.2644180537702
253.52151389435267
253.55703717708911
253.64206473805484
253.7213303426421
253.86894126169582
253.9085826197847
254.01168939283397
254.11636193714773
254.1954572975202
254.32464091303783
254.37276869316744
254.5125658918079
254.55721102351927
254.59343459220798
254.6432134415471
254.69593921757715
254.7783141503949
254.9437048314339
254.984898300879
255.12106581359888
255.1875305924829
255.18520215331156
255.25349515924393
255.3546935635551
255.3873142982136
255.39863310035346
255.4103954533667
255.4546341820344
255.502885920758
255.6180507526858
255.70599410799684
255.73229923432285
255.87015999249945
255.8724445425021
255.96010877188556
256.0637452982625
256.0648987889654
256.1079932070166
256.1810423301583
256.19214926172447
256.3327608917738
256.3643261623093
256.3945436499606
256.47844800066434
256.53026201543497
256.6020861411914
256.61312329822925
256.777105239916
256.81385860558873
256.82629297083173
256.88780508513963
256.93662021031497
257.0199968777287
257.1170013220717
257.15928734047975
257.18268713076895
257.31158487776804
257.41924111037866
257.43163632517167
257.4913938548672
257.62890727644697
257.65939337633023
257.7531041763303
257.8550388197461
257.9487386746014
257.9598946230901
258.00722632705316
258.0349495442841
258.0700139152286
258.1431191177249
258.1668604249078
258.17006970227254
258.235423533835
258.3255758172222
258.3537863077298
258.4286111733685
258.50373088448646
258.6194323453468
258.6875588697013
258.7451303054477
258.9089115969801
259.1054568733605
259.1052041261065
259.24267821599364
259.3963927536979
259.55114667713633
259.60703196464675
259.67697581315616
259.68395273674537
259.8255426116022
259.83226748091903
259.88225777788676
259.9910663708587
260.0416044337263
260.06734646384
260.1740868399832
260.1719177246107
260.1808235902627
260.233106197373
260.34405041552816
260.35161040942484
260.4270259827268
260.4393599569203
260.4534597462789
260.53575055711525
260.62851640812
260.6996580646652
260.7235648096245
260.7610952310928
260.7858142606791
260.80491994238815
260.88346428206904
260.91595841029675
260.9295535549475
260.93390124073306
261.04315661975744
261.1218403575572
261.1587028445406
261.28086795689705
261.29477211990877
261.30599150683116
261.32104076900146
261.40335755712266
261.4115052039522
261.445218492353
261.4424728641721
261.5111655879663
261.55482092122776
261.57107082942395
261.67983491369296
261.77813309398886
261.80928085202345
261.8226977330109
261.8907052253722
261.9085571107715
261.9314812513535
261.95946335067924
261.9715918505563
262.0059976908038
262.0720488934936
262.1604780318367
262.16127899462924
262.165877421113
262.2346838232472
262.31825086963175
262.3245314590014
262.4165885151742
262.42832384055407
262.4475278118386
262.46914859944667
262.53314153610154
262.5613290552324
262.5979079591849
262.6037336893215
262.59868174041236
262.6043874128848
262.618392869666
262.6847796037199
262.68489730111685
262.71306216666466
262.7391577228962
262.74960976741977
262.7902305179005
262.8104640575943
262.8851366561098
262.9008828754921
262.9303876457758
262.9302483842717
262.9411631091359
262.95431764083907
262.983076917886
263.0467363116233
263.1484465669093
263.17040871172713
263.2014468378764
263.22951193401786
263.38353405915285
263.38500778779076
263.4123142884754
263.56627299391573
263.6013486912028
263.69009553660464
263.70009775121747
263.70953142429886
263.7206095998516
263.75512920338656
263.7980932385586
263.8247979975188
263.8361659040242
263.842016925824
263.8389896515547
263.88083721687497
263.9239981371372
263.93191193120816
263.935751504172
263.9337270221524
263.9362104617246
263.9529104362332
264.0000294676547
264.0916270333178
264.14167664533574
264.1561253002997
264.2312796085158
264.269981970219
264.3539191332973
264.36518065974553
264.37854138402406
264.4616534981771
264.4674842008088
264.4794666138435
264.55244805567185
264.63687498256775
264.6296296722778
264.68501102427507
264.8074852474293
264.8391989534595
264.92405700449996
264.9468115502828
264.9807646631473
265.0556778111976
265.26560685433117
265.33501270115704
265.33624058811733
265.38374081626046
265.39311935330016
265.4586292691772
265.51997375340983
265.52214701988413
265.54255551843255
265.53627243947346
265.58827311950733
265.625123469744
265.6335542412989
265.6332072386527
265.6601377889797
265.67541860571487
265.6787230878711
265.6750489092689
265.68723745070673
265.73458327825415
265.77551300859415
265.81295626835487
265.82190604745364
265.85213010251937
265.91899280122755
266.00479660314954
266.04331919681664
266.06805867249886
266.1516515807356
266.20153138444533
266.2663221273824
266.337303444444
266.518718808244
266.52314998448037
266.54004437191264
266.55625993689387
266.5775923060284
266.6262308854685
266.67702468243067
266.69914050029917
266.69960053639807
266.7175896683004
266.74610300807393
266.79697658475703
266.84144036316195
266.8930185894662
266.9522594055809
266.9676386292373
266.9715971243426
266.97592579470705
267.06418669679437
267.0955646541422
267.14692214605213
267.18529793137884
267.20650966728755
267.23617831043924
267.3555528958792
267.3578442125134
267.3668798245495
267.4216332356213
267.4307101100033
267.48213833745683
267.54045488589577
267.58644554812037
267.59285896869255
267.61273541619704
267.619881893612
267.67383136868114
267.7678932540264
267.77319731121236
267.8188609968518
267.8948056180101
267.9029228954566
267.94865453534334
267.9651121553807
267.9811206657262
268.0327946242376
268.0384225172283
268.03956605811453
268.08532760652145
268.0838624809019
268.1274624745308
268.14761479748114
268.1512523187614
268.1754662287067
268.1926254758642
268.2307286577013
268.2352044609929
268.32754639571175
268.3360051416267
268.36069732343566
268.3680025207567
268.4084847077346
268.42768929879657
268.4421086525503
268.47301175528764
268.54990822963396
268.5550067312554
268.65967926182276
268.6859613791894
268.6951866490375
268.7026992211933
268.70960467807964
268.76511723764634
268.8414367865569
268.92696400779056
268.92785760329417
268.9319146155768
268.97506116140886
268.97280095543636
269.0278207285095
269.05225321386376
269.0525812995367
269.0833477175317
269.0903215633274
269.1736315327031
269.1819461159642
269.18595539121463
269.2534826756428
269.2985801534197
269.3150092302101
269.3826534081518
269.46008678156414
269.4606294629508
269.53829858318255
269.54879498644897
269.61414687638603
269.6604591269737
269.70496622973803
269.7334614635634
269.76204137909235
269.7595793777325
269.7562162374788
269.75889612741076
269.79147135981054
269.78787452872336
269.8328466035468
269.9094494270409
269.95674174857646
270.01325617885834
270.0405689812636
