with mode=3, handoff cost coefficient = 1.0
232.4441055482701
232.48883520315638
232.48892031315387
232.7789051635578
232.88663412007497
233.14811129230986
233.64568354120422
233.71890382934873
234.28076134317809
234.28068840407212
234.75209302478117
234.93243691114765
235.04395107475716
235.07274358862668
235.18116035160682
235.2388702724249
235.415731082692
235.74910430741795
235.93374581364606
236.0925372333229
236.5319438695916
236.75920305079575
236.75915859354706
236.75885341178002
236.78042805779654
236.78242560369432
236.78257532036793
236.7955663671175
236.7955707501652
236.8965322214687
236.9003423620997
236.89448008918475
236.89793774560508
236.89793774560508
237.7799167935044
238.40319626137853
238.4030739444022
239.29712301402122
240.3837003742014
240.57303595375362
240.5729063476677
240.57974133294496
240.94254871513178
241.26727837346937
241.78797712626016
241.79802729455434
241.82299375019198
241.88139581636528
241.89242254412048
241.91794009771053
241.91801747082826
241.93461029823035
241.93302154788262
241.9319653021803
241.93202193010535
241.94177450641737
241.94182145732648
241.9719713832563
241.97222972753625
242.20800699461313
242.20532346404985
242.2048805204861
242.20770066872316
242.26973332308012
243.04430475671313
243.9480451938425
245.05691086548478
245.4123955758614
245.56805715483063
245.6298766377198
246.4689040404603
246.47216248009545
246.50910776851583
246.77481945872427
247.46782103437198
247.49566190901345
247.50935224285814
248.02716323325578
249.43839295616738
250.00917772740837
250.009154338149
250.57096068103118
251.01359759327687
251.6276601388121
251.62912158159023
251.69108898220506
252.13576924021825
253.77484911183447
253.77803418781917
253.80375825510134
254.1297528827813
255.46718082859388
256.5638413390743
256.6588436158658
258.01640436623455
258.0165808521398
258.41319251729044
258.39441105091544
258.3981931923651
259.3020306692988
259.3377030039378
259.5934209021363
259.8630121646356
259.88884751780716
259.95203272925846
260.07609486795064
260.5342932001573
262.5458901077164
262.87037569456356
262.93167262401437
263.0192746660777
263.0202760107109
263.670404270071
263.74218508076837
263.8875905563698
263.8877265822804
264.0586907261137
264.0587239180841
264.07334383856613
264.0957921244763
264.09762947479334
264.210540851073
264.2697272504687
264.2695154485282
264.3054363878721
264.36479719596383
264.3765141070659
264.4293986884209
264.42920339133394
264.4290629138576
264.45242981913185
264.52559060163327
264.5276313985529
264.5967842782909
264.59587973292884
264.57321285166523
264.89970751817975
264.9879100327899
265.02302683624305
265.03797185937475
265.0389077977591
265.23485856559233
265.27336924692594
265.27264833070024
265.3128092221387
265.91577363843925
265.9453452132307
265.9592349089414
265.9747187226674
266.0018556888616
266.00136422921685
266.0036018763184
266.0473804573431
266.047525684849
266.0381181717084
266.0466900710767
266.17492093126157
266.2261347357826
266.22543511443297
266.29955023513554
266.2980045048472
266.484227462988
266.5045085565002
266.5172939510502
266.5174259296271
266.51331397186215
266.51372583895426
266.6892517109613
266.6912646236584
266.69857180902267
266.69812690950255
266.6976666513566
266.69951410197507
266.69951410197507
266.69951410197507
266.93596310578323
266.9351272267795
266.93492436545995
266.93512665163416
266.9441809288379
266.9478293892036
266.95224887748276
266.9538864548447
266.95027083978226
266.95398072647856
266.9617248723215
266.9625485111777
266.9950508369788
267.00021715988004
267.0078589196912
267.0274610174414
267.0419305627538
267.04154830683217
267.04227362803715
267.0353597459282
267.0353597459282
267.0427667476084
267.0548759204317
267.0411019327318
267.0411019327318
267.0411019327318
267.0411019327318
267.1711635426053
267.1713828421211
267.1717814017954
267.2269749097129
267.3578925823092
267.3592446589951
267.3602406100891
267.3604333198534
267.44630339913084
268.0188169677186
268.0181181706359
268.0371648363021
268.0779492337934
268.0606837861354
268.06192668231216
268.0630571673879
268.0630571673879
268.0641588526638
268.06483414860134
268.06483414860134
268.06483414860134
268.06483414860134
268.0714806503262
268.0718608444604
268.0718608444604
268.07629767682204
268.2320934739789
268.2308352255668
268.2733274059534
268.27343981236953
268.29151188952216
268.2975995271441
268.29699874184456
268.29741011725287
268.2975192921136
268.2975192921136
268.2975192921136
268.33321229707946
268.3325812959678
268.33254386306675
268.3334177822481
268.3334177822481
268.3334177822481
268.3334177822481
268.53413005503467
268.53134410017196
268.5856991596534
268.5846638908819
268.58463319164423
268.58294233776024
268.58294233776024
268.58294233776024
268.5877509573579
268.58777463683975
268.58777463683975
268.5877034698807
268.60491432752076
268.5950136338054
268.5932009295192
268.5929392894507
268.5929392894507
268.5929392894507
268.5929392894507
268.5929392894507
268.61164008878427
268.6128015365881
268.6040453325935
268.59733724774645
268.6051083386421
268.6051083386421
268.6051083386421
268.604972295837
268.604972295837
268.604972295837
268.6068074792988
268.6068074792988
268.6068074792988
268.6068074792988
268.6123452188682
268.632826665401
268.6189719454823
268.6389490002272
268.638921474911
268.6527763602949
268.65640529601853
268.6563272495387
268.6724369456275
268.6769329648238
268.67679822397406
268.68338860789487
268.67554387491185
268.67554387491185
268.67554387491185
268.68337677341594
268.6835009212238
268.683271286274
268.68318387473374
268.6916503939338
268.6894177549521
268.6875442009647
268.6875442009647
268.6875442009647
268.6875442009647
268.6875442009647
268.6875442009647
268.6875442009647
268.6875442009647
268.6875442009647
268.6875442009647
268.6875442009647
268.6875442009647
268.691865450522
268.6918942654362
268.6918942654362
268.6918942654362
268.6918942654362
268.6918942654362
268.6918942654362
268.7320152467176
268.73199085674605
268.72755405340104
268.72926321012557
268.741890923218
268.7446048411077
268.7437478986669
268.74380267627106
268.74380267627106
268.74380267627106
268.74380267627106
268.75188121246254
268.7548551449495
268.75949763668564
268.7599588086109
268.7597125760938
268.7597125760938
268.7597125760938
268.9882530266663
268.98883370571787
268.9908035560538
268.99079576389016
269.0147176252072
269.01470276348203
269.0165666312488
269.01691472605114
269.01691472605114
269.01691472605114
269.02272813588314
269.0281221056272
269.04463588098463
269.05343793026015
269.05357522214405
269.05389305833336
269.0538779095171
269.07592513890353
269.0787023203413
269.07943525903573
269.0794029208529
269.08583695217055
269.0887676385785
269.09871751224046
269.097325362185
269.09737412873767
269.1198675299096
269.1212622338944
269.1248920631213
269.1258087006545
269.1260078601702
269.1252691935702
269.1252691935702
269.1252691935702
269.1252691935702
269.1252691935702
269.1252691935702
269.1360192763771
269.1369181623918
269.1433594536467
269.1429299301923
269.1400255946226
269.14196818197206
269.22759375047895
269.23142859369193
269.2348896605728
269.23880373973776
269.24728695252674
269.2472481441821
269.2491500498562
269.25675750082735
269.2596981822712
269.29041925685306
269.2908343392258
269.2916009367606
269.2916754596164
269.2916754596164
269.2916754596164
269.30686618273677
269.3069999868486
269.3277359468881
269.33616150015126
269.3373016191202
269.3397307620383
269.3358069885914
269.3385937606717
269.3385937606717
269.3385937606717
269.3450867485525
269.34169518434277
269.34169518434277
269.34169518434277
269.3477784656368
269.3477784656368
269.3537348719371
269.35197830766754
269.3544685357279
269.3556773652673
269.3556773652673
269.35556273897697
269.35556273897697
269.35556273897697
269.35556273897697
269.35556273897697
269.35556273897697
269.3658238418364
269.3658830410591
269.366591976082
269.36336358275946
269.36336358275946
269.36336358275946
269.36336358275946
269.36336358275946
269.36336358275946
269.36336358275946
269.36336358275946
269.3679855790358
269.3679855790358
269.3679855790358
269.37019053911473
269.37411606837327
269.3742640996716
269.374252087443
269.3759224419084
269.38305024647514
269.38301367506114
269.3830702864226
269.3852816693993
269.4012256481369
269.4023257496476
269.40375169553295
269.40166591673506
269.40166591673506
269.40166591673506
269.40166591673506
269.40166591673506
269.40166591673506
269.40166591673506
269.40166591673506
269.40166591673506
269.40481792093584
269.40481792093584
269.40481792093584
269.40481792093584
269.40481792093584
269.40481792093584
269.40481792093584
269.40481792093584
269.40481792093584
269.40481792093584
269.40481792093584
269.40481792093584
269.40481792093584
269.40481792093584
269.4119510368022
269.4085687975643
269.4101740796702
269.41065209154317
269.4148560679537
269.41852810284274
269.41928566241256
269.42168106627275
269.42168106627275
269.42193105749135
269.42193105749135
269.42193105749135
269.42193105749135
269.42193105749135
269.42227126746764
269.42227126746764
269.42227126746764
269.42952818165037
269.42973412590163
269.42966661841444
269.42950151431205
269.42950151431205
269.42950151431205
269.42950151431205
269.43284970547506
269.43284970547506
269.4325470491715
269.4325470491715
269.4325470491715
269.4325470491715
269.4376600779433
269.43812533027653
269.44187585958946
269.4434460794068
269.44466315154637
269.4478664176453
269.44836797096264
269.46255365095504
269.46093744007703
269.472573954634
269.47333005288635
269.4689984606089
269.4742452984766
269.4742452984766
269.4742452984766
269.47438806021773
269.47438806021773
269.47438806021773
269.47666026559256
269.47666026559256
269.47928522012677
269.47929866212354
269.48225537929795
269.4829889369465
269.48353103762486
269.48356091084275
269.4854043580358
269.48692499894213
269.4869453867944
269.4869453867944
269.4869453867944
269.4869453867944
269.4869453867944
269.4854043580358
