with mode=0, handoff cost coefficient = 1.0
232.4441055482701
232.42329753011256
232.42316777758685
232.5768597588097
232.7477551721355
232.73418147337753
232.9773805557846
233.37909736892516
233.3806106480406
233.4045316787484
233.39321658774958
234.052243037076
234.2726101892773
234.3703614045033
234.66125270390108
234.82107260036122
234.86628509805468
234.9878638069804
235.15672630702474
235.1487992372976
235.17393843118234
235.17918153063735
235.19939621006475
235.25347161314806
235.2680831560771
235.5170983913589
235.59619529623188
235.64156234409012
235.91636001867403
236.15066250857078
236.32996309255714
236.61380081811797
236.6557005173774
236.65830914148842
236.6702728968229
236.83361466975583
236.84725204706905
236.847259255484
236.97505111308328
237.0712851758493
237.07118236326286
237.46148738379395
237.50698589263703
237.7337902009708
237.75844778961329
238.3853609140919
238.37975344558674
238.5583219706068
238.55887027838202
238.55193485742234
238.57122890963097
238.6843041794636
238.74552189674904
238.83790093919663
238.98487759486164
239.00444131147833
239.1524638487948
239.34163485701524
239.34163485701524
239.28434400623965
239.28789407823453
239.44088431901773
239.88308624443914
239.9875492289003
240.03028329338215
240.07364874352956
240.0841773157916
240.15239725241466
240.13770470671236
240.142903776643
240.1429000552707
240.46786812066566
240.46787789600822
240.49192738808293
241.75034532917144
241.79954816532225
241.81974369678645
241.7802387172759
241.759475811867
241.82983415550825
241.83882052011398
241.95950430232702
241.95932793818733
242.055748554867
242.0649265045512
242.05486238292355
242.71089207677386
243.05327049133768
243.21300507714022
243.21143396824647
243.51025227702002
243.67761731823506
243.67927403829756
244.56927579472276
244.65187062042662
244.6442330748793
245.04485925207865
245.0531444234129
245.051945594825
245.4386748503439
245.4489114143608
245.5666670541276
245.57499862238328
245.57684123694673
245.8829741236245
245.98738994478856
245.99502749033587
245.98083980562018
246.1601927243516
246.38903910829305
246.3890158914723
246.38691712544687
246.64526409349534
246.64526409349534
246.65252366233605
246.81489520983388
247.10466571612352
247.54583340710798
247.5246900195601
247.52460105130868
247.6704323019967
247.68893355901713
248.58554467300794
248.8621075317828
248.84693068192837
248.86719651098815
248.88409377440274
248.8662721788525
248.8662721788525
248.8526875082684
249.05153139686163
249.11418754536191
249.11407230660973
249.12060864415994
249.24855495319127
249.2542890466951
249.2542890466951
249.36567827288692
249.33384679346335
249.33956645241085
249.33813588192842
249.3501101096718
249.36567827288692
249.40222679356302
249.40730354289803
249.8171849821503
249.8171849821503
249.83204556115848
249.8517268383138
249.8425399724847
249.84262724677987
249.84445206110559
249.84919171099176
249.853972309189
250.46133176162604
250.72679717573257
250.77241491171614
250.94048700668515
250.9608706866021
250.9608891693515
251.04804474642108
251.08517877176016
251.2116736507086
251.27498888113024
251.30667705700992
251.2996965583055
251.32562968666133
251.38146992777556
251.40270260533183
251.4185532202088
251.4185532202088
251.48709296659817
251.48195613458054
251.50193706765066
251.49887931617843
251.61932528369036
251.61861169571748
251.6223463820079
251.73520503608788
251.738496322717
251.74328568789215
251.74236704425056
251.83903566737527
251.83903566737527
251.87636611770105
251.90872976938047
251.91516603617973
251.9707520961614
251.97439314361247
251.97432863794978
252.0019586866298
252.00075996892275
252.00241498975072
252.19107949796228
252.18811678619682
252.1955726468937
252.18440231485556
252.18454127482977
252.24739329670285
252.24739329670285
252.26824294428968
252.27993720202795
252.2812215075068
252.2812215075068
252.28959223508252
252.50667118468056
252.53827908313525
252.53996826966454
252.59066287137426
252.59349379013082
252.5960438899304
252.5960438899304
252.59587235765105
252.5958859897318
252.59978070576113
252.59895922646353
252.59895922646353
252.6112287453148
252.6112429210778
252.62225658629058
252.62738662596502
252.62738662596502
252.62430443557815
252.62438394018858
252.62841560926188
252.6663080470804
253.0999430675397
253.10145107684883
253.10147146105498
253.10237720933725
253.11124855325642
253.12602100155846
253.12420059853957
253.13061624319926
253.13473691237664
253.1563096224407
253.1557182885337
253.1593874441163
253.1779164193864
253.23439237190524
253.24691110776837
253.24789063783118
253.316832980666
253.32321803219008
253.32172905932242
253.31817163684843
253.31817163684843
253.35949357605818
253.59003093613367
253.77050000019264
253.8285590410575
254.13815731765072
254.1508764995507
254.14808911373882
254.13698031935164
254.14055112456043
254.1448130824613
254.1508764995507
254.1519947844916
254.15377742414702
254.15489483418784
254.4034963664732
254.4904518087273
254.5152076684612
254.5470229397595
254.54709810917856
254.5516611204366
254.55764571329715
254.56187990497745
254.6851522224516
254.68523666319857
254.69464287751254
254.71533687264372
254.71827433037328
254.7182790183315
254.73065544125666
254.75963542569298
254.75742231707648
254.76529151303913
254.7677266350167
254.78546055310863
254.82228696669637
254.8332886151927
254.83754754518725
254.83867397533652
254.83979592892177
254.8596486880323
254.87294818642076
254.87680161761043
254.99650598056667
254.99649273084248
255.12609184506968
255.1297056018926
255.1304380338157
255.1295499569812
255.1295499569812
255.13570814205218
255.13580843352412
255.13656048509796
255.1367689359393
255.1558855878896
255.1558886042298
255.15616064355197
255.15698070354134
255.24352667307912
255.28820959831884
255.28821794574972
255.28858126325247
255.2911759206086
255.33761541123016
255.33772319916415
255.33833018800345
255.33833018800345
255.33832138350135
255.35598637856984
255.3753709542707
255.37737184259043
255.40056369573824
255.4014142402462
255.4021570112073
255.4471738026939
255.45737664927657
255.4573846446043
255.45739022428836
255.45739022428836
255.459499851197
255.4834354513771
255.48735314115052
255.4868994986432
255.4869547197723
255.48877998487103
255.57398765534805
255.57399872768792
255.5821477455287
255.58158056686625
255.58170556218818
255.79634445483498
255.7963501350057
255.7959957615696
255.81592139088232
255.85557085642574
255.8546498399867
255.85206065377096
255.87461549866788
255.8908995041138
255.99078299867432
255.99078299867432
255.99099879758927
255.99036490999907
255.99075598126927
255.99135403640315
255.9948942049865
256.01635190484984
256.0175180109979
256.0240934950834
256.02420224099035
256.1073961972006
256.1074045166408
256.10783160694217
256.28610753180766
256.2944433174992
256.2982062210974
256.2955797112169
256.2963615728361
256.3368460442279
256.3638294995368
256.36611712108214
256.3893871232631
256.3876565119967
256.42764932275117
256.42939728214435
256.4314140070584
256.43214539388316
256.43982957719976
256.44302214365945
256.4430932033221
256.4431913567196
256.4782466526824
256.6313678596862
256.65312503836486
256.6546805647206
256.72038509665504
256.83595943318994
256.9982721822225
257.0524483771774
257.05816750301994
257.0795375081332
257.0801680637995
257.09611957830884
257.1321355320152
257.1321355320152
257.1630710350856
257.1630710350856
257.16502517787313
257.24221718648135
257.2626808278213
257.3351145819643
257.46583251681994
257.4862314793774
257.4878023199204
257.48913729848675
257.48914750108264
257.50494532924466
257.50494532924466
257.51103494390594
257.51242082895294
257.551165318053
257.55594651665086
257.56094518063844
257.56911918333134
257.61595941514577
257.62164431818275
257.69728454749793
257.6981314954218
257.70896226848924
257.70848281246515
257.70848281246515
257.8578218143844
257.85633960683015
257.87209381965783
258.00407226217277
258.0040736773697
258.0057624436403
258.0073153483771
258.13384020416544
258.16530289576156
258.1659577623248
258.19204979466235
258.1934081041204
258.19400723113137
258.1940098572642
258.3571157591743
258.3584475940735
258.3584475940735
258.42916645398
258.43382801208367
258.4299503381196
258.4326542873557
258.4406656656685
258.44540678465137
258.4561411303598
258.4615624538227
258.46165198509556
258.4655153776026
258.4661721833525
258.46617461738384
258.4691390253707
258.46921432183046
258.4703014006093
258.472560314046
258.4731450779533
258.4731715192972
258.5030327139734
258.5048414536355
258.5376942100803
258.5410640271807
258.5410640271807
258.5410640271807
258.6599518292301
258.65998485851856
258.66043831401174
258.6616811102295
258.67515069797
258.67515069797
258.7018095711894
258.7015400579035
258.70239304961905
258.70239304961905
258.7126499223406
258.72309984484576
258.7237112860149
258.74817612485674
258.74902609600554
258.74925300014775
258.74742156652655
258.74709241557923
258.772153028532
258.7721824717365
258.86798015359204
258.8932631763044
258.90804276004644
258.92012705221106
258.9201355523791
258.9695921549079
258.9747534273986
258.9896508458794
259.08031858642914
259.08305281303427
259.31322281392454
259.3185225906944
259.3210491005309
259.3245470636397
259.54386843614367
259.5453954474588
259.55174984372064
259.5553345587817
259.5615685205297
259.56204744849754
259.562511545125
259.5617883432598
259.5637672110948
