with mode=1, handoff cost coefficient = 1.0
217.94813548475702
218.2315237937927
218.3348642253315
218.4181904592444
218.59725503443522
218.7889505013473
218.92619389706684
219.07355573890948
219.26298014479394
219.35509464581506
219.5192466002704
219.69085526253758
219.81844944366262
219.93082164759446
220.1360629813597
220.2472007702481
220.34977601650328
220.5099576960223
220.64655661697878
220.74633176691412
220.92736298743347
220.996568543945
221.22166763543834
221.33817998796928
221.5498009714183
221.60483309415582
221.74449170672088
221.88454743180299
221.9305014505354
222.03053377252476
222.13099095873707
222.18000658256025
222.3156436573623
222.48443333552945
222.57335970269
222.80209737138307
222.85647488642843
222.9457942541939
223.12660256615197
223.24640366061809
223.321229482247
223.462577024058
223.64185457534418
223.84249773091628
224.039463275057
224.31025111304103
224.37188715945427
224.57152805081114
224.77347019955155
224.8710693190132
224.9924027785812
225.07150803356546
225.20476478423961
225.24735661154915
225.34256633786867
225.4941231146625
225.7232102532883
225.9183560417067
226.0668442433839
226.16528819652007
226.2827772144535
226.32920793024022
226.5338211528901
226.73705228709125
226.88700992056943
226.9862663968646
227.08142728887788
227.1868285563297
227.2752879355769
227.47771737736085
227.64619380930344
227.82820231163956
227.86733588542734
227.93982315361214
227.99255993432945
228.0500973490322
228.1872647134687
228.21995409584173
228.31550191839096
228.36514346562936
228.4262729366754
228.52038713536706
228.61775098323426
228.71176623657325
229.02230678049224
229.10017822827132
229.326300375755
229.47041322197788
229.49657069293912
229.69616891951546
229.85913045295868
229.99209007937668
230.06451112874802
230.24603349470567
230.3238674804
230.4510566006823
230.5017043609091
230.62078793315345
230.73411118075387
230.8448779142323
230.87038085785292
231.10416444223566
231.31785182489853
231.42272728916157
231.45773111725958
231.6191354869119
231.69643225502745
231.7837351482653
231.84353672204622
231.8959657369539
231.92825206132602
231.9800498122746
232.06822208160528
232.14317305576557
232.2018596047797
232.36366160691736
232.42592683215625
232.63259741926035
232.82751323533242
232.91516203132412
233.01880281350654
233.0388742289509
233.10643743572368
233.1505550937534
233.16621340666958
233.2870696127304
233.36948427186496
233.51598428019744
233.61024797385136
233.74446165996687
233.78500648714
233.82376332355662
233.89357951273837
233.987285744106
234.08492230373068
234.1649652694871
234.24323717968042
234.28638201407227
234.31981745470657
234.34153093307128
234.56884061920587
234.62308826464223
234.68628877298403
234.74785019125255
234.80341809924016
234.94261796137607
234.9879950016428
235.0189188606676
235.03930349918429
235.09660833401108
235.20264005705857
235.27637110281216
235.28738734287114
235.3305877987739
235.44970757670467
235.5756288900666
235.70630424195642
235.76733374958158
235.77858486526216
235.8062834429084
235.83329339109252
235.894703877523
236.04672180391955
236.2117343258837
236.36815608788646
236.48523081760834
236.63505915060594
236.86671803997558
236.929772510778
236.98395547073213
237.03184094114886
237.07096601967112
237.1923455387436
237.304211009294
237.57606063680993
237.61329498618625
237.70486628260815
237.73945323761635
237.8024415194342
237.8061258620647
237.91241390297355
238.00653413819177
238.06578623127416
238.14693905733094
238.21296250920525
238.29078446461673
238.47866365364746
238.50528515273535
238.67139711597008
238.6903250064531
238.7028951155492
238.71787547287877
238.7844561556758
238.78751471039703
238.83678016738548
238.93880647390282
239.01001547850092
239.0093526877656
239.07681584032258
239.10998934230764
239.19798998300766
239.25039464351522
239.29537750809584
239.45356137024288
239.6418270936929
239.70540841769153
239.79089999862995
239.8852268419941
239.96708511713925
240.00477489576002
240.09212705702436
240.15101357176948
240.16332848942577
240.16658517171965
240.28114501622906
240.38583982632508
240.42717719394827
240.46943669424206
240.4920474288996
240.52456671831897
240.60082776545258
240.68719106236904
240.70310420238607
240.8905785335248
240.91006946576175
240.9678102972295
241.0185139890548
241.1166910355102
241.15066701109436
241.21022308637586
241.29102081403263
241.34311274956085
241.41655795213128
241.51809639809656
241.51761443829227
241.5550030058246
241.61892418346108
241.69642387954005
241.78707653639904
241.80321002498937
241.85590522907813
241.87613899942485
241.91017211104736
241.97575556239545
242.0092810877678
242.07341031245673
242.0779380653512
242.1384271172455
242.2018360233415
242.23755094976724
242.24290244523993
242.24878618031875
242.2685923191457
242.3413560639335
242.35777129896394
242.3753674952064
242.4110056446725
242.4795169380599
242.5149790018424
242.52093607320094
242.52273120179305
242.5992174373445
242.6533828734922
242.68528968064228
242.71130348241442
242.73705445290358
242.74924629647646
242.83528781276038
242.8416542219214
242.88039948772112
242.9975099691137
243.04868792087734
243.0664874894435
243.12286467065232
243.12698525331587
243.1929828181743
243.234938529545
243.28580458454223
243.30888151088806
243.36144789979122
243.35887293872287
243.41342441394002
243.4117894185919
243.50548998763503
243.53325601000566
243.55364508081774
243.61170845886028
243.6126806434863
243.71981049619754
243.72986678166038
243.73399110813176
243.74661352443937
243.75326471417566
243.78616354635412
243.84293095757894
243.85846581729837
243.91167350762666
243.94571868568855
243.9477555952416
243.94989689015338
244.10560686703772
244.10826332729283
244.128564760218
244.2000078223594
244.20649707003287
244.27566264381286
244.3842307070355
244.45800100020813
244.55647767011075
244.63392313077102
244.6305214474162
244.62889393248324
244.67010449818184
244.73397802309196
244.81185003091556
244.9007160756549
244.91441602436518
245.0003211509515
245.0533376472127
245.13866157053664
245.25162815512508
245.25056668057672
245.2521391691195
245.30679231015088
245.39362538451692
245.46383488811176
245.48088877873727
245.4912652150272
245.49336524615865
245.49776625892602
245.56539521837323
245.5925589282326
245.61656948235628
245.6271118402249
245.67526334334332
245.69396956810596
245.85649647232196
245.857418600554
245.90422980026918
245.95434299401117
246.01477862606112
246.01306019985068
246.01827750225212
246.09711483408265
246.2416941166019
246.26542198097252
246.38667588213815
246.40902959087742
246.42349456702274
246.44965017031296
246.47123786882466
246.47112065310432
246.48663350817014
246.55838078731364
246.62832456855165
246.66531307948418
246.6685946026413
246.72885929411044
246.79187009048542
246.90752855702453
246.91183064116007
246.98064480592072
247.07230626177653
247.1592711878779
247.1833092589636
247.23055737469042
247.29961459455228
247.331557591877
247.36659376882733
247.42675776111165
247.4405550710945
247.4620080057342
247.4959977348374
247.52977401265377
247.54858994667248
247.60515341796224
247.6454119461524
247.65493810841957
247.6841335432613
247.74112164473956
247.77102108110319
247.7864899074611
247.78761962243803
247.91325257721167
247.93564953435165
247.96426173964875
247.96773660982524
248.01317991248789
248.02814019991803
248.05550928664522
248.05505153384578
248.09207616114634
248.1651486468269
248.1864797236318
248.22244573734793
248.23698360368869
248.30166705952954
248.33927296017464
248.349367773612
248.36906744464366
248.36850248880904
248.38043288858162
248.38480779831042
248.40360865799653
248.43029105544778
248.4653842641066
248.53941465361854
248.58325952425304
248.6323531954899
248.7204292084926
248.73860789100254
248.74235472547636
248.85324248016178
248.93005984176585
248.9966105328509
248.99728223918643
249.00257074042813
249.0952504513346
249.18993404762966
249.2064224505154
249.20837706906997
249.2400774830752
249.25833878489453
249.32540213818905
249.34299060631085
249.42449155115872
249.46162029749595
249.4916702051931
249.49785264722328
249.5374316568762
249.54420977144892
249.55461219478565
249.56736385171553
249.62729425531012
249.66254514724076
249.68374511953272
249.68690786624632
249.689370245058
249.72309217216582
249.7357766923753
249.75381689178806
249.76303976756805
249.79251231562444
249.80207606765336
249.88617057151555
249.92540017718983
249.9950090143563
250.04487730640784
250.0402903859952
250.04402939931686
250.12848756194603
250.21442490759628
250.24614658828233
250.26161898020263
250.26380534911175
250.26149771626217
250.26383799372897
250.27909022559479
250.31228714370425
250.31471776277237
250.31642143474264
250.34491485316877
250.3711067022032
250.39358533803943
250.41064187512038
250.50005620438895
250.55205998366688
250.5553471158822
250.56120946564616
250.56723357932947
250.61495341735062
250.61996037023167
250.7396736343962
250.76335518879426
250.7971209284624
250.8069911161546
250.83505592162325
250.8351889371114
250.85164729184515
250.87882510620085
250.90994283745974
250.9373215916209
250.95165212288293
251.0020769542155
251.08541303662975
251.1426170836908
251.2071988903082
251.25254008448152
251.2532607096592
251.29631627432084
251.35088732216224
251.38840447285736
251.4626499460898
251.46452738196706
251.5140322931888
251.52879838455658
251.5333428296359
251.53452845051254
251.53911705328292
251.5481014874644
251.58796388119683
