with mode=0, handoff cost coefficient = 1.0
217.94813548475702
218.2797912071396
218.72107214471757
219.4189310922101
219.41889628814758
219.54048624016772
219.91423204073172
220.31735086573354
220.3498363478073
220.4908332186595
221.0989754069513
221.11901986780748
221.25252630674086
221.56781765301656
221.55996444251167
221.6374347353308
221.7478606144675
222.40561682352632
222.4055295379594
222.3896901853497
222.42327144739033
222.5725569564502
222.70122703987542
222.83336522730275
222.88942252662343
222.89944312961444
223.02898981444352
223.74242076696405
223.7676085356229
224.23246136936788
224.34280796996202
224.44158812291528
224.46710770906304
224.5518971834827
224.61464906806725
224.62844737001262
224.60722037069587
224.8667580691981
225.02884391847812
225.22941974549116
225.2303635582017
225.47150065885424
225.49151258669434
225.49140505259706
225.72450453787488
225.7156848838746
225.71576298199136
225.71399686506462
225.7227464572412
225.72450453787488
225.7384967124434
225.7384967124434
225.82377346946998
226.10961601414553
226.10951869373505
226.29498060455458
226.29627688688575
226.30670647027478
226.31586548062796
226.317645895691
226.3219331438448
226.3553299194462
226.41059724416834
226.415375676493
226.48569362353277
226.63681584641628
226.89672174441554
226.89672174441554
227.1509865518966
227.271893848156
227.27198388274977
227.29931770859713
227.38343383387087
227.40014665588276
227.401480001335
227.39633377760387
227.4222563889283
227.52225261773066
227.52111421396734
227.58379953816717
227.5822694247963
227.58340782855961
227.60842013527247
227.7648493096596
227.94941687658599
228.18843414043164
228.20143557784866
228.19409430700466
228.19032084289995
228.22628972772844
228.35927126020283
228.35113218024753
228.6496693562793
228.6527619275155
228.67759597631206
228.67762905164588
228.828918506583
228.83110427666412
228.83112615509157
228.82365814405725
229.0323815321221
229.0331950206488
229.07444675258265
229.07454161469371
229.0974202134033
229.09688463921904
229.11821284728921
229.19862667112872
229.3260758299402
229.3260758299402
229.55145598415484
229.61519371612093
229.70243329895328
229.7878151450289
229.78792242562406
229.7879968192538
229.86633926642662
229.86979605504766
230.13867642518363
230.34524877458412
230.35297245242103
230.44831729501067
230.64836519186377
230.69154685289493
230.6915668188111
230.7149656462076
230.74127822359063
230.76407233454475
230.7659429146732
230.7700663213964
230.78341094320655
230.78510582221185
230.85807320641374
230.8793231788961
231.1029646223644
231.09961325558723
231.09260560293546
231.09049741185694
231.10943103210886
231.16115641638373
231.16111486683656
231.1590790589479
231.3687694447614
231.36877658223707
231.38381658437453
231.37463167790702
231.5063705924113
231.50525345885112
231.50834065680218
231.68234166673938
231.79704907322585
231.88452626460992
231.8788560210224
231.9054073405577
232.00327118137102
232.03746062869385
232.03797038466465
232.0676592595706
232.06763947148414
232.06692898681283
232.13194830760744
232.1456970048524
232.1871070136805
232.53656024789763
232.62295864049673
232.70788626195176
232.705282479183
232.76788284795438
232.7730217250012
233.0201090521578
233.05825564221902
233.201803561253
233.22604496490558
233.22606322548376
233.32004899427233
233.318192701986
233.36280113904786
233.57063141085507
233.58150907098624
233.62889827374406
233.63034884763496
233.65789375014967
233.65859891435124
233.6598488701926
233.6598488701926
234.00845448618577
234.25114312876065
234.25465837400162
234.3261136758722
234.4833558779539
234.66194784756146
234.68137493531088
234.68356780339508
234.83758217215475
234.83712676662822
234.86440983435926
234.9304114898596
234.9305341036069
234.97094692309435
234.9736109633124
234.97067980645858
235.05626914232045
235.05855234965003
235.1461197330583
235.14622584596486
235.28282426599984
235.5727035023859
235.65521295565858
235.66460034994682
235.66460034994682
235.66460034994682
235.7932906729904
235.8014426565701
235.8014426565701
235.95110491690488
235.99216327346025
236.02280341881277
236.02381490781744
236.03761873692534
236.20032036361172
236.1956456865861
236.18367126243368
236.19899159209527
236.222971557126
236.2806070625687
236.2823336234229
236.3051865629965
236.33149064586044
236.34637743519843
236.35701974060723
236.35701974060723
236.38804404192592
236.38804404192592
236.4806141669342
236.48331512005848
236.48789598801096
236.481322786725
236.48206181753648
236.48691430780195
236.63137160802785
236.6314720914122
236.63241158149236
236.63015799094865
236.6301575005159
236.632930348922
236.6436200260624
236.64370771196067
236.72416729635555
236.7232041742234
236.72320124814254
236.74359468370122
236.7390250563113
236.7516638237538
236.7642286418717
236.8097307553263
236.8734719694336
236.8734807226198
236.8736341731026
236.8736341731026
236.88711420469343
236.88971447452215
236.88975251699915
236.88496861737076
237.08240429376823
237.08256679382586
237.12354404086204
237.37298367915577
237.41852722799752
237.41852722799752
237.50744459397865
237.7980854322992
237.90555790350302
237.90555790350302
237.90694889819963
237.91478418781168
237.91166872273064
238.05826099189028
238.0583416888337
238.21565869760352
238.21656150145108
238.21276871798037
238.21330281999903
238.21330281999903
238.21330281999903
238.28071651858548
238.39271009695113
238.39442133405964
238.6801085760397
238.6774726915545
238.68093780572605
238.68093780572605
238.81613341778092
238.81561918272905
238.85736925977469
238.85930700318227
238.8663706604662
238.8628786466536
238.86294144523703
238.86294144523703
238.9235548373137
238.92046457824955
238.9297382268049
238.9312072821353
238.92629762711607
238.92631691017613
238.92631691017613
238.93094989508222
238.9367545867267
239.09863446907468
239.12739447548236
239.12859524513888
239.12597853033017
239.192576646205
239.25806594682754
239.28516713369262
239.28636498114903
239.2868497821284
239.57003913202394
239.59606168119694
239.59897338147758
239.61581788424874
239.6251244190046
239.62512547283146
239.62684961720262
239.66806938209766
239.677789678143
239.73971960869102
239.84798241695137
239.84722892411457
240.01472533220274
240.23580903140473
240.2485094763944
240.30606371264
240.3117472000193
240.30770171239763
240.30770171239763
240.30770171239763
240.36818005645537
240.39131550664692
240.39207790469302
240.43368397042298
240.44893883763967
240.44901926214487
240.44673018759778
240.4516443180289
240.54301057519342
240.61141615103156
240.6150432810894
240.6150432810894
240.9535392571076
240.94754348497958
240.9536912910711
241.1448818117638
241.2612791245183
241.32408376030185
241.3391687014094
241.39021563534064
241.3925469336197
241.4092316572103
241.47080326574596
241.5642407589092
241.59738915358173
241.60124428642843
241.65081085021257
241.65081085021257
241.65082626257978
241.65092739988032
241.64818223709162
241.67388307474963
241.71450872980532
241.7144857724995
241.71166566925965
241.7145719255408
241.91962315659495
241.91340915073525
242.010058426135
242.04443329356087
242.03605769007083
242.1231973001921
242.1928574280975
242.23368795257826
242.23548494144237
242.31279978314782
242.31279978314782
242.32984069833245
242.3577953166288
242.44953007307615
242.45001051794011
242.48087133418463
242.53180679888607
242.5336401052165
242.55235574813761
242.5842249175739
242.58114759069042
242.8061342335436
242.86987912224401
242.86828928083725
242.868317235412
242.93338075557793
242.95084457514108
242.95084096046446
242.95084096046446
242.94801993292336
242.96330885365379
242.9681495742647
242.9714263921879
243.171123469633
243.1889226182595
243.1950294686105
243.20279876358038
243.20279876358038
243.2033204412673
243.22164420295607
243.2198751200024
243.23685462314916
243.23859757372136
243.238014177735
243.26572259338622
243.2670784280345
243.2652825779579
243.27453728743927
243.3932882527101
243.39773658712053
243.39773658712053
243.39770228021823
243.39958443427372
243.48347895542145
243.4835077577939
243.48021301524855
243.48226895597182
243.54484260925508
243.54526216882212
243.68944943094013
243.69221927520215
243.74749107673227
243.75054434359885
243.8424139067326
243.83694410209338
243.8609180409027
243.8607363404487
243.8607363404487
243.86902133278065
243.9020423797082
243.98231043562689
243.98231043562689
243.98231353626656
243.97238242497977
244.09484624964747
244.0932026522038
244.20997112416288
244.20997112416288
244.21179568895724
244.2712516584036
244.2672125992431
244.4226058894502
244.41701397749767
244.43643700807098
244.4296342873174
244.4256595433171
244.44848318187178
244.44695890769424
244.55769536459553
244.55231555162496
244.55239328654233
244.55425261598734
244.63621586701714
244.66207221992562
244.67861341937189
244.775554828426
244.7881543028092
244.78209048590253
244.7865808999369
244.8425999136579
244.88967366828686
244.89991891740323
244.89991891740323
244.90473904119577
244.90678530540046
245.10902133364712
245.29801623101423
245.29801623101423
245.30366916848362
245.30566249857037
245.32873059947786
245.4471608909456
245.44797085622926
245.46109776121702
245.54209721753423
245.54209721753423
245.56157867965112
245.56475775517677
245.56477028999157
245.58621873947266
245.58621873947266
245.66834272717776
245.6683635959842
245.81852884894718
245.81857303834275
246.02616224182157
246.10243976310878
246.10243976310878
