with mode=3, handoff cost coefficient = 1.0
217.94813548475702
218.93876959793985
218.88807627810255
219.99853940213015
221.00929693472142
221.6234896825639
222.631467960228
223.2498633358531
223.387091644887
223.73083287060928
224.27858119144219
224.71199395522896
224.90581148143193
224.90576261335164
224.90564109339581
224.99298880995025
224.99340257831156
225.51342350116533
226.01173272956726
226.01174342354628
226.0118722314792
226.01163453882043
226.067583861406
226.06856976468006
226.42857958840816
226.74620918394038
226.7396676103219
226.73854866023018
226.73800571447615
226.73800571447615
226.75796491246993
226.89470041558772
226.87304296587604
226.96116611417008
227.4608310714058
228.77126583798912
229.44238732805954
231.0840087531494
231.09280023399316
231.76085983669665
232.92242638578068
233.14996983271016
234.8781687870768
235.44595008634911
235.8002179776512
235.88549565703937
235.9979913999316
235.99945824019167
236.44988366895353
236.45316659638402
236.4540836779669
236.70764767629046
236.8118725051601
236.8120594209423
236.83036239358267
236.9131033337259
238.4242517776534
238.42347395192252
238.43173044301426
238.43922270607533
238.69545148955643
239.27010281946022
239.18954925201862
239.18962379116618
239.8649584083249
240.54695925983722
240.71535130195073
240.85666309559016
240.8856717504612
241.118218609303
241.15270599040267
241.3622738779286
241.47630482513355
241.4879498801458
241.48507884112837
241.490389167149
241.48906425474786
241.95521973312395
242.4699358057103
242.77340647993393
242.77486793656834
242.7839175539563
242.81556294783536
242.86877777529304
243.24502392086336
243.24842615393015
243.36895050397138
243.37167264237914
243.3367857161068
243.67485454206047
243.7605786896979
243.8067958617966
244.14828692255443
244.14905973831014
244.24793807881684
244.39769089225413
245.48747995454147
245.4889399780788
245.48997116228043
245.51725436192268
245.51178752344708
245.51123968410533
245.72413407604816
245.76661624669043
245.81567623114876
245.89185088397767
245.99848627687112
246.02309419009987
246.4157279952392
246.4405225367101
246.4089720815252
246.4484558085309
246.55863056223777
246.61926551146553
246.6428389207298
246.72666187437693
246.7257159128774
246.73015641924093
246.74648385403285
246.758931288753
246.75276485631397
246.75276485631397
247.20325315770643
247.21467341756664
247.24167947736026
247.26151468276007
247.26684747349844
247.31400544027835
247.32242265448602
247.3518959638701
247.3604839341118
247.35904886326404
247.37544771468674
247.40660433913573
247.40964414165597
247.4101333321484
247.4462945297464
247.49828874303319
247.7691760485069
247.75541846548896
247.7690085034663
247.80579814010147
247.85753924687683
247.8574107162376
247.85867692272137
247.8548645592136
247.8548645592136
247.89779202965508
247.93500775579318
248.1908354636786
248.20108021408765
248.20068774475268
248.20107906186854
248.20575126579305
248.20768040937537
248.22658469449723
248.20619688980807
248.34490089446842
248.3609029922547
248.35962125532032
248.35936046972085
248.56388405266432
248.56423656117664
248.56446818689327
248.58873497347793
248.59016238414728
248.58987880342474
248.59004778914723
248.59771776735118
248.61726743995948
248.61663989954113
248.61663989954113
248.63620939143112
248.64591667939027
248.64961269794475
248.65241585291523
248.6525733597845
248.9960628239132
249.00658454011483
249.00430037689856
249.03972695190515
249.0392930548183
249.0596915386925
249.10654256472492
249.10807758758114
249.10781102313075
249.09680181574043
249.13497549941312
249.13565830502924
249.1422349226544
249.1632990170214
249.15381573990376
249.17386837615754
249.17491374285316
249.19878232550437
249.20845233478403
249.20815719221716
249.21386540957602
249.21475577598213
249.21517176446352
249.28055094482335
249.2816859027814
249.28210826411092
249.300452821658
249.2964873991733
249.2964873991733
249.29006646149494
249.29977560201198
249.30008894760667
249.29995317714437
249.30188629595156
249.31144359793902
249.31167767619874
249.32341889870835
249.31502717252258
249.32622260931046
249.32824641163708
249.34001659112138
249.3460630781784
249.3763017144651
249.37595331853518
249.40159869137767
249.4125967601609
249.41426891383296
249.40708306057874
249.40708306057874
249.40708306057874
249.40708306057874
249.40708306057874
249.41226691069969
249.41226691069969
249.41226691069969
249.41678045610706
249.41674889428666
249.41656052520736
249.41656052520736
249.41656052520736
249.4240498206576
249.42408734295557
249.424247967293
249.42449686958986
249.42449686958986
249.4283769347393
249.42757460843626
249.42757460843626
249.4362329880692
249.45608077093675
249.45850500881141
249.48204846639777
249.46061304496925
249.46790534038064
249.468271076809
249.468271076809
249.47067057957094
249.47067057957094
249.4928354353529
249.49026807910337
249.4880527091468
249.4887862597916
249.4887862597916
249.4887862597916
249.4887862597916
249.4887862597916
249.49351102317382
249.49419996984096
249.49381090836096
249.49480710342812
249.49480710342812
249.49480710342812
249.49480710342812
249.49480710342812
249.50090765117818
249.5017046352243
249.50185776904726
249.50286041886045
249.50286041886045
249.50286041886045
249.50286041886045
249.50286041886045
249.50700174213387
249.50592941611131
249.5057871054322
249.50592915835216
249.50592915835216
249.50592915835216
249.50592915835216
249.50592915835216
249.51507315223387
249.5158288170897
249.50968656386866
249.51026580984595
249.51319984242176
249.51602775313756
249.59302021741695
249.5929131004749
249.59473062076736
249.58954383166932
249.58954383166932
249.59207248919603
249.6735901429417
249.6628338244176
249.66965702485004
249.67193617458906
249.83494179584363
249.82712686598524
249.82803143201056
249.81948431920554
249.81948431920554
249.81948431920554
249.81948431920554
249.8234388614405
249.8300251959859
249.83564057738778
249.83617179994621
249.8496810600567
249.8501196435408
249.84981397801658
249.84509521608527
249.84509521608527
249.84509521608527
249.84509521608527
249.84509521608527
249.84509521608527
249.85711899881727
249.86642707940777
249.867387310589
249.87112078051817
249.86527833928366
249.86527833928366
249.86527833928366
249.87102905587906
249.87102905587906
249.87128222961152
249.87128222961152
249.87128222961152
249.87128222961152
249.87586369267135
249.87615504759364
249.8829777353836
249.88269127413216
249.88193076134863
249.8839299913013
249.88630068816113
249.88628739698012
249.8882417885846
249.8882417885846
249.8882417885846
249.8882417885846
249.8882417885846
249.8882417885846
249.8882417885846
249.8882417885846
249.8882417885846
249.8882417885846
249.88986783723672
249.89585982172437
249.89585982172437
249.90776044864307
249.91135924808316
249.91158814780195
249.931993627216
249.93219229657103
249.93881559040656
249.93404267618004
249.9375848030141
249.93776126645852
249.93776126645852
249.93776126645852
249.93776126645852
249.93776126645852
249.93776126645852
249.93776126645852
249.93776126645852
249.93776126645852
249.93776126645852
249.93776126645852
249.93776126645852
249.93776126645852
249.9440542597015
249.9473919032275
249.94775009556164
249.9478548626022
249.9478548626022
249.95409342098725
249.95370610316408
249.95076194538265
249.97479713673187
249.97493342530348
249.97495105782804
249.9762653237946
249.9800249632514
249.98115275037776
249.9802978562413
249.9802978562413
249.9802978562413
249.9802978562413
249.98728476813938
249.98756279179642
249.9895995790625
249.9895357750053
249.99036437122263
249.99044895679825
249.99549228265417
249.99505924350717
249.99505924350717
249.99623723606632
249.99623723606632
249.99623723606632
250.00112023833066
250.00112023833066
250.00108324199212
250.00118665520492
250.00118665520492
250.00118665520492
250.00118665520492
250.00553434827557
250.00545050305496
250.0072132725818
250.00707695301065
250.0091651922164
250.0091651922164
250.0091651922164
250.0091651922164
250.0091651922164
250.0091651922164
250.0091651922164
250.0134497197483
250.0134497197483
250.0134497197483
250.01053355400896
250.0134501988882
250.0134501988882
250.0134501988882
250.01589434348764
250.01766634765949
250.01718153069123
250.01718153069123
250.01718153069123
250.01718153069123
250.01718153069123
250.01718153069123
250.01718153069123
250.01718153069123
250.01718153069123
250.01718153069123
250.01718153069123
250.02748665402413
250.0258201722212
250.02383916877605
250.02383916877605
250.06552324090302
250.06601494535374
250.06613139776152
250.06929620849087
250.07482000645152
250.0762508695128
250.0759444003848
250.07596305430957
250.07596305430957
250.07967069372685
250.07942237308256
250.10478603203066
250.10497806193712
250.11150447905453
250.17229756874394
250.17184376593235
250.17233947401132
250.1690792424307
250.1690792424307
250.1762786988653
250.17920126494437
250.17947433626614
250.18360329564558
250.1897030169666
250.1912120809603
250.19110519902316
250.19805016927134
250.19760556473247
250.19794213494234
250.19810998539756
250.20093527201286
250.20418454116424
250.2042004037138
250.20128117112017
250.20128117112017
250.20128117112017
250.20128117112017
250.20128117112017
250.20400616738658
250.20400616738658
250.20400616738658
250.20417589055987
250.20417589055987
250.20417589055987
250.20417589055987
250.20417589055987
250.20417589055987
250.20417589055987
250.20417589055987
250.20417589055987
250.20417589055987
250.20418454116424
