with mode=3, handoff cost coefficient = 1.0
206.6096537217651
207.13799052037388
207.13746142846088
207.74146647364685
207.9921802380419
208.0810666147174
208.159203369878
208.30870341161574
209.67609514435543
210.0734005064446
210.4336096002292
210.74378573666002
211.67531847005557
211.67424715816526
211.67426350775816
211.91791721539036
212.2274886068367
212.24670418933428
212.25533735582206
212.74697776701075
213.01190155205853
213.01218824377986
213.14026050535136
213.32792184139478
213.4150065706029
213.41513801009577
213.6666333122128
213.81187325254038
213.8218015952434
213.82178976206146
213.80787844331255
213.80787844331255
213.80787844331255
213.80787844331255
213.80787844331255
213.98956542516788
214.11702998174317
214.0777844355574
214.07837973710178
214.4462194976632
215.22382096206152
215.2227940775458
215.2674815240518
215.3129872952175
215.31257945625526
215.51860249032563
215.51789808565738
215.56849546685137
215.60630935738908
215.6100218399904
215.609660790628
216.02599300004312
216.03557045219083
216.0341748229384
216.0590786553718
216.09407000030555
216.09519603088188
216.0943274820208
216.09451180062487
216.09451180062487
216.09451180062487
216.15528126695227
216.15587005495047
216.1796444150943
216.5400026388554
217.12683308192123
217.28182527360798
217.75130764596253
218.27194880328295
218.29777163205708
218.34586783619406
218.38607455677166
218.77825269555203
219.2326544652152
220.62048598254796
221.09145416881498
221.3563478651266
221.76554327987685
222.1785698390544
222.80919019460234
222.81230835767687
223.30607134625572
223.98252747394315
224.56586158757653
224.62732714759053
224.72793060692285
224.96399447524976
224.96344159837255
224.9685605492955
225.1452647518831
225.78134424401446
225.9381198779974
225.93838676041082
226.33186326069693
226.39759411973716
226.6914488894544
226.74343191062317
226.9014695163321
228.13386333002637
228.26389404239964
229.3009064866414
229.30059187882483
229.45369578223048
229.4528473265705
229.44657381049555
229.4869795380519
229.54304159822425
229.55213479770538
229.62288583374954
229.67117469502676
229.69024838077496
229.72220090841483
229.74251106591555
229.7681798683122
229.75026857022735
230.049910710136
230.08675443916056
230.22820144745174
230.37010578677112
230.39539049342775
230.39509947447252
230.39530999736942
230.48295700116728
230.48259660173494
230.4831962679565
230.52376361975482
230.52584645995583
230.58798826969192
230.58760237299808
230.61714698292087
230.61997304604392
230.65035187391754
230.64996658611153
230.71582933288943
230.71583808640764
230.7216611537005
230.75166855194578
230.9113413820607
230.9424565460455
231.23858275860167
231.2522580349485
231.2730083902533
231.2903541210054
231.2913143956096
231.29156498409316
231.31586115564232
231.3247816123658
231.32501804503508
231.3373218993412
231.8040565920363
232.2162821932002
232.21119908007668
232.22384588468043
232.23414819701043
232.2809359614041
232.82922373960287
232.838725386673
232.8382609568848
232.9992776438482
232.99909655143702
233.01161124654166
233.08531027057822
233.08498015823972
233.07967603176462
233.06784915229863
233.06784915229863
233.07033783985457
233.0815612466409
233.08211994706517
233.08211994706517
233.2983261700615
233.3121737617795
233.31907537028872
233.31980459608235
233.34361517178962
233.35069831839144
233.5539139890916
233.54679583387565
233.54611145751545
233.54430384460778
233.55538557046168
233.59380398022574
233.59222811250208
233.5933923692079
233.6621407229083
233.66791159999434
233.67310738804196
233.67361633678476
233.6738896249541
233.67996093392148
233.69888675073727
233.71439460883454
233.7145140484883
233.72712921266728
233.72771466444442
233.74561202929866
233.74684383626862
233.76700550536307
233.7759048307422
233.812352528414
233.82557587295054
233.90008303107913
233.88427207626304
233.88437191208982
233.90242347418223
233.90481802209976
233.90915140675096
233.9047175154077
233.9047175154077
233.93739908335354
233.9586483115972
233.9773916544558
233.9771810191551
233.99097924189877
234.00090964348735
234.01887382814448
234.04771489977526
234.0478445285243
234.047715913469
234.0480203541607
234.0480203541607
234.0480203541607
234.23077708922858
234.23994321840803
234.24084347646772
234.24709611287494
234.27702959264855
234.2769880108604
234.30545861989557
234.30527686925262
234.47748106300966
234.4834106030045
234.48359188197182
234.476569988957
234.48198063017895
234.4854977915138
234.4989677667494
234.5776872377815
234.57774697834742
234.58989629520465
234.6077013978157
234.6523842690187
234.6762988957549
234.70359445855166
234.69671931223965
234.69610127112117
234.70167375886336
234.70492667720063
234.71452990044028
234.7260343459204
234.74860859043088
234.75632684657086
234.75598359732678
234.76091738864147
234.76091738864147
234.7663251958177
234.7617384575363
234.76889826199078
234.7859498474396
234.78588344141008
234.79239311125514
234.80341452230053
234.86818440838383
234.89165894993437
234.8862219669272
235.0647795848375
235.07368069246633
235.07320257165563
235.07701339545585
235.07929073827555
235.07953301191964
235.08293722293877
235.0830505680566
235.09785240085523
235.09824986519916
235.09851832679783
235.09879826413368
235.09879826413368
235.11448057569305
235.11506072244853
235.1152485932867
235.123096491602
235.1261330835196
235.12121952942778
235.12813625712974
235.1281276115365
235.13774038489044
235.13316705962458
235.14228121255482
235.1419693645357
235.15092646908275
235.1507253884941
235.17340755465395
235.16947911278393
235.18881401725778
235.19754752619022
235.19686152946446
235.19056730023482
235.19056730023482
235.4065257862917
235.41827569959673
235.41832273412916
235.42626940405967
235.42973069492785
235.43022593527144
235.42878092863654
235.42878092863654
235.45846510411937
235.46363082091207
235.45669368851875
235.52745173459047
235.52181730741017
235.51458152870413
235.64649070458566
235.6534060413251
235.6533223050618
235.65855196673283
235.65410379367626
235.660272702446
235.67133334437003
235.67123793394086
235.6846568276513
235.68462316929214
235.6844948113172
235.68487337776236
235.68487337776236
235.68487337776236
235.68487337776236
235.68487337776236
235.69148391623787
235.68879555808135
235.6938928343687
235.69994420616914
235.70493864492764
235.70548362581027
235.70557900263944
235.70587635309644
235.70587635309644
235.71031533539892
235.7100294657385
235.7100294657385
235.7175851151026
235.71849566642112
235.718696934819
235.72109421849694
235.7207024955413
235.7207024955413
235.73299682794035
235.73289657167933
235.7402722506463
235.7409738135152
235.73601460985202
235.73870200049305
235.73870200049305
235.73870200049305
235.73870200049305
235.73870200049305
235.73870200049305
235.75351169089728
235.75529015820695
235.75684437057845
235.75849360842204
235.75869684525
235.75869684525
235.75970497507993
235.75970497507993
235.75970497507993
235.7617535069867
235.7617535069867
235.7626550132079
235.76274705242443
235.76426302074628
235.76599178046757
235.76651199366356
235.76640739596533
235.76640739596533
235.76640739596533
235.76640739596533
235.76640739596533
235.76640739596533
235.77294222299145
235.77275449017492
235.77269445034162
235.81937538335077
235.81853666386166
235.81787165553297
235.81773169494434
235.82061585101462
235.8224465476763
235.82819968114762
235.83035901940576
235.83021582728813
235.830126902226
235.83076416754065
235.83076416754065
235.83489467388213
235.83489467388213
235.83454393290432
235.84053833867483
235.8402660630931
235.8393915369811
235.8393915369811
235.8393915369811
235.84581712071332
235.84439496199278
235.84514852892374
235.84488906501747
235.84488906501747
235.95320457346645
235.95598034317152
235.95544474393566
235.95605155881927
235.95638327675672
235.95638327675672
236.06036565068044
236.05972472306144
236.06217571592236
236.0674703044375
236.0703341839307
236.07037744359994
236.07037744359994
236.0703668584688
236.0703668584688
236.0703668584688
236.0703668584688
236.0703668584688
236.17475351674977
236.17510793383715
236.192373632889
236.19405196122344
236.19822599025318
236.19804995179126
236.20012508957515
236.2000979075686
236.21966846297306
236.22455226280132
236.22462136723328
236.2249714569083
236.2249714569083
236.2275659904317
236.2274127648427
236.22746452596607
236.22970014483914
236.22970014483914
236.22970014483914
236.23039827729897
236.23763339916522
236.23736260250263
236.23749768007409
236.23483357424533
236.23483357424533
236.23483357424533
236.2405861303468
236.24055843449133
236.24313520258644
236.24363759550147
236.24374932162846
236.2449158986948
236.2449158986948
236.2449158986948
236.24664108187318
236.2493725790812
236.26197335099695
236.26217800559257
236.26214576261265
236.26134095078723
236.26134095078723
236.26134095078723
236.26134095078723
236.26134095078723
236.26134095078723
236.26134095078723
236.26134095078723
236.26134095078723
236.26134095078723
236.26134095078723
236.26134095078723
236.26134095078723
236.26134095078723
236.26134095078723
236.26134095078723
236.26134095078723
236.26134095078723
236.26134095078723
236.2660799071586
236.26623719815083
236.268682799458
236.26625614307218
236.26625614307218
236.26625614307218
236.26625614307218
236.26625614307218
236.26625614307218
236.26625614307218
236.26625614307218
236.27101714439982
236.27101714439982
236.27681403898345
236.27583261057893
236.27589605982195
236.27817141790354
236.27817141790354
236.28779125869553
236.37664122424945
236.37719132611733
236.37728571774295
236.38009862396117
236.37990042818473
236.3808989683199
236.37985750522503
236.37985750522503
236.38765243824295
236.3892375625427
236.38894873761694
236.38996356019078
236.39172593959685
236.39172593959685
236.39152168154007
236.39152168154007
236.39152168154007
236.39152168154007
236.39152168154007
236.39172593959685
