with mode=0, handoff cost coefficient = 1.0
206.6096537217651
206.609565076312
206.6679543622388
206.7114033089028
206.71138627065557
206.75683359964543
206.7567464223412
206.81691597789586
206.88373962829814
206.88356193869862
207.00837075442882
207.18035588602538
207.31617648883233
207.39466744902757
207.6825424911115
207.70803558444885
207.80012494018666
207.87403359714472
207.87416409587541
208.11057192299805
208.0827182382449
208.08916704451462
208.10211040669006
208.3409404312067
208.36019864444032
208.36334814892084
208.38117771475495
208.42412202982487
208.54945066490947
208.54175523952094
208.54372426426212
208.85960399597025
208.89915834604358
208.89915834604358
208.88870019000055
208.89049581754057
209.24198736318797
209.42624623110459
209.60810980513315
209.62775921609702
209.6162640383758
210.07032831611892
210.20551541139207
210.21655274083162
210.66667801973918
210.76016647157513
210.77525663214797
210.78023261512377
210.87590047518108
210.87590100875963
210.92230736620797
210.9304831905662
210.93014914915716
210.99546755846654
211.00217275775466
211.3095059431556
211.39769576543216
211.611546839444
212.02736642933885
212.02912366109072
212.30817214461428
212.3195366788942
212.30361593637025
212.67578779909044
212.75844314088047
212.76582009571192
212.93233262687795
212.93233262687795
212.93233262687795
212.92087504687473
212.905079887609
212.9417745243763
213.53715476947082
213.5544303372381
213.57307316673734
213.71654533829584
213.71506091510005
213.71506091510005
213.7471506577115
213.80325181988127
214.0851661518205
214.4646912943325
214.46476855498872
214.45151374000125
214.47157253101403
215.38076182005358
215.7108374165413
215.84379630494965
215.87125104829724
215.8535848183484
215.8662352648273
215.86969587126637
216.16358119841098
216.24554470081168
216.25528428402168
216.23605129902325
216.23905574856343
216.80744921750014
216.8373135137731
216.93446119083603
216.93446119083603
216.93446119083603
216.92356593091344
216.99868374893086
216.95211088558491
217.11110859470742
217.3989672179116
217.36663103934302
217.3819669901184
217.3664486819934
217.33958484100708
217.3989672179116
217.39649258468265
217.43191695776656
217.4400232547902
217.44544338030724
217.46741222527785
217.55203270565033
217.57153371674266
217.63365933130225
217.7055851987309
217.7055851987309
217.70866513590892
217.70997659388587
217.73764501477942
217.75032968806136
217.75320848131946
217.75624281038102
217.7593866933387
217.76559216043543
217.7663918651039
217.7654481012512
217.78234404630265
217.78247224634254
217.78350800989998
217.78929295679296
217.7881029231756
217.92777457722661
217.92635668832386
218.09499752537204
218.0959671275573
218.08861569562978
218.10863873374612
218.10863873374612
218.11785398504583
218.1173848950099
218.13170481473546
218.13643274783584
218.1623480623402
218.18775116382034
218.18992485310724
218.191530676313
218.3616680668767
218.37705828108056
218.37713666716752
218.39734533106477
218.39379401318666
218.42336304620378
218.47407731712607
218.62050616158257
218.61479362027518
218.62323933507588
218.64981238615513
218.9258707884428
218.92803306992272
218.92430954744466
218.9251683423545
218.9225913250969
218.9432507679617
218.9432507679617
218.94363254387383
218.95169555544018
218.95174538371046
218.95099547098272
218.94829127885535
218.95051659126793
219.3530245939301
219.35492963454405
219.35492963454405
219.35492963454405
219.3549407062072
219.35783948318394
219.3603793031679
219.36153308115027
219.33465206892038
219.35749066435727
219.3739083279533
219.3816497513663
219.49670388831308
219.4975951021468
219.58921235460224
219.58921235460224
219.90813088781601
219.93707682246915
219.95566365914027
219.9585892892964
219.95629326183877
219.95843958076358
219.958436198048
220.0341541637027
220.06889268942635
220.24066257912756
220.65914916263918
220.66820976504837
220.66224092161232
220.66223857768816
220.66556326718177
220.94923987214932
220.94925022602058
220.947268609191
220.97785428412274
221.06960871032803
221.24022902688776
221.245524992069
221.2473384077911
221.24316650681618
221.3878588808233
221.3952614220103
221.5426384895195
221.55455117838272
221.55455117838272
221.55625059901166
221.56383968803317
221.95807675566238
221.9596056389564
221.96008065749282
221.96143190545902
221.95545436701047
222.10742948342818
222.1073110729732
222.09582931785638
222.09740363492378
222.09361134799522
222.11461550237857
222.11349633606096
222.11985377206423
222.11742177819346
222.21342375865225
222.5212301653737
222.52122313537316
222.52122313537316
222.52122313537316
222.558773129014
222.55874288789863
222.57179816618284
222.5885429734289
222.59041875222795
222.5801484796948
222.58011300048327
222.60418533369065
222.61149059060145
222.75090943083515
222.74845139455292
222.74845771469575
222.8808946640417
222.8812015731425
222.8802521936417
222.95863114423548
222.95740812060626
222.9611784729717
222.97527376452803
223.02253298619814
223.4517312221572
223.49529972363035
223.51826547737323
223.51826547737323
223.51620066516847
223.51787880357722
223.5180974921465
223.51887126061033
223.52068836445966
223.52062098617887
223.5211266958475
223.56927447445725
223.56927523496435
223.5711900254896
223.5711900254896
223.66198559208897
223.66356265515466
223.66698863308588
223.67170769129953
223.66927916217105
223.66927916217105
224.07198115153835
224.15545075227183
224.16817716433982
224.1741307599031
224.1792993969757
224.19703304933165
224.20750825595414
224.18995912679367
224.19102001924878
224.2715963929815
224.26145797423496
224.37584058910755
224.38233433284125
224.5008170527484
224.5008170527484
224.66250586241642
224.64929508869713
224.65230434399106
224.65389897032463
224.65389897032463
224.66250586241642
224.66808495608757
224.6715054408749
224.6743555305525
224.67435774934458
224.72823979859533
224.7290090522617
224.7290881106967
224.73687084524278
224.75109506846536
224.75108919323753
224.75204118289952
224.7520736108059
224.77352622338498
224.77469480874197
224.77469480874197
224.78980512348613
224.7899818954616
224.91788174786694
224.91815166228133
224.94676329634137
224.95534008620675
225.01935953660964
225.02043612358975
225.06672040027726
225.066730134028
225.0734038465235
225.0756102403186
225.07589383310022
225.07586851446376
225.07733419586071
225.09644696193038
225.09803136635344
225.102169320244
225.1021817743171
225.1076154879403
225.10764695466267
225.11198843175006
225.12111102029166
225.17114817338214
225.17060444118025
225.17147171716604
225.1689832011151
225.28934386745024
225.29147793097073
225.29147793097073
225.28808247201815
225.31277280572434
225.32321118002025
225.3679961980004
225.3696674918342
225.37690704384028
225.38425726783652
225.44630316950617
225.44555885254456
225.44895475807195
225.44895475807195
225.59654762552574
225.6001749408663
225.6100113201694
225.61394235549102
225.6165456689311
225.61673401769553
225.61669565732905
225.6150255762713
225.6239221433442
225.67740740997277
225.71300743848718
225.71299610060885
225.72870268204787
225.7561601498782
225.78287808900745
225.86474234371
225.87627578087572
225.87369603648088
225.879213530084
225.87931979425642
226.01558356314192
226.02029242012608
226.03397394795928
226.04123067809505
226.08803943381588
226.08737285127935
226.08737092741563
226.087738245986
226.10685719163496
226.2855558664474
226.2880477556276
226.28989588343742
226.2935569123105
226.29169611111453
226.2959285476547
226.29865433707133
226.29869698116875
226.29929429738274
226.30035481004475
226.302595852132
226.30340463758338
226.30405455394288
226.35044774223078
226.35124743229218
226.3516118396778
226.35131902151352
226.35131902151352
226.35218834071074
226.36230466163505
226.43881049399008
226.44222070716853
226.44923186523891
226.49464854586594
226.52965215824972
226.59021376564235
226.59408966679203
226.59140338177258
226.5952179536693
226.59180061374627
226.64207811405413
226.6417918022138
226.81653738074192
226.82549551527364
226.8273256651061
226.83136774682637
226.83280020517847
226.8329255671063
226.840111258491
226.8419069546798
226.8419069546798
226.8425483682659
226.94913571884246
227.0251328243313
227.0251408278982
227.07309213725773
227.09147677206437
227.2640036915085
227.26419642728428
227.2659315949076
227.26610536732295
227.26957636462788
227.2697115675112
227.29715891611102
227.29654646435947
227.2980714829365
227.29894161112102
227.30612237207865
227.30552535807362
227.31120216704517
227.3119441827312
227.31241701531647
227.4173058750735
227.41738137311984
227.41826983064752
227.43992550544647
227.44365064806084
227.44408862065134
227.4453409087335
227.45084982060058
227.45458458859844
227.46462863407666
227.4663156311218
227.46572317580478
227.46662211890114
227.4660513983351
227.46607402028593
227.46781279334638
227.4673429585168
227.4937629207921
227.49530943284526
227.48927245626038
227.48927245626038
227.4958931226095
227.4958931226095
227.49638747529679
227.49791529440736
227.51602341800512
227.51603050877364
227.52870796297745
227.52886049399416
227.52957810152935
227.52952471814132
227.53013823087545
227.5327749226409
227.61271716435363
227.61212244165404
227.69980241932254
227.700484152999
227.70082544524274
227.7012988627309
227.72657089667211
227.7273967149008
227.72741627457918
227.7296084478994
227.7297670626843
227.74743322604124
227.7478384259228
227.74705772408484
227.74847399332546
227.74888377637845
227.80551034565823
