with mode=1, handoff cost coefficient = 1.0
206.6096537217651
206.77931172234835
206.87365161127073
207.01106509543266
207.0891658379835
207.20150426143812
207.41883130641696
207.53673070102187
207.71006050953926
207.7762175481037
207.94676462153927
208.06037540536332
208.21227137771584
208.31603231255826
208.44770448221607
208.59841035747283
208.6445106881099
208.797492359905
209.02671193709068
209.23050480013603
209.33236848220525
209.49512687522002
209.5948625721815
209.65453167141118
209.77152917172978
209.9570756713457
210.07179666868484
210.15931323070635
210.2013572821421
210.23095346438535
210.33230623272465
210.41806749970962
210.5840680699898
210.60508939416354
210.64458597942027
210.74488237109446
210.88942721405283
210.99572267211863
211.11587936001033
211.30474530298986
211.40604023102964
211.55037988560105
211.56440030039678
211.77089518484698
212.1074951875117
212.1637202410637
212.31791084403565
212.41103823512321
212.4967064799715
212.52450050711758
212.59897924145946
212.87188210277597
212.92750775505476
212.97991787592747
213.12861331328776
213.29595392618046
213.3679801820948
213.6351977303455
213.81603183013326
213.93050465123594
214.10136809750526
214.2157384393965
214.3345024040061
214.38886159451582
214.54242368329878
214.6468990582153
214.88915550111133
215.01855532689763
215.08512640041994
215.29379498068008
215.3566285756156
215.42842750712515
215.59202736421096
215.73821737005656
215.8169471347748
215.9763365915325
215.98819232428764
216.08046787424104
216.20132165172507
216.34057760138492
216.39938277145475
216.63230930220485
216.8317170171165
216.8449202172955
216.90373445631184
216.93087095952154
217.04058522975936
217.12622469527065
217.20740587902924
217.31215352945546
217.3714352310809
217.5246836296704
217.63165103997548
217.69131776467822
217.80432433990143
217.9466771763197
218.06584070030155
218.11345727547072
218.17469418041915
218.21959345581473
218.32533168142635
218.41962730544776
218.51701313421748
218.5908082486677
218.63334202812302
218.6653921340473
218.75273100287495
218.77538812342
218.8858246195528
219.02646968664868
219.1167102066643
219.14853367147
219.1630505884404
219.27101868572902
219.40740769845436
219.46949504648964
219.52946430975535
219.61415741581973
219.73878720905594
219.79199461821048
219.807371311905
219.85054722390757
219.90766711589816
220.02775653330644
220.08474956713417
220.14394693978565
220.169995501688
220.2578921992576
220.36118160672544
220.4995905140501
220.59619280426296
220.64784681029408
220.75208843890792
220.88221669103996
220.94694062497928
221.0742564586473
221.1545019135773
221.3202863102469
221.35695037515265
221.46178347352904
221.48968074110215
221.58730062950463
221.5996752000495
221.6633337167789
221.88939274415256
221.9476222226755
221.9947950331998
222.0338299060515
222.16358834110272
222.2274743786649
222.28668613868447
222.36623273649062
222.48960228602976
222.5986008361022
222.65237140921252
222.71487919234104
222.851989483495
222.85080207401836
222.92225034059823
222.93229818221477
223.005796359579
223.0108021505409
223.15288782746242
223.16806590928377
223.1788520382465
223.23592628988345
223.27570254235863
223.2815596905958
223.31896401534567
223.32521656982925
223.37946785683016
223.59746911926172
223.63659164461754
223.65008799098823
223.75302382201806
223.9063331737645
223.94002410879122
224.0802548505818
224.10992874547082
224.14473795377577
224.1503470119486
224.15069474051805
224.23351450325123
224.26366430236112
224.295058746195
224.29596902439908
224.37221157023905
224.39211255638153
224.41970605485758
224.4708166742144
224.5374911647971
224.5854403438557
224.61583039669006
224.61966891609464
224.63476540062652
224.74782136009944
224.79725276813392
224.860927797481
224.87192558341
224.89146325214512
224.92517665356678
224.99131040764638
225.092713257679
225.11020240239608
225.3100336547949
225.386181521821
225.40546830617177
225.4902894480861
225.53864223343277
225.55276971544703
225.62416052137104
225.74122527508894
225.79531514503122
225.8267522197416
225.87914066966937
225.8963538416271
225.97185506646719
226.12704301571367
226.1349708306344
226.18197352732625
226.22050285396108
226.26582745554668
226.4893702139866
226.57895671189516
226.64928649563268
226.65369726444519
226.75635535656448
226.75880232892186
226.82425556350674
226.9473123954059
227.075561568531
227.08798900503265
227.09686180768105
227.10287341564566
227.2285559251372
227.28375481225228
227.32275776597982
227.3343492654286
227.35052180231847
227.43627167686085
227.47390745192868
227.55708746602582
227.56668855741717
227.633096804265
227.66001856304658
227.74917624637197
227.92267572531955
227.92786855553456
227.94202458224643
227.95604118444297
228.01713470963526
228.04108590949866
228.09616958627947
228.13282241918472
228.22667651616786
228.26408897358658
228.34720781485458
228.38427366961724
228.42784910104933
228.44190066437983
228.44487153140767
228.47369477113259
228.6142179519124
228.61365419254003
228.749724562737
228.81293076880775
228.85760682797124
228.90784138618065
228.9124981790446
228.93788795142217
228.9994095211466
229.05165245877245
229.0601311074833
229.08402404647873
229.11707456539645
229.12569682661507
229.19071654125725
229.26366836877725
229.32602316614276
229.3483941348917
229.35287089556977
229.42925060739339
229.47704965745868
229.5489999172083
229.58944089523192
229.59934285302458
229.6782621650426
229.7231648359018
229.7743508707111
229.78858121703684
229.84207093453614
229.85449522146058
229.8989701103333
229.92613268596912
229.96129184522346
230.04935960957334
230.0700965449477
230.0958413285784
230.18449387036247
230.2257131527609
230.26588915418878
230.29670291977703
230.3051287088152
230.3384959414028
230.37108230565366
230.37552772360655
230.43928219650127
230.45428756680212
230.4713702167092
230.49770316466083
230.57939053007718
230.59439703082742
230.62085356512566
230.64585120353328
230.66281319281194
230.73156127048605
230.7391643596491
230.7672508406018
230.79156214988407
230.87107647576818
230.8756434076085
230.95670567314968
231.06639745425727
231.10652514549503
231.11916394724432
231.20726795292074
231.2309080186494
231.29826427944877
231.3057536691986
231.35702764814826
231.3714050011144
231.51502363214956
231.5331385731323
231.56534934129363
231.57144852562143
231.6023197109798
231.60654586827462
231.6167065129581
231.66294015472383
231.7112644587114
231.72158277600434
231.79475418726918
231.88553732043607
231.92765009804822
231.93200954023914
231.9404033412246
232.08322494212257
232.16339716182824
232.2875856622387
232.29784650749414
232.3146271672319
232.35824281383543
232.36705597020693
232.3806443085893
232.45668974303686
232.5095724141401
232.56536641454628
232.5722843727348
232.60802840510513
232.61248093721932
232.66710844921502
232.71451549987148
232.83466544418593
232.91610447868274
232.98457175207577
233.02282586369316
233.08246840205516
233.08230281365724
233.1332406596804
233.13721245354188
233.18623389474547
233.26010036467466
233.25992928373628
233.2889578133072
233.35070345883398
233.39564599865489
233.43847233180784
233.43767758053272
233.4713463705395
233.4865685276697
233.49196992257143
233.52941119129986
233.63275055088184
233.68246234501683
233.70222638809238
233.78960850921877
233.84038968073895
233.8485904865585
233.8837547024151
233.98055228615283
233.9904191883543
234.022046286457
234.05932576709517
234.0638877210919
234.11429832348006
234.12764878079008
234.22516838658666
234.23524280230345
234.23774547791018
234.32342207555197
234.33360266510684
234.3694730234938
234.38054612379676
234.38865674531212
234.4265284175876
234.49814731030767
234.50293825678972
234.56462403677526
234.6265920516601
234.65768364844732
234.70424573286726
234.77444368460934
234.80898024851032
234.8199014468763
234.89208237850875
234.89791659414345
234.90606929973615
234.90828359943146
234.90719845699658
234.96419787243764
235.03985575462158
235.09960701300574
235.09956605890216
235.12885352578908
235.1657314037506
235.1869798431371
235.2698044798394
235.27622376293832
235.32493148815448
235.32626474425444
235.397036246684
235.44366835903182
235.45605453651234
235.47407397161328
235.47788020211763
235.5018797598763
235.5058009918999
235.541028459946
235.58699073314438
235.63627607342272
235.63917014516193
235.75526821276912
235.76556289817756
235.77021211957137
235.77176644303796
235.78551788627252
235.8189717072161
235.88057095725566
235.92731127123955
236.04460167281664
236.11683604668738
236.14326017642748
236.23260015459044
236.26120068388053
236.25219364639776
236.35231396674266
236.38719459647658
236.41021442150455
236.47722295911467
236.56037227296142
236.5606491845325
236.76822527287203
236.80445978396605
236.93930399484867
237.01256467330356
237.07889055758253
237.1039811706375
237.14769660476227
237.16518701851558
237.2373657873991
237.236259825731
237.29879166297522
237.38490783782117
237.4322268062891
237.56637836286578
237.619431717614
237.68763519972302
237.6984828846591
237.70421631661586
237.8068903698842
237.8077478028576
237.8810014911615
237.97201801962223
237.98475074699962
237.9951351351476
238.0033267804198
238.03684155068203
238.10748667067324
238.1947864776484
238.2419065565246
238.2642392282197
238.35416630625713
238.3641510639777
238.36320442320755
238.4132143626433
238.41672162706695
238.4177807200671
238.504527956964
238.5296059085541
238.56930514885607
238.57806871138484
