with mode=0, handoff cost coefficient = 1.0
217.52893796957306
217.5288072598086
217.55268957869527
217.68747584021244
218.12091855034745
218.12092269474806
218.44925240069728
218.94858399383637
219.41194767241097
219.45271782715386
220.1465333735882
220.14956254289874
220.13204073255957
220.1604136941462
220.40116688714605
220.59440961634144
220.79682993408238
220.8401561777707
220.8470913986789
220.84756974567426
220.8475743727041
220.88690666811794
221.03754966044707
221.50201643988314
221.52648592166628
221.63601187679012
221.6351648540139
222.22719440212813
222.28862921636266
222.3156540284815
222.2924728651223
222.34127112636872
222.50151127629974
222.49004541349152
222.5126858273186
222.62997849952495
222.75915958185124
222.82860942152118
222.84930661145995
222.88422217066375
223.26215863852133
223.7625225658128
223.80622995384925
223.80622995384925
223.82893940860865
223.84748649707242
223.84747666816233
223.82437848139782
223.83636492176504
224.17469006234901
224.2937495582065
224.34587819069878
224.3549619764908
224.31658755684066
224.35511578905266
224.67024295469565
224.85720243979574
224.9480143164766
224.9480143164766
225.02823315137766
225.1242039793357
225.12914979435675
225.16459432084338
225.2587121974084
225.56849190624717
225.5691394079875
225.60180433534694
225.60381561743068
225.74049285401466
225.85982502788943
225.8575904058049
225.85968019038438
225.8569839580674
225.8726004271256
225.87375158252095
225.87562219157593
226.02775491130583
226.12477660072406
226.12741459927375
226.12761769005292
226.16500701296633
226.16500701296633
226.15331100922646
226.1538762734184
226.15483820990136
226.16500701296633
226.16643826795703
226.1855028535151
226.19307735470258
226.2227346177042
226.4670431508803
226.53873095631857
226.84876616167497
227.14833837998603
227.15346228227298
227.1585811012484
227.3095692783108
227.32146544496635
227.34759560611104
227.347683606227
227.5735899140541
227.61504871873126
227.9101041662048
227.9402419888683
227.9402509623302
227.95118140968708
227.95656411066295
227.9521688168059
227.98883257357906
228.0788087104578
228.37410251327734
228.49620300100807
228.733287090102
228.88520160341187
228.95880273690915
228.9763783928008
229.07339544882888
229.071382999907
229.17936667374937
229.21394944392304
229.2294616335233
229.2294616335233
229.2286838320651
229.25203796372332
229.3516943417929
229.37924103613864
229.39750052389704
229.6088192254496
229.61015644153588
229.61016043248253
229.61016362926568
229.6116956096136
229.62700836015122
229.65794336038087
229.8309327820182
229.9808858382988
230.2749561457383
230.37974642875045
230.40647271815575
230.40583885965785
230.40584495510777
230.4130568069556
230.4130568069556
230.59941889815568
230.62896671011882
230.69435163310217
230.75483646799907
230.75692804428306
230.77784300350746
230.8773903024361
230.8970485288846
230.8970485288846
231.0524688808417
231.0524688808417
231.06240702074857
231.11917789361357
231.15210610879714
231.16569314927267
231.18222098134538
231.18223118703906
231.42844676308587
231.42858538842202
231.44267852490458
231.44846707393123
231.46701890227234
231.4817696529271
231.48190825195192
231.48290593635207
231.5007523151486
231.50321037882628
231.52126244573589
231.52129309041902
231.53253975600748
231.54923086922292
231.55290014757847
231.67050335468727
231.67290230087013
231.6761892017719
231.68769898374225
231.70512560552987
231.69944525795265
231.77367347370085
231.7935585057302
231.81016066452207
231.86678142086635
231.86886923266167
231.86886923266167
231.87831375214662
231.8804006558765
231.98064979327486
232.06657302757074
232.06695499112826
232.08031565958467
232.09214851515318
232.09222635574113
232.2446775094755
232.2452758470641
232.24528663187812
232.24528663187812
232.2474466297049
232.24664898664366
232.38391505306046
232.51227163940365
232.51239833871566
232.51239882611534
232.51226139049888
232.51226139049888
232.6018930170455
232.75890183396726
232.76152175400568
232.84866890467686
232.8946577978324
232.9100253430313
232.9489470913071
232.94895547801673
232.96667195953887
233.17831454376378
233.19088315444668
233.1911901821303
233.1911901821303
233.19125121435354
233.29239842852562
233.31371603449486
233.3151219532997
233.37975656280034
233.3692541517017
233.38809286440713
233.38809960075224
233.5262524854867
233.5262768842069
233.57643158747064
233.57646826463923
233.57646826463923
233.57473387702456
233.57485971560467
233.57485971560467
233.82090592647768
233.83534362109387
233.8341269602101
233.85010736479094
233.85029109194005
233.8502862613045
233.8503612150401
233.8634077433531
233.91230869826444
234.01592453033473
234.01592710037443
234.1406318773195
234.15218816241148
234.16196802943065
234.16431010869553
234.16764173565235
234.19771310045667
234.19644713595594
234.47811266890625
234.6920124806068
234.69031962589028
234.69017626090826
234.69353854565907
234.69297560791696
234.6921510147685
234.69112739695365
234.83116075842457
234.83208658853783
235.05724441327777
235.05724978757843
235.07324575539081
235.07582424320105
235.09549511476848
235.10656840446188
235.15830992421593
235.15560789050616
235.43126305659905
235.53341452833968
235.65837825502095
235.6584970865412
235.75519124683598
235.89654269489438
235.88536544138063
236.11217659982998
236.1462172964558
236.1569386186785
236.1569386186785
236.1569386186785
236.1581109467372
236.26602556829587
236.27011246174249
236.26761365407543
236.45312411292235
236.491544058414
236.4946597763751
236.65165835340738
236.6533705778336
236.65564894288255
236.81252876620457
236.80551712460027
236.8077881922724
236.80777579686884
236.92163656152016
237.0347654938483
237.03943922564437
237.1224973261141
237.12623555733015
237.13750155202183
237.2359960842867
237.2361851499101
237.24752834830431
237.25877002391505
237.2587824193186
237.27625455866354
237.27329487245535
237.3099207354468
237.29307529981602
237.29353420306947
237.29635252474165
237.31233146209667
237.31748868379694
237.33053820588884
237.33692324446432
237.33692588256685
237.33682966842423
237.39984885766094
237.40059582067727
237.40054339632033
237.48754902303588
237.55261443331472
237.66539492880128
237.7797338091672
237.92913655047724
237.92731828759383
237.94598328782152
237.94598512731153
238.09085367713365
238.09119934261477
238.09118966821774
238.09118966821774
238.0912072323782
238.09355114168085
238.14265963935904
238.1439133243085
238.15498068650817
238.15498068650817
238.16693954793942
238.16664197200234
238.16674071644294
238.32401438861163
238.44427851736594
238.44391721494824
238.44391637340223
238.56708739632518
238.57463564783654
238.57580039284068
238.59069603864233
238.62563846135936
238.62564553688003
238.62508297136122
238.67880291738604
238.67930641112645
238.6795887211178
238.67676480503835
238.67954053084674
238.63972503657766
238.64035878035423
238.6795887211178
238.68010359268789
238.68010513639925
238.6968916199347
238.69893906860537
238.70071293237828
238.70090683757383
238.74090080734103
238.76736605827412
238.77223590352708
238.77223590352708
238.88593501270637
238.90201093884184
238.9020379000134
238.90365061049812
238.90531174429503
238.90642009096746
238.9069862932481
238.92369225516543
238.92376490625358
238.92376490625358
238.9366040412297
238.95405978814006
238.9537851893088
239.04589452873478
239.0579701784667
239.09641502609745
239.0958634357433
239.09610813348877
239.09610813348877
239.104645655339
239.1046466369273
239.13822878732609
239.13849874245588
239.1384982357064
239.1461947234702
239.14539730862757
239.15352015345005
239.15403066181992
239.15371134171673
239.2323753375536
239.2320466252792
239.24944362595448
239.26033279379163
239.3089392796218
239.31428430910992
239.31449428344132
239.3140043595357
239.36495136786007
239.3737390458734
239.37417942975625
239.37677058796467
239.4320304516555
239.43185669751486
239.44369755916938
239.456243053033
239.45996591328168
239.53191156395664
239.59814213919998
239.59719790606619
239.59726102383644
239.62993265758416
239.64536215285284
239.64549644340775
239.6492242436771
239.64802892663153
239.65457092024417
239.65457338989353
239.66397704887459
239.66960000878453
239.66960000878453
239.76984740939986
239.76996872356966
239.8189436855204
239.85566585776135
239.86233578793005
239.86233609841426
239.86363188635775
239.93806834236878
239.9381213629845
239.93812471297267
239.94052449053325
239.94081448813338
239.9499899436092
239.94998847690874
240.0167950123755
240.0483187627276
240.0483187627276
240.0508650541614
240.05119200048182
240.09618906815888
240.09618906815888
240.09638629906436
240.09637213529604
240.10132847556818
240.1447202898471
240.1488236380944
240.17551725122283
240.17620504352834
240.26252566694933
240.28678727673577
240.2866214234328
240.34221024560676
240.34223796545197
240.34921714103828
240.38202146957454
240.38202146957454
240.3821785161101
240.37871473351842
240.3867042370286
240.38677982724232
240.45607978547116
240.45537018225076
240.45537018225076
240.5019422025535
240.50587418573588
240.51368775636058
240.51102281231226
240.51102281231226
240.51102378509603
240.52275818103095
240.52773596297675
240.59230073485065
240.59230073485065
240.69091929346138
240.77663381429568
240.7876784337376
240.78975819986047
240.78904180494973
240.7890593196615
240.83166530893413
240.93111391895678
240.93148892849752
240.97863705426556
240.97902533877303
240.97703989965703
240.97650765410037
240.97902533877303
