with mode=1, handoff cost coefficient = 1.0
217.52893796957306
217.62650546895037
217.71093833348914
217.7899418905132
217.88880360400654
217.9374522679151
217.9689764156269
218.1317457269956
218.22243068847033
218.31994675047596
218.42392143831904
218.50417607104606
218.68948612429926
218.75799723266383
218.8523011892388
218.97085669443345
219.07397331732923
219.2135402722641
219.42762987818085
219.49894096003752
219.55440140177052
219.6241791388431
219.71797213497823
219.76854941616213
219.92352965025754
219.97082070558324
220.14861273866052
220.1495919857973
220.18500969000033
220.34572892141372
220.39515991484524
220.58910248492222
220.63885490095788
220.74942565914947
221.05397801827937
221.32941317150932
221.4488126890834
221.49522774371252
221.55454911701128
221.6381699098489
221.69082702235474
221.82621493256335
221.90517318678292
221.99982121415704
222.0811890968966
222.16343615795213
222.28545250694643
222.34930957607423
222.3806508194158
222.3958771980043
222.47327038560383
222.56119797608466
222.64633653823168
222.7413231632251
222.93507984814246
223.05288284240217
223.15145675200117
223.2995046949244
223.3317150574374
223.47127874805716
223.49166167046695
223.53476183076327
223.5985228907599
223.68877758447303
223.78241215231137
223.89432578020043
223.9734928938336
224.00236839477924
224.1524028437484
224.35985364931474
224.41067332736506
224.50306161398493
224.6844901314306
224.78381258776864
224.86036512087847
224.95519751342198
225.01933554220847
225.1409748805238
225.15998702294957
225.19814934403166
225.24308359925013
225.46159137588333
225.62393627611007
225.7950159496031
225.9637834751744
226.10785645598318
226.13480150703933
226.2358052294036
226.3649909308662
226.44943519517005
226.55281175356612
226.64224165639112
226.74249530287847
226.84680800594313
226.95230769580743
227.1384227876738
227.2678849884705
227.33551999042655
227.35669665300267
227.53103917576522
227.58936391545566
227.59671109215964
227.71071799533897
227.85360843243416
228.00046711505996
228.1491957481935
228.25635005925756
228.2832958840378
228.35781326293477
228.48803323192394
228.52954753004684
228.65656121048374
228.76212833160707
228.99969740361902
229.08085133320776
229.12065112407095
229.1712547236041
229.32044843347967
229.37322555713294
229.39938946629204
229.53090820047822
229.6216625955253
229.6535405118442
229.68760916223448
229.8283823939031
229.9191591952859
230.02556667684857
230.14803235539748
230.17062453467022
230.2302179361278
230.34454500032237
230.4796818461162
230.66754574728503
230.68937987292475
230.81171092984937
230.8631969632715
231.00184897584484
231.07031464930327
231.13630141050874
231.1789953007422
231.20813121071234
231.24289052856864
231.3275296276811
231.38508252747656
231.40392654118853
231.55138839148552
231.56309195209437
231.72313742116012
231.7937938247395
231.80841579197886
231.87429364240893
232.00704236147755
232.05019009399524
232.17596779527847
232.23663601404388
232.25352801872174
232.30872798243882
232.41384110854267
232.4728463254288
232.5417484942709
232.59765061246281
232.62508255787992
232.66054033344855
232.71551969527394
232.80952529920623
232.8178091984812
232.8359961871572
233.01801423639174
233.02047517243906
233.06682054840712
233.0903576564524
233.22839975499377
233.25551319950452
233.33233675365932
233.3453703724452
233.39916400864087
233.44748029407398
233.48376624638567
233.62140692475563
233.6826612399985
233.70137612700336
233.7271573409022
233.80978286995426
233.82999425014364
233.92087628322201
233.97291500577057
234.0003628294354
234.15457378073086
234.20627515687147
234.2618907087733
234.3001723658253
234.3339451287409
234.39040941494292
234.4490428321152
234.60165618360438
234.67403779969166
234.69932877102735
234.76509278758277
234.81674842867258
234.92206966974678
234.9675757628703
234.99028142090143
235.1166050155607
235.16242566809677
235.19754073073165
235.20800984441428
235.30449729140943
235.3623813653176
235.45993298585694
235.53559232295453
235.54992402998676
235.5714156149795
235.6117767979921
235.62533199276334
235.6327319774116
235.72264982853488
235.76113435862487
235.79668248983867
235.88626654629314
235.94802903145026
235.97613806705832
236.02411660994176
236.0516182488679
236.09367691474137
236.14404848565002
236.21250807477927
236.26282920675123
236.3375885990618
236.33691604839106
236.38902055932806
236.402175629938
236.40947752339991
236.44429585007163
236.45726231453102
236.47375627853384
236.50700372917632
236.57588979233645
236.83196543900954
236.872082585749
236.92594574629274
236.9877266279388
237.03034920158308
237.03341158268736
237.08729521957042
237.11269906086687
237.12550086526605
237.132259649715
237.14785271962126
237.15529747007042
237.20278939772413
237.30261167791815
237.31545093920582
237.36920934262804
237.45022140234212
237.52016235336583
237.5723752455669
237.64580520026772
237.7454791844449
237.78549242517988
237.80589502978017
237.84994155722347
237.88204971675373
237.95275826350925
237.971690870294
238.07392229796676
238.1162782588513
238.1518536376208
238.15751700528145
238.20108341232427
238.25541338505226
238.37149051833765
238.43115033670614
238.46438850322255
238.50704343409848
238.54180045552792
238.63738550974588
238.79457418551416
238.85253756126866
238.87131325974116
239.0237772612903
239.0755571798692
239.09620647321105
239.2143870707249
239.26584329876417
239.3171860505111
239.35675599611085
239.3939333629786
239.49833241020428
239.502636804598
239.56858615528745
239.66942616811795
239.75511207915523
239.78767064009094
239.81726722255314
239.8171467459619
239.84289848145045
239.88297323782768
239.9025789060813
239.91162996874624
239.99776802817095
240.1002722247151
240.13671911250543
240.18507387382158
240.24067189422453
240.3258372972278
240.36538276527273
240.40991685462052
240.43771890342666
240.4677104400416
240.51361609767613
240.56933130199212
240.60045550121956
240.60563897578606
240.68046883937927
240.71134950668625
240.76293535839235
240.83830714950295
240.89148534086516
240.9447517650401
240.98193399670114
241.01344327825922
241.05885237992922
241.07476080424743
241.12159267796287
241.12398761734286
241.20924749020645
241.2358858754613
241.35152152225663
241.351854828981
241.36780576014036
241.43742287085632
241.5272253920129
241.5277957315327
241.59969368854888
241.61398539734103
241.6377813299198
241.7084391881258
241.76421682345375
241.84714556989874
241.87092835242237
241.93107013419086
241.96241449494497
242.03044759647895
242.04547976280105
242.05626245952544
242.1064102077619
242.10490394067745
242.16016920640539
242.161450138125
242.28080598492093
242.2989098519754
242.41143828714837
242.43558840180086
242.4475040247358
242.47188217161454
242.48220033663267
242.4851453422999
242.5538440345363
242.62456727186316
242.64490024633542
242.649522701241
242.69856434783964
242.72611406821295
242.83048536603982
242.85364048602358
242.91294487934405
242.94006357635
242.96971188703705
243.02257363280066
243.07740746516018
243.0815406099557
243.12748384324155
243.12782109092993
243.12713321764954
243.13486235726876
243.18487432028343
243.25696237548468
243.32031887301628
243.35359483867472
243.44954977228548
243.5026760287272
243.5376319785072
243.54854431908885
243.66076197637327
243.75921646977778
243.81841014614412
243.82427851671423
243.8342876082386
243.86068070563536
243.8908989530696
243.89099528762938
243.96365513821135
243.98923679972225
244.01148541516227
244.03628474355224
244.0830325889006
244.1396316743685
244.18967793882794
244.24076447947553
244.26256875715544
244.33830968121723
244.39014624491995
244.44520066499732
244.48350386162477
244.4980457321067
244.54020946777743
244.55525188864164
244.59401814540246
244.62224547801932
244.63230548791324
244.66284116963195
244.68143842258743
244.71565848300608
244.71693739907496
244.73639092579214
244.7537559101404
244.78147695322738
244.7965311242277
244.79846365143598
244.81806038721484
244.83082931727182
244.83232324528234
244.83312291077107
244.8708302615642
244.93837828401695
244.97824978668788
245.0350826287346
245.09065169217791
245.0985954905426
245.12527942885828
245.18543587722047
245.2283251865619
245.27123157497155
245.32682156139896
245.4146790641732
245.50393738217582
245.59665110682158
245.63369748594704
245.66228023706964
245.70032372653282
245.70600547972583
245.79483825707777
245.81948644573336
245.84901001248826
245.86737671864637
245.87859018026836
245.88857634333652
245.96995245146016
246.01089766080156
246.04141588546304
246.07149690576142
246.0752374817056
246.0773905440249
246.12861810732483
246.15400758945108
246.16625793572996
246.17275388811066
246.2214812846628
246.2244006695979
246.31466968703813
246.3616703970201
246.39066437135145
246.4456100290846
246.47594995047285
246.49239849380425
246.50683508338545
246.62239810135353
246.65643866601968
246.69315067962012
246.70758448718755
246.7262311409746
246.7232383358545
246.74296918257454
246.79657049786204
246.802431205461
246.79861219111064
246.80016099339844
246.8343476880771
246.89852168002662
246.98868348594075
247.02967419691413
247.04792386117498
247.0545897791357
247.12048500371233
247.12291935522893
247.15478340450997
247.1702401840038
247.232070787769
247.2915693895849
247.32432922427287
247.35704191125578
247.36654318844086
247.39795299592984
247.4703947103417
247.49564452382182
247.50153597572043
247.5037879324096
247.51468453394713
247.62802376573353
247.7181803057274
247.75646672353884
