with mode=3, handoff cost coefficient = 1.0
217.52893796957306
217.6185545394538
218.09553256005074
219.0251505504266
219.3903294197226
220.80647933723418
220.8459029309102
221.22979908672616
221.81622578050016
221.95058912481332
222.36601792630958
222.36593025008395
222.42389763165343
223.11017795607722
223.47611395301527
223.84288710724528
223.95462183105465
224.3093465616718
224.42121310948696
224.43097328542385
224.43066566935488
224.43054985713772
224.51987564280225
224.62322509113037
224.63069497685873
224.65379608051566
224.7484291900863
224.83977661324118
224.8398682996777
224.89769320785462
225.15523184951627
225.1662899214371
225.1848910454271
225.1846718161678
225.1829636725839
225.3013220505071
225.60995658373022
226.3917040380274
226.52279011030134
226.77260979487573
227.61605455459141
228.16984327759468
228.23212634633106
228.27175890062952
228.81834541587497
229.71410760596208
229.76630904552525
229.80031412777356
229.8015421233738
229.82957941029866
230.13984778711506
230.21314206053015
230.2642879393451
230.26432769561322
230.30862403439048
230.73794612860897
230.75413619117134
230.7542803645787
230.80878051502614
230.8088894085802
231.1145913239275
231.25439962032198
231.29954501682366
231.29959921358486
231.60048642958563
232.18654374662336
232.1984137746683
232.5039095957417
232.73907233415227
232.7973536495856
233.30266491159836
233.9200919010963
234.22682158311633
235.42534474897394
235.49288545192832
236.45201892897714
236.87181724402006
237.31224547026443
237.8780472478443
237.94133323583193
237.98279520542144
238.0081877664861
238.20549815705542
238.31474153996155
239.32501911933653
239.30106308969056
239.39148763928554
239.55430116759763
239.62763874912167
239.64674789689332
239.6791436619122
239.73051888984045
239.91095472787902
239.96712137698307
240.28366910769267
240.526306053192
240.52632798484723
240.69658993285992
240.87744635402908
241.04790598617325
241.10661084052896
241.14686716266488
241.14830231683726
241.3487041701827
241.37232875888344
241.37728339299315
241.99586377411123
241.97753020921988
242.0359486269411
242.23246240507774
242.26751281597228
242.30779631968073
242.43891248396181
242.4571567642933
242.57081700069375
242.63994232339593
242.63818030473283
242.63773201667652
242.74858480740062
242.73077838869153
242.74700639792002
242.8068669998305
242.88906743506772
242.88915049106384
242.965264159154
242.9652867044535
242.9731391650513
242.9930437155208
242.99729481675905
243.18107694131754
243.1849718311717
243.18593769466855
243.2283663012679
243.2270216009107
243.22422120184768
243.2253691224472
243.23124617767638
243.23335629594163
243.31901153216745
243.31921585019558
243.31924293934105
243.3197088501036
243.3231514614784
243.3231514614784
243.32617402113925
243.38368314046954
243.61935401836024
243.62029892554494
243.623912879908
243.6369669092598
243.649003666355
243.64896494946373
243.65301016424792
243.81103947623694
243.81107869618057
243.80517985647998
243.8050771528969
243.8050771528969
243.83600262969588
243.98105007300916
243.9738856118388
243.98250907394632
244.03615765824352
244.04110415016535
244.01937429521377
244.0589290824681
244.08829798666994
244.24183750489513
244.27043322751373
244.27322190953495
244.27544205213562
244.3027815378403
244.36908096491345
244.43422339992645
244.43416124504182
244.52468685218233
244.5221819207625
244.52111013589408
244.67869792952737
244.78546692231745
244.94160552656362
244.9419131538816
245.0732390351984
245.07413030422845
245.08936678208488
245.15935977504873
245.17140096962535
245.17054003802943
245.1705171875799
245.19855578979963
245.2217370877298
245.2284334751802
245.22844118436967
245.2254567138839
245.2255722570229
245.27196957426406
245.27197856484412
245.27195868621544
245.27248491045137
245.2748660265669
245.27622088352618
245.29342226566192
245.29863980865213
245.30003866502872
245.3008994710591
245.32244806280443
245.3227827896473
245.33404868325528
245.40372416262232
245.41189641009305
245.53744954338043
245.53816101113256
245.54582010405693
245.54714567202203
245.54657284195432
245.57288978308787
245.58020190363175
245.58016459861008
245.61310124901243
245.61276930400192
245.60944480282274
245.60944142175202
245.60944142175202
245.60944142175202
245.613057685797
245.6140988069257
245.6140988069257
245.61684953401507
245.61799517300636
245.62229146731772
245.62225101161343
245.62215425186147
245.62582600934314
245.62621129716032
245.62624146095965
245.62589818984767
245.62589818984767
245.6439411958911
245.6446314940767
245.64611817844172
245.64601095840567
245.65326921202748
245.65378562268958
245.65385349171055
245.6538859195012
245.6613446176547
245.6677808839543
245.6751320288295
245.67434661210015
245.67526544680274
245.70518590389185
245.71980930208852
245.72681146638038
245.72935555316312
245.73576539263686
245.74162802271
245.74176171954517
245.74153614341716
245.80802559623564
245.83203205280134
245.83334865554568
245.8479930704805
245.84727860336085
245.84921815159598
245.84917430737693
245.84917430737693
245.85812148928864
245.86091000927303
245.86931779760206
245.87175881265185
245.87452755196148
245.90507540119012
245.90386718827443
245.90691678216317
245.912090602583
246.00332163247145
246.00391324939153
246.04024327907388
246.13182755486298
246.13741432403884
246.1374426447627
246.14926520174032
246.16557623240908
246.16447312842348
246.16845848967554
246.18888642764915
246.1892718719085
246.1891178346611
246.18926083555283
246.20038960445464
246.27696494300102
246.27826796702945
246.27801695265012
246.2836765480363
246.28494464715513
246.36624497676522
246.37004963242967
246.3700372304824
246.3725744355762
246.372651190581
246.3729130182202
246.3729130182202
246.3729130182202
246.3729130182202
246.3729130182202
246.3729130182202
246.3729130182202
246.3729130182202
246.3729130182202
246.3729130182202
246.3729130182202
246.37764897692225
246.37716268475884
246.3768718333805
246.37861214299915
246.37861214299915
246.3817521539646
246.38283704664434
246.38119014456078
246.38119014456078
246.38119014456078
246.38119014456078
246.38119014456078
246.38119014456078
246.38119014456078
246.38119014456078
246.38119014456078
246.38119014456078
246.38562247569277
246.39486399510363
246.3947635406497
246.4018851381865
246.40194371468266
246.40194371468266
246.40184082758964
246.40454381028698
246.4167691314889
246.4170496894717
246.41817719486272
246.41864696138916
246.41864696138916
246.41864696138916
246.41864696138916
246.41864696138916
246.41864696138916
246.41864696138916
246.41864696138916
246.41864696138916
246.41864696138916
246.41864696138916
246.41864696138916
246.41864696138916
246.41864696138916
246.42730147708585
246.42742247878408
246.4285289834493
246.42860306083858
246.42860306083858
246.42860306083858
246.42860306083858
246.42860306083858
246.42860306083858
246.42860306083858
246.42860306083858
246.42860306083858
246.42860306083858
246.42860306083858
246.4365947651814
246.4392847805375
246.43793057826383
246.44024251649893
246.4479533836368
246.4470139026024
246.44562895590636
246.4455775411026
246.4455775411026
246.4455775411026
246.4455775411026
246.4455775411026
246.4455775411026
246.4455775411026
246.4455775411026
246.4455775411026
246.4455775411026
246.4455775411026
246.4455775411026
246.4455775411026
246.50231600332518
246.50239656718583
246.50500398583225
246.5090991331799
246.51045826900415
246.51052221817233
246.51027154242493
246.51027154242493
246.51027154242493
246.51027154242493
246.51027154242493
246.5122454546747
246.51450638931667
246.51380674272343
246.51400616968607
246.51583081925907
246.5185510533211
246.51917850433327
246.51968668786415
246.53894759450915
246.53866876133787
246.53698774787483
246.53730805241355
246.53730805241355
246.53730805241355
246.53730805241355
246.53730805241355
246.53730805241355
246.53730805241355
246.53730805241355
246.55299192873872
246.55195195456952
246.55197397911132
246.61440561169184
246.61583832375655
246.6163192159892
246.61602619653988
246.62853612344134
246.62871347757172
246.6293061061485
246.62930913184533
246.62930913184533
246.62930913184533
246.62930913184533
246.62930913184533
246.62930913184533
246.62930913184533
246.62930913184533
246.62930913184533
246.62930913184533
246.62930913184533
246.62930913184533
246.6321902321088
246.63252442511688
246.63253537280193
246.63338830579437
246.6426266446338
246.64270545024362
246.6441957843859
246.6434807135287
246.6434807135287
246.6434807135287
246.6988925894543
246.7148551608103
246.71484679900612
246.71486038626213
246.71564012263676
246.71564012263676
246.71564012263676
246.71564012263676
246.71564012263676
246.71564012263676
246.71564012263676
246.71564012263676
246.71564012263676
246.71564012263676
246.72866437998297
246.72883197757963
246.72879987327573
246.72929711150672
246.73160112444714
246.73165945832457
246.73178445163197
246.73178445163197
246.73846003613357
246.7384589761525
246.73822492542132
246.7415438618365
246.7415438618365
246.7415438618365
246.74159222538344
246.74159222538344
246.74159222538344
246.74159222538344
246.74544324763508
246.74772530231496
246.7478040842022
246.74891691357055
246.74888355400492
246.7519481490591
246.75201785758696
246.75201785758696
246.75201785758696
246.75201785758696
246.75201785758696
246.75201785758696
246.75201785758696
246.75201785758696
246.75201785758696
246.75201785758696
246.7554619559104
246.75989019914255
246.75971146378788
246.76385610168356
246.7645152268789
246.7642769544293
246.76434296690982
246.76434296690982
246.76434296690982
246.76434296690982
246.76434296690982
246.76434296690982
246.76434296690982
246.77438253296177
246.77433575674172
246.77430274060677
246.77448110428523
246.77448110428523
246.77448110428523
246.77448110428523
246.77448110428523
246.77448110428523
246.77707155037194
246.77707155037194
246.77707155037194
246.77704470651236
246.77704470651236
246.77704470651236
246.80152196911502
246.8015309821223
246.80094513197395
246.80097879210763
246.80097879210763
246.80097879210763
246.80097879210763
246.80097879210763
246.8127591783402
246.81278075968137
246.81230600980047
246.81323801799078
246.81323801799078
246.81323801799078
246.81323801799078
246.81323801799078
246.81323801799078
246.81323801799078
246.81323801799078
246.82060553065443
246.82063701570056
246.82423157655577
246.8256316402496
246.82558921587963
246.83049417698638
246.8335366072949
246.83334305184195
246.8335393393948
246.83398912330227
246.83398912330227
246.83398912330227
246.83398912330227
246.83398912330227
246.83398912330227
246.83398912330227
246.83398912330227
246.83398912330227
246.8335366072949
