with mode=1, handoff cost coefficient = 1.0
175.06487558035948
175.2140944518973
175.29272627151312
175.39434464376063
175.48241945979893
175.53832591242522
175.7234846581175
175.8342859325394
175.94380447590862
176.00421120765606
176.06298436725817
176.08375493040768
176.1852060910534
176.26195503935878
176.33850392362422
176.48852581050184
176.56290708382235
176.6412824304788
176.70812817251166
176.76352280639213
176.9215415850839
177.04347616183895
177.13595012629233
177.23133565015755
177.26114095852245
177.47028397148608
177.54118763618
177.66906713982
177.71189019738077
177.91382193567352
178.06882982581513
178.12625937001076
178.2855417371416
178.33661016057272
178.4267109115515
178.52014302339217
178.65447690777017
178.75410533965277
178.8601038393829
178.92072578901949
179.0745676330037
179.1194651693526
179.1889012207585
179.3127158368527
179.40021439299582
179.5118978348407
179.5978609688385
179.67986420603285
179.78363360984264
179.8455089484378
179.8803238653462
179.9605500548721
180.05469919775845
180.08264233644357
180.19488550423782
180.25040569059576
180.32969450119822
180.4065666881458
180.48723283037486
180.50816709781975
180.59906898885856
180.6402033270077
180.74629621135924
180.7701875339006
180.80701510429068
180.8972899871224
180.95295565813646
180.99035551875045
181.0123581541239
181.1258473014995
181.16553365130042
181.23299311110426
181.3140085189236
181.39510006476402
181.43423885553923
181.46760814494388
181.5828395579394
181.73401005890804
181.79453503367665
181.94757733575088
182.09702042632097
182.19016778374586
182.22636897784466
182.25427678902813
182.42372510638216
182.43764612799282
182.48478155706675
182.5169068244068
182.59039391913348
182.74146632332622
182.78853367137916
182.9383692783991
183.07042688889277
183.07449289901618
183.16656299116784
183.24668974368592
183.31847264002403
183.3621445748174
183.42890674059333
183.44543629376494
183.50160449267264
183.55379691408228
183.64479394586334
183.72758854330047
183.76436294001707
183.83229917376366
183.91344028817727
183.98326788545535
184.08457723132534
184.11563385294227
184.2131268154468
184.23432087785523
184.30516448237282
184.35328831337355
184.4606047497269
184.49037666795206
184.52550426391198
184.53566843029787
184.5753963556439
184.63794129781272
184.7478647769551
184.8048848420753
184.89439071301152
184.97014268563416
185.05784908360894
185.15943823850836
185.28090483824246
185.43234699804466
185.48158623618792
185.54643665335004
185.57288576139695
185.68737195209903
185.7077511407988
185.84266172859648
185.89223362584954
186.03165161572645
186.07417365938272
186.07548512006517
186.15914227188253
186.26784819753996
186.3021808360049
186.37244390135285
186.38495865714873
186.46178569688533
186.5058781708021
186.51140967381355
186.62318417460378
186.70546987584171
186.74322393725484
186.8231959328684
186.91890340183974
186.97591904492216
187.0384010174327
187.08855360386224
187.15007030066005
187.1948052666078
187.33572962196683
187.39564098307156
187.49414355808182
187.5232924335557
187.55386329530603
187.60519260783428
187.67902967711836
187.75812037191207
187.83096173283917
187.86481069965862
187.8890918497939
187.9351776138763
187.99286416817077
188.0388460919586
188.10416265439153
188.16299587167808
188.18156979100232
188.288270048855
188.31882018786874
188.34363781877127
188.3460217440245
188.345436295945
188.4120593392081
188.50178012977267
188.51967480437577
188.54372222079624
188.60356597335291
188.66366296044848
188.70378767237784
188.71999703352364
188.75422714353547
188.77393322525162
188.7800967988439
188.8336156569789
188.86943565508798
188.89417000407684
188.8946380588239
188.91180226862357
189.00876895991246
189.06370092633244
189.14555110455157
189.21317154603204
189.22518087098499
189.32209481474862
189.33731537987615
189.3543263183019
189.39988463220374
189.43989141940764
189.4727793640897
189.53681044577885
189.54049182874465
189.60692316053834
189.61492393829846
189.67085541086425
189.6986201135029
189.73474568842425
189.78627707986922
189.8282733089171
189.88733177209218
189.953601462073
189.97291291475065
189.999713105493
190.05375436917075
190.06914006894593
190.0976710682332
190.11057484674055
190.1735401091019
190.17630604489912
190.21548377047006
190.31372782710042
190.35205922753954
190.4127164091711
190.42890345911727
190.43139420058318
190.52302214319747
190.60798246330495
190.63307808889144
190.634735570894
190.6452120811486
190.67339710853844
190.69033093608687
190.69298978436913
190.7175284336546
190.80038058003464
190.81719484786885
190.8958035146876
190.94731427624168
190.98108263714914
191.06576789364937
191.10082394548286
191.14899241126582
191.1887635519007
191.18699178370852
191.1996336687342
191.2485611068746
191.2535767262643
191.31545268881925
191.31728125691268
191.36967525858634
191.39664643291658
191.429768019682
191.47569062095528
191.4817581732863
191.52793766252293
191.57056012922806
191.6305061959133
191.7040943462181
191.70612802191553
191.75340064741874
191.83725957130991
191.8759202438625
191.8926214732149
191.96158025597356
191.99727802517575
192.04102441533882
192.11105072300694
192.1191807158296
192.16265661758703
192.20209752359875
192.25234672854913
192.27971935303026
192.29119305951045
192.3246584901154
192.34094638161588
192.37163322920307
192.42792867489803
192.42795428553643
192.46341456706537
192.4736766724392
192.47730858840734
192.52539732521802
192.54182635590064
192.54125673245352
192.56831829203466
192.6439457965381
192.69231012557282
192.74952613794144
192.7519491892277
192.76993445541942
192.78055618189202
192.80221417556598
192.88917476731498
192.9184512814195
192.97035261766138
193.02300860688513
193.07513425205406
193.08558856476486
193.0856099466585
193.09642371550524
193.2052446501524
193.2784357311426
193.28599864179867
193.29656142000934
193.3622184635977
193.38517003921365
193.4134728905112
193.4560876643366
193.49021195734124
193.51846964613478
193.5536829122903
193.55411474005768
193.58941368295723
193.65271118815232
193.66315012932
193.67769706811376
193.7002605319149
193.7204487155981
193.79491078466415
193.7990050919283
193.81237335321612
193.8182899096712
193.83318420387084
193.8870814856045
193.90522990938848
193.95433358773795
193.95579535255177
194.00247559707446
194.03073767615797
194.07951866224317
194.084308555736
194.09000290903225
194.08932082227804
194.147110535072
194.18440845048386
194.23594877817484
194.24282671516306
194.255009730352
194.26326022428213
194.3364342236102
194.3355473810032
194.34072629316796
194.39651431702518
194.42503806804817
194.43137636254937
194.43637555005677
194.463419045146
194.53148190598216
194.5608799795139
194.61605857272124
194.6672922747158
194.71534530844855
194.76631779598046
194.8195992609869
194.89334914888065
194.9167376354043
194.92587417245818
194.9584559585608
194.9651965778094
195.01016608297996
195.02869556601655
195.08606580004727
195.17025104001436
195.1809628784685
195.1988011483833
195.2391918666409
195.29270838252413
195.34636290208323
195.36900220159293
195.3845371233965
195.4009711694521
195.41483751217
195.41570739051332
195.47075404237773
195.49357889319316
195.4928529985164
195.49340600614786
195.58368546380296
195.5844913818278
195.61067061813378
195.64845006724076
195.6661474259398
195.66474743071768
195.71476791035644
195.73351611812654
195.78373776095762
195.7861857837062
195.82713505736703
195.8757232567642
195.87587138738002
195.89745881046557
195.92458287848834
195.96633263403692
196.06823642847417
196.07062538036092
196.1112178098635
196.16795238252624
196.21473256650248
196.24867110283932
196.26048216842364
196.27498470655667
196.30473395708907
196.3858802732382
196.42172569161616
196.47062366425124
196.49480166686638
196.51940521748028
196.5190659103545
196.56018803790124
196.63855192274966
196.6982552991636
196.7470541322785
196.77374862998175
196.84399829413343
196.88841493059334
196.89381881279587
196.90500852993384
196.91750853177172
196.96563250344786
197.0110932211996
197.04825214558232
197.05789820552215
197.05729053430727
197.07032959972364
197.14168771262135
197.1623892398177
197.175857894405
197.1948427691651
197.19570072979434
197.21703899332329
197.28758134812642
197.305812819438
197.34978443250668
197.37088940399667
197.4216940023773
197.4549926414997
197.46425846193125
197.4983381404432
197.4985397918545
197.54365604355024
197.54627814138587
197.60167507075215
197.66755753573216
197.69939261593672
197.71220759902224
197.81922584060558
197.85664336579734
197.87899116174194
197.88519945797788
197.96806092395192
198.00777169756046
198.03130406237227
198.09221387211755
198.1372958616658
198.19106194067456
198.25820404651674
198.2746546964978
198.31459270463964
198.37983673466394
198.41795296407122
198.42383631364254
198.44607084655078
198.480901324985
198.48016097549788
198.47600211091748
198.49951456402897
198.52054857266066
198.53379643440846
198.58202076502639
198.60254751732197
198.67475076585643
198.68033216355948
198.72052087347757
198.7505403330789
198.7602630880458
198.78649828978968
198.86473718525014
198.86598141472194
198.86567186783998
198.88787984208466
198.92770130057468
198.95645062148105
198.95650259917423
198.95499017863187
198.99394773027757
199.0237338904671
199.09875813007696
199.0996380958073
199.13936718189376
199.18205341003235
199.20763411656154
199.2528667283916
199.2577357624958
199.28918656017242
199.34450010084043
199.38154512311874
