with mode=0, handoff cost coefficient = 1.0
175.06487558035948
175.06910676036392
175.06792606807244
175.07078675463163
175.51348259968523
175.51346576326006
175.51166060431132
175.56036840687568
175.5575410031493
175.6052149720042
175.60521560730763
175.64580501270154
175.88487234697757
175.88577233886312
175.87227530167664
175.90130796868073
176.25587405439038
176.3198293297871
176.42520306762006
176.4344749803398
176.43516994629445
176.43528706532538
176.4740512345947
176.47337386685265
176.51168760168275
176.65042363303866
176.65377739145336
177.0007449808759
177.0007449808759
177.02836107914425
177.03379581628562
177.01962655076875
177.00514205354324
177.00637905534796
177.01802814629008
177.05414622480936
177.062128178067
177.05922023482503
177.0628750055674
177.05844457638864
177.04739581058465
177.04735406191486
177.0440985980077
177.0628750055674
177.0709763822427
177.07257335500933
177.07267114139415
177.07169057853127
177.07630342869203
177.25781536007756
177.28155774615712
177.3892823829914
177.499724401855
177.49995127432368
177.68809555023552
177.71199230638
177.71826146551365
177.71945557041602
177.82661954237233
177.88180662326258
177.97390307856494
177.9754035084725
178.1587597274061
178.17852489758457
178.18514147718517
178.19267957729053
178.28772877297806
178.2877270567187
178.430746241312
178.46865242294882
178.48321283924275
178.48922847124632
178.51496357123682
178.59535293276537
178.60170903604705
178.6108622774247
178.74454184412483
178.82371819684928
178.82378245755308
178.95600605465808
178.96714421397337
179.1632608594083
179.16936060450593
179.27861494825873
179.41867216205762
179.42002501612313
179.43306283286077
179.43498710713638
179.44164261112996
179.45294510345454
179.47008956954113
179.5062066949256
179.62080683828037
179.78061263227917
179.81041344547313
179.81850836816653
179.85731458124442
179.8573104348981
179.87911112638753
179.87914686240177
179.9856608819275
179.98624987956813
179.9862578386615
180.00002769051233
180.17214038461546
180.23819856227934
180.23861935971976
180.23983656872358
180.25492862176435
180.45230563806768
180.64691489808763
180.71091794380538
180.73630183915338
180.7412576183321
180.74160168324715
180.90948867306983
180.92272699973694
180.96214140634999
180.9740942044845
180.98208194213416
180.98380244357554
180.98379631084183
180.99642289183566
181.07411339029787
181.19014785891198
181.1948493442664
181.20711845200796
181.218258391982
181.29174865772313
181.2917337961754
181.313188100928
181.3408415957536
181.36039451809432
181.36039886395992
181.36040295177565
181.39102999020554
181.51025600945633
181.7011244607977
181.71067080821524
181.70345172161217
181.74746868794148
181.75438798221415
181.76690672536893
181.8339992151126
181.85518106925065
181.97978374364232
182.05728786298113
182.0645778206166
182.10426620686496
182.24073758017215
182.24310876514656
182.31361300426636
182.39733712714283
182.56220764072933
182.56217202429457
182.58101179784043
182.58101179784043
182.68103830387005
182.78406826508763
182.79517265115294
182.82794584548816
182.8372986391647
182.83726557631823
182.83726557631823
182.86456525977567
182.8971948822273
183.0601262138325
183.0620744552293
183.0620744552293
183.06952285598905
183.12424970426832
183.1416509557899
183.14918508871915
183.18865888270835
183.21826759771025
183.2204751695465
183.24635238349782
183.24853738698687
183.33227523642452
183.37321786940532
183.51933434925115
183.52081258190987
183.59932480050148
183.62696614206618
183.63411792868476
183.6356232585176
183.70930497931352
183.70929447287662
183.85302630111798
184.04632887004578
184.11817366045526
184.12033635473776
184.14411278670875
184.27210541846432
184.2717400881643
184.26578178720686
184.31214009400634
184.36475824545505
184.37643729103718
184.37644273267352
184.37644273267352
184.37551412489623
184.5202770324044
184.55165380573067
184.5725914386506
184.6165136774521
184.74894315688746
184.7523575271442
184.8276115959427
184.8454875239275
184.85486696392772
184.85486696392772
184.85487316284807
184.85487316284807
184.87420674510682
184.8848354958607
184.8848354958607
184.9814077071225
184.97591575782295
184.98436447597678
185.18034770163285
185.30455982379098
185.34725931067274
185.3472793253697
185.46942436879846
185.62418808112903
185.64586315157942
185.64586315157942
185.64650140464005
185.812526609968
185.83732345839795
185.93119976798056
185.93160425394737
185.94322402687942
185.94334881789467
186.00070724152073
186.06545672583505
186.13501462773763
186.15322090832203
186.1921800019028
186.1921800019028
186.1921831904291
186.27874188787186
186.27873971521083
186.2787407800876
186.2797657743721
186.27976642297597
186.40849712664107
186.43274378760245
186.562641435635
186.56352165611668
186.56252866147327
186.56162044580947
186.5608458816082
186.57551429978366
186.58608109640383
186.60010087021826
186.6279490510988
186.61996205533862
186.63186832214757
186.6327673058513
186.64622682891962
186.65390799477575
186.77782988049645
186.93651022088955
186.96940810877737
186.9614991982616
187.12554551861712
187.20676491543617
187.20676491543617
187.20724284352463
187.34963846606541
187.42625582661918
187.4348033979881
187.43329604765455
187.44925950725582
187.56722000998602
187.57520398734383
187.62792363345827
187.65564818779032
187.8157757490353
187.90713181354516
187.91138110182322
187.93423796764418
187.9535515803443
187.95615564048333
187.9601386756001
187.9601871279145
187.96616447963243
187.96616966821514
188.12131234376122
188.13070913848873
188.13836246716969
188.14390971007657
188.1509742192274
188.3177505797659
188.3184917131346
188.3187739214701
188.3970855341216
188.39701150355683
188.4010564055558
188.39869192503355
188.56237789968128
188.56237789968128
188.5679540991558
188.5680308259358
188.57711159987994
188.57711502864234
188.58047620712708
188.57954735972223
188.6817116581459
188.7895586117627
188.782529488684
188.8059139756538
188.808522522606
188.88044048442444
188.8815343948331
188.89373398781922
188.8951604261621
188.89515094607438
188.89775380121725
188.90275394221044
188.9967579919468
188.9967579919468
189.10581494743835
189.1031761376696
189.11677973853173
189.14967951194856
189.15173238633497
189.24744148927817
189.27845945225764
189.2842775369618
189.28419856130367
189.33160853871365
189.40014740743544
189.5176401924144
189.52135912589097
189.52135912589097
189.52136000979448
189.6121099590356
189.73327928741105
189.73775399139703
189.88240227502385
189.88259813544457
190.0198624573483
190.039106044732
190.04109836265806
190.06350229072385
190.20033466000424
190.30304127777677
190.4274888489229
190.4274888489229
190.46184987166774
190.46184987166774
190.57402723861205
190.5760373567939
190.62479965785175
190.63565378876095
190.71060076308012
190.74035821339592
190.7453418536255
190.75468226483767
190.8233487387883
190.8253795420873
190.8272195257407
190.8272195257407
190.82976930756203
190.82976612235967
190.83368258954744
190.8337964238703
190.84120288105476
190.84224743619657
190.84323387988985
190.84298991608992
190.9627882873751
190.99790162362106
190.99790162362106
190.99975094539008
191.00830985342012
191.00830985342012
191.01473792953485
191.02165713272805
191.0216565070647
191.10721442027182
191.1284012284344
191.1284012284344
191.23863773632578
191.23792247291343
191.22913812243135
191.23371223826624
191.37324012262633
191.3732592494247
191.37598367621456
191.37795405536733
191.37795526550534
191.39815063119613
191.39858622113024
191.40267737969265
191.4162220356139
191.53201553185798
191.53363704470198
191.53450875720122
191.53729596236965
191.53725431952128
191.5439853542495
191.5439853542495
191.55891567497085
191.55739968392842
191.69666693881985
191.69480962643
191.69480962643
191.69481034688476
191.8088489527509
191.8092124862377
191.81003172503807
191.95121252710072
191.9528284040671
191.9653364981444
191.95974346476376
191.95974320526898
192.02422968181628
192.16907827551003
192.16907827551003
192.2865999320063
192.28660729962877
192.2918980210968
192.38244334622385
192.3837815977061
192.38378425265716
192.38474644973695
192.52252688591346
192.53799780753744
192.622945228055
192.62858199884357
192.75748242733658
192.75748242733658
192.7563133348704
192.8236159518644
192.8236159518644
192.8310998549899
192.84961844020245
192.88311486867977
192.88311486867977
192.9129607245757
192.91971967482417
192.92727644208682
192.92139553701995
192.93222424159762
192.96411199614053
192.97050613025974
192.9705050635321
193.07710236689687
193.07975856228208
193.08051548538018
193.0808098880597
193.0846959867733
193.23044827475812
193.2607355663933
193.42868403860356
193.42869272449133
193.48936139753732
193.56575902575665
193.56500500487292
193.6365646436011
193.6994588083169
193.69920736220618
193.69803134277512
193.8111622260987
193.8111622260987
193.8111622260987
193.81117501336894
193.81117501336894
193.81117501336894
193.81959191795693
193.81234027762736
193.81234027762736
193.80270045886164
193.8028923605522
193.81959191795693
193.82508562289138
193.86959272707654
193.86959356272232
193.91277959359786
193.91277959359786
193.91277959359786
193.92322842440078
193.9233136872966
193.92314074867724
193.92314074867724
193.92302294839257
193.92357929466934
193.92357591846326
193.971773283792
193.97566998145305
194.00693561553672
194.0079255143801
194.0152764985794
194.01484912103902
194.01348644630164
194.0119939529828
194.0152764985794
