with mode=3, handoff cost coefficient = 1.0
175.06487558035948
175.720577470692
175.8456552036516
176.15076848068517
176.5883912625745
176.7568363929494
177.1858657909978
177.2111556386654
177.52072078013282
177.9571466313054
177.95692619197678
178.40080009862405
178.4241879740827
178.42424107598876
178.76796403829
178.7679508823983
179.3689303182711
179.39294708419817
179.39294708419817
179.4889995150513
179.968806075236
180.13904695363064
180.39932994429594
180.39932994429594
180.44235424031595
180.47715137195095
180.49760133060428
180.5218276380609
180.521729556339
180.91483038431412
181.31983969001953
181.32003783979633
181.31997979463154
181.32099910641364
181.32099910641364
182.09349806112903
182.09321116582947
182.38420266667848
182.51398017592155
182.98984866645105
183.03156599544138
183.06616953850636
183.18616437025418
183.23541251725842
183.34644460677117
183.35949951157014
183.36186598490497
183.6051446751826
183.60399442454695
183.5858867062257
183.58577232140613
184.32026726370995
184.3274246859623
184.40692158216746
184.40695445511415
184.40695445511415
184.40679133127045
185.092428390001
185.09843989796806
185.0808439342391
185.62976824195857
185.62976824195857
185.66603465846433
185.66604507618692
186.49111439002323
186.73821986902723
186.85984422402254
186.85967310058453
186.91156018376648
187.24141913541746
187.31379077564105
187.7562447486993
188.10237129228116
188.1033459335675
188.26389717026788
189.00541214573937
189.2765334573551
189.27637846510842
189.75253095478763
190.4373248119813
190.95780586051325
190.98093215218555
190.9823619698523
191.15917872869002
191.15915394243916
191.22898815029964
191.25939186380157
191.550576683357
191.550576683357
191.73494661083348
191.83160056917683
191.99468566568814
192.00440923139055
192.22626240236212
192.28322610458807
192.28320866726295
192.40913988496996
192.45116773978054
192.45152743320946
192.45062441345587
192.80454877900092
192.8294637753109
192.83269969743952
192.85907429907425
193.03511852469637
193.10407489324692
193.09552856055487
193.10111479451038
193.20374084716173
193.20033630592485
193.24025887829225
193.2516608697519
193.29654350728498
193.34158405878895
193.34153581449374
193.38899251783982
193.39482751360626
193.46483123933177
193.99462342690884
194.45977246681244
194.4618549509859
194.5055098835467
194.56297669428176
194.61829168506432
194.68315076500767
194.70670652529373
194.7066735563127
194.74457883006582
194.76340486866735
194.9061054864953
194.93629194959342
194.9363451275645
194.93863869904547
194.93843549303105
194.98582533546295
195.10019522700162
195.1306123244315
195.1306123244315
195.1359457572195
195.15912794065852
195.4785546882967
195.495344730553
195.48933361175864
195.49945393113376
195.50181259943517
195.5192535493843
195.5236120414616
195.5185616496812
195.52110500831887
195.63243811499814
195.63086847751998
195.6308166067883
195.64715619993413
195.90070787775215
195.91584565468924
195.96108963433278
195.9597859161876
196.01923654231973
196.01557967519886
196.01569079691643
196.0236787607996
196.02713025338363
196.0271174495183
196.02851844863108
196.0281191246212
196.04173651762872
196.0415939359068
196.04738722314147
196.33717995614234
196.3373299826752
196.3373299826752
196.33756774270114
196.37470532862133
196.6675136996532
196.6675960539959
196.66769054081223
196.66769054081223
196.66769054081223
196.80572385106
196.8072301654785
196.80031576021608
196.80670140683537
196.83099026630254
196.8316472041903
196.8634172435437
196.86388379060887
196.86360607847794
196.9229225703598
196.9235347673733
196.92307156920447
196.9724969799296
196.97249914852824
196.9728671657703
196.97794847706908
196.97803472882902
196.97663898203487
196.97663898203487
196.97663898203487
196.97663898203487
196.9824007038161
196.98279883409066
196.98279883409066
196.98454198710638
197.04705226217254
197.16646560759563
197.16641878736652
197.1663954703519
197.17139340139943
197.17130848922605
197.1717940964325
197.17621882048059
197.20502902210674
197.23305925133525
197.23303106358838
197.23347743352426
197.23347743352426
197.2368605119102
197.23684664464585
197.2403665995999
197.2410582687458
197.24108505515028
197.24113795359287
197.26921812356915
197.27210350111943
197.2721999208214
197.30668852140917
197.30721217479294
197.30753714557758
197.3026795499017
197.3026795499017
197.30470942029234
197.30470942029234
197.3108128248161
197.31110810282473
197.32992602081458
197.32922144813517
197.3571640390847
197.37918630815216
197.3757849238827
197.37946933888037
197.40135073197246
197.40126462941618
197.55003024344006
197.54747306732412
197.58200007273558
197.58486210940777
197.5848721267046
197.58493631976654
197.6176111143223
197.62326747676593
197.62480808694718
197.6250205642535
197.62504911416096
197.62546055225187
197.62546055225187
197.62546055225187
197.62546055225187
197.62546055225187
197.62546055225187
197.62546055225187
197.65506612099742
197.6551940482883
197.65561615790938
197.65466157748264
197.65466157748264
197.65466157748264
197.65965624324136
197.65957006885716
197.6594514641581
197.6599223438699
197.6752204894972
197.67835389886739
197.6783917910218
197.69051662843316
197.6915157219015
197.71762138462182
197.7177303609193
197.74304901236718
197.75701905837946
197.86137614166933
197.8615949406081
197.94160258957425
197.94158061798942
197.94300199495288
197.9429926779635
197.9429926779635
197.9429926779635
197.99611400929274
197.99606689380101
197.99603217178299
197.9995863726425
198.0021441305122
198.00525360566638
198.0322295608174
198.02847922954854
198.0272124361316
198.03733727175674
198.0709270637431
198.07035599711838
198.07680744463107
198.07690009917525
198.07706520529973
198.07725916343816
198.07725916343816
198.09789097240596
198.09649701323022
198.09659296247008
198.11702888248035
198.12033830917667
198.11873810164886
198.132247666263
198.13304873829003
198.1369995649826
198.13927127753814
198.15169358233365
198.15245801877296
198.1520793330655
198.15193398536684
198.15193398536684
198.15193398536684
198.15193398536684
198.15894313269527
198.15974101844947
198.16398345219886
198.16289531354337
198.162865108526
198.162878507955
198.162878507955
198.162878507955
198.162878507955
198.162878507955
198.162878507955
198.162878507955
198.162878507955
198.162878507955
198.162878507955
198.162878507955
198.162878507955
198.1655948694801
198.1655948694801
198.17156804850944
198.18959918172115
198.19065876742636
198.19050068271693
198.1922934144787
198.19974991485887
198.19595664046852
198.1958966208525
198.19603993397087
198.19603993397087
198.19603993397087
198.2045081149012
198.20351419610955
198.20351419610955
198.20360398508637
198.29939628620957
198.29939628620957
198.30082526758747
198.30029001217787
198.30029001217787
198.3018113950281
198.3018113950281
198.3018113950281
198.30275424768467
198.30275424768467
198.3034623789584
198.3034893283002
198.3034893283002
198.3034893283002
198.3034893283002
198.3034893283002
198.3034893283002
198.3034893283002
198.3034893283002
198.3034893283002
198.3034893283002
198.3034893283002
198.3034893283002
198.3034893283002
198.3034893283002
198.3034893283002
198.3034893283002
198.3034893283002
198.3034893283002
198.304226948056
198.304226948056
198.304226948056
198.304226948056
198.30656059403918
198.30649890317875
198.31127078678668
198.31202498773183
198.32361366312793
198.3347615335732
198.33479397523317
198.3348369878456
198.334926043467
198.334926043467
198.334926043467
198.334926043467
198.334926043467
198.334926043467
198.334926043467
198.334926043467
198.334926043467
198.334926043467
198.334926043467
198.334926043467
198.33914444348983
198.33838581437007
198.33963867182513
198.34123353134692
198.3411822089145
198.34172841787083
198.34172841787083
198.34172841787083
198.34172841787083
198.34172841787083
198.34172841787083
198.34172841787083
198.34172841787083
198.34172841787083
198.34172841787083
198.34172841787083
198.34172841787083
198.34172841787083
198.34172841787083
198.34172841787083
198.34172841787083
198.34172841787083
198.34172841787083
198.34172841787083
198.34172841787083
198.34172841787083
198.34172841787083
198.34172841787083
198.34172841787083
198.34172841787083
198.34172841787083
198.34172841787083
198.34172841787083
198.34172841787083
198.34172841787083
198.34172841787083
198.34172841787083
198.34172841787083
198.34172841787083
198.34172841787083
198.34172841787083
198.34172841787083
198.34172841787083
198.34172841787083
198.34172841787083
198.35422913698196
198.35867294759797
198.35894797941015
198.35869622375904
198.35858340710845
198.35858340710845
198.35858340710845
198.35858340710845
198.35858340710845
198.35858340710845
198.35858340710845
198.35858340710845
198.35858340710845
198.35858340710845
198.35858340710845
198.3680435683591
198.3680417950241
198.36794585693787
198.36750701699174
198.36750701699174
198.36750701699174
198.36750701699174
198.36750701699174
198.37169533316273
198.37184393661045
198.37190990695444
198.37190990695444
198.37190990695444
198.37190990695444
198.37190990695444
198.37190990695444
198.37190990695444
198.37190990695444
198.37190990695444
198.3849422008689
198.38801768868854
198.38833618343511
198.3870771862328
198.3870771862328
198.3870771862328
198.3870771862328
198.3870771862328
198.3870771862328
198.3870771862328
198.3870771862328
198.3870771862328
198.3870771862328
198.3870771862328
198.38801768868854
