with mode=0, handoff cost coefficient = 1.0
183.69798406671194
184.02944257743675
184.11627706137904
184.19805349347192
184.2826021955289
184.36374605638542
184.36272883114202
184.50498132028557
184.51149343578913
184.51281708396795
184.4986681235047
184.4969771619903
184.68113353240403
184.69101130154667
184.79165562968907
184.79877683694284
184.79877683694284
184.84218277845943
185.19775182433017
185.19774133157472
185.23573859239664
185.29093242608727
185.33623893516346
185.40783051886712
185.45203695549944
185.5298653021313
186.00262246288807
186.00257489376102
186.20630130302447
186.27908185995364
186.57493771885333
186.82407593718344
186.8359090428348
186.96116628155883
186.9878648910242
186.97303151228968
187.30222630432797
187.3207732323708
187.36253910409926
187.36975752826947
187.36794016231568
187.37012662403123
187.37852519912894
187.40580700820067
187.38231702111756
187.86798156566502
187.87324514324942
188.54651405806462
188.6082641801901
188.6976660350368
188.70138494302714
188.71781559695106
188.74307494270013
188.74546027343408
188.74536317005675
188.74799606610014
188.88766944278794
188.93139488285303
189.19074925025913
189.18230772678086
189.20015275961654
189.21078611470298
189.35262129370145
189.36538981804134
189.45585045898184
189.6062070874983
190.16325138436335
190.2083627134231
190.19856608681047
190.21872124028596
190.9309376698701
190.97932085509336
190.97932085509336
190.96000510452438
191.15155878176103
191.1973749989133
191.22504622579063
191.23340600865183
191.23651732245148
191.2431366926597
191.3041013398458
191.32457926065325
191.36205923502067
191.59232061732953
191.59236991519387
191.62986286687473
191.6471105201093
191.6618793184376
191.6609653610892
191.72372149543858
191.71138130162103
191.73925801798478
191.96751588904758
192.41069465022267
192.41077699621738
192.4944091054063
192.51561451950906
192.53057795365993
192.59424262687602
192.6068162806866
192.65135582577264
193.35122884836179
193.3534893815015
193.38842995575496
193.40494656328684
193.45066732553403
194.04423248993783
194.04605076073187
194.51450751738122
194.5746081485302
194.55462074996925
194.57014250268
194.55280271128626
194.6208042199822
194.73385416533787
195.2673090329363
195.3230449581601
195.34417250586225
195.32249630099753
195.4211929185202
195.461690379234
195.47248016764786
195.47407236713713
195.4662963871646
195.46255080689602
195.5859109447506
195.64411085683113
195.64420492070022
195.6449320887498
195.6973673735296
195.69958455633585
195.69958455633585
195.69314380348257
195.7229644050168
195.7212582353171
195.8312487126338
195.8345247122386
195.8345247122386
195.85735002892324
195.85998442899586
195.8746472582841
195.94977455780952
195.94975626294703
196.07465058500904
196.41952996029025
196.59514465884897
197.08161473890047
197.08161473890047
197.43904339365278
197.44747854156657
197.4395141075529
197.43367908803663
197.43318049515003
197.37555853468737
197.44747854156657
197.45236103074882
197.46392891387438
197.47154472076892
197.4874036417813
197.49883433482546
197.54061709129485
197.54385653042021
197.54385653042021
197.80591136581276
197.80591136581276
197.80591136581276
197.80577706706302
197.81059655949028
197.8114561676297
197.81146644567932
197.8180717394674
197.84158246836725
197.8440101477275
197.85256876618197
197.90265529762678
197.90119625334518
197.91642548208455
197.92917181531033
197.94269370429785
198.04302325324014
198.07916756484542
198.08115926898023
198.0834155936077
198.08530118481607
198.08850730549935
198.08850730549935
198.09695651921228
198.28689270064953
198.46887734447947
198.4688204302189
198.52230287854593
198.56683696114095
198.65084341875905
198.65601449331646
198.65405124833026
198.65812840247514
198.6691732774528
198.6747846357279
198.70556931119646
198.70562738379755
198.70623959496797
198.706265327212
198.95452115204074
199.0005792937714
199.02777592593046
199.061644778832
199.06287652366842
199.06289074955885
199.06291360255975
199.06276562899183
199.06276562899183
199.0764334532508
199.32965641515497
199.33127035727003
199.37038083420114
199.55632758853508
199.54319492254973
199.54799322699384
199.5495199756426
199.55149166054318
199.55632758853508
199.5625783751466
199.56358019766094
199.6144879813035
199.62139614275765
199.62278366343196
199.63972363979218
199.78851630121824
199.7901602365722
199.7901602365722
199.78898899994056
199.87366244838273
199.88256207158906
199.88557012475513
199.9334642641704
199.93760358690255
199.93873711506725
199.9395317504219
199.9638481727906
199.9724632093971
199.97284336370285
199.99008765661026
199.99010616283906
199.99102531877546
199.9940234139971
199.99589745111862
199.99447282457274
200.04272046692236
200.04272046692236
200.04364934626605
200.04364934626605
200.0474087174542
200.0475774539543
200.05062468337186
200.0731358900693
200.07042965683735
200.07357467432777
200.0887389747682
200.08874467201562
200.0890841164658
200.0898329872986
200.0968766375162
200.2583940061419
200.306358192335
200.3103420779212
200.3103420779212
200.3103420779212
200.31321804316573
200.3120162095092
200.31803431880397
200.31803431880397
200.31681868807968
200.3173926794519
200.3173926794519
200.32034267112988
200.3251775499816
200.32724777548506
200.42624863061195
200.4262551648347
200.4357623182385
200.48280264500332
200.48280264500332
200.48481694132025
200.50051279212863
200.50146272198828
200.50479088791835
200.51399920542477
200.51417896116814
200.54523738408076
200.54523738408076
200.55295909779124
200.60029824223693
200.59979201980607
200.6087531657812
200.6104323605595
200.62737743262548
200.62737233068097
200.62963572376367
200.63440521880432
200.63634870279054
200.63921208587269
200.66190972564016
200.74057722786856
200.74301673468457
200.75162306445577
200.75188176408346
200.75188176408346
200.7520381413581
200.7520381413581
200.75413348753395
200.7542487114651
200.75704592808694
200.75703397524245
200.7576933154808
200.76721345621667
200.77695966282153
200.7769730235725
200.7769730235725
200.77973671381318
200.85667704282415
200.86311467158845
200.88268417056264
200.88502129523667
200.95017464238558
200.95157235414644
201.0295836216783
201.02911316223955
201.03317913616917
201.0336647641507
201.04180199163443
201.0437424753606
201.04407903877345
201.0499901818002
201.0546571313186
201.11159568297325
201.1636160222531
201.17021162210855
201.17021008600497
201.2147242251318
201.2147242251318
201.30846660823352
201.30969287911432
201.31954500363722
201.35791876653718
201.35970901272017
201.36150221293914
201.3615034765302
201.36170174291803
201.36170174291803
201.4397214025976
201.44086133674253
201.44414573825176
201.4558601156582
201.50521951083255
201.50447569785348
201.5121773840712
201.512622061512
201.512622061512
201.5137172600193
201.51315734976706
201.5729137845582
201.572923369098
201.59671474346518
201.600597327014
201.66109925943206
201.66109925943206
201.66149135127517
201.66114200903016
201.66309429174015
201.66339403782231
201.66611727540817
201.66912198603367
201.78882059856574
201.79330612323528
201.79434801986764
201.7955741742595
201.7955741742595
201.855611275252
201.86410917615524
201.86825500008246
202.02526852615196
202.02574755670804
202.02580618589707
202.02580347332267
202.03209945611536
202.0802235203362
202.08914546058804
202.0890442341396
202.09078046597577
202.09017000472483
202.08911015445048
202.08911172362946
202.08911172362946
202.09078046597577
202.09077469485936
202.09077469485936
202.0950719758588
202.09581484564308
202.09584039426855
202.09574095245364
202.0962311217725
202.11485529868747
202.11469520887098
202.114936067687
202.11506647940257
202.11509595832402
202.11628837069804
202.11790121543456
202.1189535125019
202.1648248223687
202.16486092987807
202.16486092987807
202.23976419140615
202.23976499015941
202.23968815665302
202.24378130847654
202.24384810081466
202.24409458719282
202.24562318440928
202.24562219855608
202.24596394436938
202.31500658632658
202.34033591171405
202.39532376720396
202.39577006463864
202.39577006463864
202.4317256605018
202.43947052731775
202.44081530713854
202.4410037688638
202.4410076510138
202.4410076510138
202.44094056095415
202.44115929496988
202.44601134909018
202.44601134909018
202.44729538120777
202.44845350775552
202.45226553648155
202.4530650467844
202.45316087045603
202.45316087045603
202.4574369966797
202.45742974910127
202.46931969487707
202.49060697275314
202.49068816175776
202.49068816175776
202.49068816175776
202.4950800065397
202.4962844189104
202.4962844189104
202.4963574053267
202.50682710504324
202.51567033408526
202.5156723344112
202.51558670123526
202.51582912492407
202.520141224912
202.52000290754486
202.52000290754486
202.5310797324457
202.53109275631695
202.53104412497206
202.533552822209
202.53369084812044
202.53549171930683
202.59339037117707
202.59445660694797
202.59460659607618
202.60387427049264
202.60576185772587
202.60578097107847
202.60848448400802
202.61235276559947
202.61235276559947
202.61603730871386
202.6250454301562
202.62773156164167
202.66612538713926
202.666291351156
202.6707447285912
202.67074765710922
202.67099146387974
202.70435354349067
202.76209577888585
202.76221939111025
202.77206836692557
202.77206836692557
202.77290160677893
202.77352483602192
202.77357698817278
202.77381803657357
202.7739380644029
202.7778880078681
202.79749026616497
202.85781013990956
202.8586898730511
202.8589312879045
202.85972811498223
202.86193622889795
