with mode=3, handoff cost coefficient = 1.0
183.69798406671194
184.29958503924172
184.4005375148237
184.7107725358322
184.7098296543462
185.08732784372089
185.14804929501938
185.4574119266171
185.78917560762892
185.87821210542046
186.09186326092689
186.35455957368947
186.81342346165894
186.97542282090097
187.21679447409733
187.32922082934064
187.61054542678332
187.66901581514264
187.97899809803573
188.0136700402703
188.01349060172012
188.06427733605466
188.18559393708264
188.18394841459278
189.62433025694725
189.63393542962288
190.24774013179265
190.24839920644644
190.44834692549563
190.52791349701337
190.73414866811896
190.7946018368655
190.81295591768193
190.80546137286083
190.82840344972524
190.83426514368475
191.27932201204797
191.29689794911724
191.34324024003743
191.79808237679282
191.9012273023914
191.90088722280592
191.9411923995203
192.7008397313371
192.75459051334013
192.78436679468567
193.15237873893346
193.2662379525062
193.26991387234017
193.35751251383024
193.35737349579185
193.3506505257429
193.30188433705254
193.32533486152857
193.4009553307959
193.40203741365082
193.40384708299936
193.68181299815967
193.69450329853143
193.7043179580209
193.72421827894158
193.72421180246587
193.71165608169778
193.71266067616526
194.67686270132697
195.23579345122218
196.47829929254922
197.14580687905251
197.18658146202867
197.51565323991719
198.7973881383766
198.90219604269257
199.73291380034203
199.86338928705084
199.84998516113802
199.88233487796106
199.89435811504256
200.94265829935762
201.144173637221
201.30559946104822
201.396819116006
201.50196189154764
201.97190598983082
201.9643290124091
202.19178208819224
202.2015737084032
202.33810938139231
202.6652448610286
203.84322136112235
203.91520369501356
203.91526458432628
203.91050945327532
204.36808807286317
204.50254502594993
204.57527352663107
204.8310375360405
204.82278826058538
204.82213093737897
204.8635994876677
204.8635994876677
205.4661410597072
205.5377446705293
205.54001684324012
205.6573602339092
205.70274731133233
205.69187318528745
205.6918329794252
205.84673359976017
205.8872821626232
205.88765923800878
206.37502179087505
206.4192717114556
206.5588340845544
206.56230338620304
206.6161829235105
206.6119028621167
206.60862168023218
206.71583281756162
206.71916811248764
206.82797128884823
206.93259481228733
206.9857170605448
207.8308807867796
207.8302801721998
208.0321453259373
208.02695481897703
208.24404833299687
208.28138147041759
208.29386935934775
208.32215377145437
208.33254527969612
208.34192270785084
208.34823191521807
208.3522000489898
208.3414261317974
208.43422461980657
208.45373661016623
208.4630903263423
208.46970930239905
208.639971858935
208.6404976179028
208.89120546334163
208.96670482984342
208.95496353566188
208.97625706024894
208.9879018177877
208.98889315291012
209.02192752573583
209.14838323967794
209.17301061285087
209.32322829428242
209.3038641559174
209.34868064409991
209.34048880378958
209.3442132262309
209.34626897759145
209.35031459631853
209.40426261439276
209.40341567561347
209.41908565829632
209.41871643548362
209.41856174279087
209.4224828048594
209.42277268315482
209.44358737750238
209.45594303217226
209.4756390596115
209.47326816132372
209.47969231774476
209.49026720561594
209.50151393507656
209.50252349452245
209.49382790273842
209.49879917487542
209.50374341619133
209.50374341619133
209.5059483396153
209.5059483396153
209.50966329478533
209.50941196690897
209.50849534129003
209.51214024060664
209.54153250735322
209.56672925639307
209.56949822247
209.56478301189895
209.5639209670756
209.5639209670756
209.5639209670756
209.5639209670756
209.5639209670756
209.5639209670756
209.5962995531905
209.59724988381348
209.59270947678166
209.60011097519217
209.60639021173148
209.60415170159797
209.62628645287776
209.63218408372043
209.63284177138613
209.6332838486109
209.63336714668
209.63336714668
209.63336714668
209.63336714668
209.64419364428406
209.63738105606419
209.6450125105844
209.6450546027181
209.6450546027181
209.6450546027181
209.6450546027181
209.6450546027181
209.6450546027181
209.64962381813822
209.64961542161788
209.64961542161788
209.64961542161788
209.64961542161788
209.76314847170997
209.7680561633015
209.7678522443653
209.76959751587435
209.78351940137358
209.78351467829637
209.77821170876436
209.77821648355368
209.77821648355368
209.77821648355368
210.07753779577686
210.0807270242361
210.08077542110848
210.18504402949137
210.1850139677227
210.1849639409477
210.18782029304097
210.18782029304097
210.18803446628633
210.27854166504088
210.27937521672303
210.27966097382736
210.281346328769
210.2831409082772
210.2871274592077
210.28436680156616
210.28436680156616
210.28816062379195
210.2921572154479
210.30376347724598
210.30492305539562
210.3120759416175
210.31278924968794
210.31647024396355
210.31920029430816
210.31920029430816
210.31987591521866
210.31887352862432
210.31887352862432
210.31887352862432
210.31887352862432
210.32180736333177
210.32237854258645
210.3225784459515
210.32284920053635
210.32512204828345
210.33033775035102
210.32843269972025
210.34240684288088
210.9284862973699
210.93308919756188
210.93080635110533
210.92330647987592
210.92330647987592
210.92753830042244
210.92753830042244
210.93208658831608
210.94949303089444
210.93526592598596
210.93394538055333
210.93394538055333
210.9390324693893
210.95071235318784
210.95200428905477
210.95200428905477
210.95200428905477
210.95200428905477
210.95200428905477
210.95499518312354
210.96283654361218
210.96819050320008
210.96758732946017
210.97575517138822
210.97911681748775
210.98337654056547
210.98480570207744
210.9882016393594
210.9957809419532
210.99945399875995
210.995748545715
210.99142140641726
210.99142140641726
210.99465973240882
210.99465973240882
210.99483508424015
211.00050722123336
211.00163567302974
211.00355145797045
211.00519890747705
211.00519890747705
211.00579436529557
211.00579436529557
211.00579436529557
211.00579436529557
211.00579436529557
211.00579436529557
211.00579436529557
211.00982956688512
211.01165261909804
211.0092961107335
211.0092961107335
211.0092961107335
211.0092961107335
211.0092961107335
211.0092961107335
211.08371643336775
211.08383505926187
211.08562216072852
211.08271902450429
211.08271902450429
211.08271902450429
211.08271902450429
211.08561546662054
211.08561546662054
211.08628494832936
211.08628494832936
211.08628494832936
211.0891082489473
211.09552382670768
211.09506540503165
211.09506540503165
211.0993902888292
211.0995423373942
211.09952979777688
211.10023611499815
211.10023611499815
211.10023611499815
211.10962090119637
211.1096920644231
211.1057814303071
211.10650760110886
211.10650760110886
211.10650760110886
211.11052505260315
211.1104593418005
211.1104593418005
211.11532216834135
211.11541931740072
211.11538361610445
211.11294086251684
211.1169875013191
211.1191819871434
211.11962110584093
211.11949881106358
211.11948653706844
211.11948653706844
211.11948653706844
211.11948653706844
211.11948653706844
211.11948653706844
211.11948653706844
211.11948653706844
211.11948653706844
211.11948653706844
211.11948653706844
211.11948653706844
211.12412510636466
211.12318980090652
211.12358364272785
211.12358364272785
211.12358364272785
211.12358364272785
211.12606604620035
211.1279166929932
211.12880159987094
211.12743942471818
211.12743942471818
211.12743942471818
211.12743942471818
211.12743942471818
211.12743942471818
211.12743942471818
211.13331604684782
211.1359666708253
211.13530620967308
211.13805036744327
211.13805036744327
211.1384244869205
211.14134895684393
211.14141624545022
211.14134446414013
211.14173881899046
211.14173881899046
211.14173881899046
211.14173881899046
211.14173881899046
211.14173881899046
211.14173881899046
211.14173881899046
211.14173881899046
211.14173881899046
211.14173881899046
211.14173881899046
211.14776172667408
211.1493436369228
211.14941566304856
211.14979590367406
211.14979590367406
211.15195732290113
211.21180490348826
211.2126487456402
211.2119374436202
211.2136981989175
211.21426186706063
211.21426186706063
211.21444902778956
211.21444902778956
211.21444902778956
211.21444902778956
211.21444902778956
211.21444902778956
211.21444902778956
211.21624287984324
211.21624287984324
211.21699736452516
211.2180901653578
211.2180901653578
211.2190890745249
211.2190890745249
211.22044809892395
211.22116661291471
211.2229689802975
211.22304833301112
211.22291494982863
211.22291494982863
211.22291494982863
211.3015031627158
211.30171606736374
211.30174780623855
211.30174780623855
211.30174780623855
211.30174780623855
211.30174780623855
211.30174780623855
211.30174780623855
211.30174780623855
211.30174780623855
211.30174780623855
211.30174780623855
211.30174780623855
211.30174780623855
211.30174780623855
211.30174780623855
211.30174780623855
211.30174780623855
211.30174780623855
211.30174780623855
211.30174780623855
211.30174780623855
211.30174780623855
211.30174780623855
211.30174780623855
211.30174780623855
211.30174780623855
211.30174780623855
211.30174780623855
211.30174780623855
211.30174780623855
211.30174780623855
211.30174780623855
211.30174780623855
211.30174780623855
211.30174780623855
211.30174780623855
211.30174780623855
211.30174780623855
211.30174780623855
211.30383361384924
211.30383361384924
211.30383361384924
211.30584166393157
211.30584166393157
211.30631661382017
211.30631690757056
211.30631690757056
211.70029321584502
211.70096471130447
211.7026645334927
211.7045152853247
211.7036955125684
211.7035885751751
211.70737293228035
211.70737293228035
211.70737293228035
211.70630351238498
211.70630351238498
211.71011532200095
211.71381446179248
211.7128899762797
211.7129351674753
211.7129351674753
211.7129351674753
211.7129351674753
211.7129351674753
211.7129351674753
211.7129351674753
211.7129351674753
211.7129351674753
211.71381446179248
