with mode=1, handoff cost coefficient = 1.0
183.69798406671194
183.87372370808055
184.0484966875455
184.14620698035705
184.28943949318054
184.3861127854751
184.57853887797333
184.67691043455443
184.85405018714528
185.0223398231615
185.12598045177347
185.3382820669146
185.3931429825461
185.45367490861412
185.60323756782134
185.67610874289505
185.8306796978606
185.96781024584817
186.17538510186827
186.2537629337394
186.3127895927115
186.5831356416141
186.67658251448222
186.7492363412605
186.8372164517111
186.98665682038168
187.00881903177
187.03271944882007
187.12623902401833
187.279785131182
187.4211177226172
187.4814134298238
187.5793591877134
187.6462771189171
187.81934866119133
187.88770240511556
187.96049736759042
188.03599782905752
188.14335997332861
188.2489767790543
188.3520826794958
188.3952823543052
188.4815737253785
188.59182459233256
188.70562305835114
188.83968167002618
189.01948935840142
189.11577125448414
189.21992955818334
189.31135759589296
189.40271569003957
189.5443674835486
189.56397711135236
189.71993749948314
189.8186922960565
189.92640059796278
190.00893577560717
190.056459273976
190.0721687069662
190.16432590537298
190.22790263589977
190.42621296070274
190.46021593425576
190.59522257165563
190.715387722945
190.81257831610742
190.87880773340785
190.96170705828365
191.02855409518037
191.0910304795375
191.14411889342148
191.1740020621754
191.2769415860448
191.43543614794842
191.52326538375232
191.56375641586084
191.5909332446849
191.8437545218664
191.96540410769688
192.09474443641562
192.1947503311802
192.3987622556348
192.40192340258884
192.43330999681925
192.46733565450387
192.56962640380692
192.73237544988638
192.75973020452636
192.8175569612596
192.86258599652666
192.97118599757735
193.05771570233338
193.18764317295256
193.29299536082218
193.46615553197046
193.60279580460823
193.71970068202708
193.89202833970515
193.9364883424263
193.98872032681862
194.05921602052928
194.21901981834753
194.36325089484458
194.47252303696186
194.56073158710058
194.6153757884348
194.73191768619816
194.79586222716625
194.8535458354606
194.88751680999243
194.99385071166685
195.0283933114163
195.25296140618954
195.31231285525627
195.4160117563546
195.47296465993279
195.51759029182114
195.59009117881075
195.6461442957353
195.67146556057727
195.7764160498015
195.83230597169575
195.89342790661843
195.8935725643422
195.97361751039116
196.13280566499648
196.19191195105108
196.27275187043548
196.3644483889044
196.43405410559438
196.580638877758
196.59113668044844
196.65259461479954
196.71720682836877
196.73797474017812
196.85421545034555
196.90941479101377
197.00211255738148
197.13457640986542
197.21008611521808
197.34763838540042
197.4127881095917
197.46814768817532
197.47517222573126
197.49721514768615
197.53500727217002
197.59543544590844
197.74518202639973
197.7643158352796
197.8571951776752
197.88256772444095
197.91932240910944
197.92702642815522
197.979999957749
198.07073036961086
198.17145781637714
198.2130904643646
198.26215869916788
198.28524424223124
198.31185002038893
198.33206180730332
198.42358741798932
198.5757877989476
198.63966245873814
198.6504013201891
198.8249668873566
198.87511389026665
198.93578346945432
199.07549580271964
199.1733370976837
199.19955120022794
199.22820612250393
199.3450240035793
199.43521090695924
199.4954647501422
199.62242166248944
199.6686372861394
199.6898427686958
199.76773786732014
199.83499509647214
199.88137588246175
199.92754552607025
199.95027980122663
199.96537459851376
199.9814623486543
200.06554597515589
200.15577259492474
200.1672896657067
200.18588309267275
200.22273557187603
200.25184998712203
200.26983279995326
200.3082629797448
200.31525416607536
200.36932272558926
200.38713029886577
200.49241253819258
200.65801265149125
200.6726835808911
200.69619672448073
200.7048930939866
200.7201546989812
200.8226663648079
200.88417664933039
200.88475738345903
200.91490956624264
201.02102087259124
201.06700680774154
201.10378035533097
201.19539084212624
201.2112354833403
201.2807407273364
201.30159982696696
201.32558189729517
201.33762243630363
201.44126534867559
201.4857082337238
201.61332845112204
201.64602473819173
201.701870213285
201.73088190802355
201.75011968485327
201.81604214207553
201.93177112120873
202.00372654224776
202.0483155974146
202.18669382357854
202.31059985541236
202.34290440055213
202.35106148407377
202.42686087391147
202.51626626282422
202.54496322545558
202.5471104799619
202.666850949233
202.73247906516565
202.84703581954167
202.84347832302427
202.93627036372436
203.0630151141575
203.0891939053328
203.1791583403744
203.18661925018853
203.22366020481692
203.2726358738842
203.31091109404005
203.53603613364166
203.66344458094375
203.71945252009243
203.80044759884348
203.8558151631754
203.90526699707084
203.92754172338564
203.94806190441335
203.9560607819026
204.00163163036805
204.06577256756793
204.10898162870475
204.13768104606163
204.18007116184145
204.2030203851508
204.2242462044673
204.26163941650267
204.36639142555777
204.41329922325565
204.48403246914452
204.57954365190784
204.69805028382737
204.72145394564313
204.78471057206224
204.89780063160737
204.9653965323577
205.00130167169092
205.11146453403336
205.13475424467674
205.1660033681933
205.1729240056727
205.17953239700495
205.21327645367901
205.2604235477425
205.32476306123206
205.32904025407043
205.38211158543092
205.41281709390836
205.46776288483636
205.48771018827287
205.51271348435185
205.51341202759846
205.5403011480796
205.57272775431804
205.6331365378061
205.66429334356562
205.66527633603297
205.68309201020926
205.76175276630403
205.77569296507914
205.81544806648284
205.83708359521538
205.85239167525728
205.90521156436034
205.93248486548868
205.97038057422026
205.99878428814026
206.05338857551047
206.07954081227692
206.0914338040012
206.0935565318548
206.10745612880794
206.13570527654926
206.1658508047624
206.16591399028928
206.18731466867004
206.2200146274448
206.25640861029188
206.2896348742156
206.29380311760906
206.30372003195507
206.32365393527712
206.33911645170343
206.3726864085245
206.42711757446443
206.46601888962883
206.46831570867676
206.47914243220086
206.47999790293593
206.48826471170582
206.56785891719935
206.5718023223176
206.67189687137412
206.6759419848582
206.69448162171747
206.69682176927464
206.73008197701213
206.74716777473327
206.76611859350098
206.78928379131779
206.81195328422874
206.81444954377616
206.84088849118635
206.90462230060524
206.9336419174325
206.99992099692602
207.04748766137723
207.183485132739
207.1936214967686
207.24909811600597
207.25925191372005
207.28879978115896
207.31274165882186
207.4210244808379
207.4554642097489
207.55434696249358
207.59894867535442
207.66488795188505
207.66478741589012
207.6667009691467
207.67282352067082
207.77085435650577
207.804306159448
207.86414092538422
207.90267453856458
207.91310557340788
207.93550845942016
207.9437959372788
207.97482711631162
207.99742647831545
208.05860442404568
208.1002530387396
208.1481197076692
208.2376440076897
208.2764771044685
208.3610240989296
208.37756475878547
208.46532180504144
208.49000732464705
208.4902776485996
208.5050003766556
208.6581228815088
208.68897207820063
208.68856842752623
208.77919705224502
208.82277724169174
208.86244879251439
208.87723962677487
208.8757161403692
208.9085317575092
209.00775531669143
209.02779374367034
209.0637937037773
209.15847999361162
209.15140148227997
209.18679867407252
209.21159728601305
209.31898254178859
209.38492489588938
209.3988713547978
209.4622984786279
209.49315262727765
209.63212293934697
209.66409968820943
209.70489950647982
209.77512743189658
209.80175342867443
209.8763779703316
209.90394613587614
209.94142269969672
209.94176908916123
209.99033231473453
209.9946703678643
210.01513660319884
210.05404540526376
210.09854746683806
210.1245145352259
210.1416963912212
210.15411298718743
210.19815162321487
210.21219077510963
210.21355527865225
210.32227548622956
210.32705796930776
210.34874093605697
210.40762509953544
210.41892709640996
210.42100776142934
210.42825386599563
210.49724755933954
210.5678315019521
210.5671733540784
210.5996510515464
210.63525933701615
210.65024518293274
210.68007176848155
210.70112491570958
210.78088746279002
210.81560453799483
210.8520053566464
210.88075185478797
210.91444039654922
210.9429754761636
210.97806405772988
211.059652513661
211.07529918503545
211.09844607539657
211.0992627818425
211.1390207145371
211.14730433977655
211.17061981731214
211.17724371107283
211.18892940537543
211.24092500189454
211.3315269082025
211.33278587659737
211.3625387212229
211.41236576339355
211.458770849905
211.49216867303682
211.49084015072611
211.52156488912183
211.57510205562957
211.70763594058522
211.72386174530004
211.75096158639124
211.75904472725543
211.82581581264262
211.89124287278133
211.93593278593625
211.96041482578488
211.97135986171907
211.97787914414607
212.02176814874932
212.10681050505755
212.15580072200237
212.19298566870467
212.22557190458133
212.25960476762455
212.28518661033036
212.315557041514
212.34399576839937
212.3721550387074
212.37911870167196
212.51438020077114
212.5854306698595
212.59355051249412
212.6430532310214
212.68833337212388
212.71362532095287
212.7799036073206
212.83216321942558
212.88042442782427
212.94413626212452
212.94673233297198
212.98097219060915
213.16803951383713
213.21242469700286
213.21382057017624
213.24119329099625
213.24277456137858
213.3334641394611
213.34492069121836
213.3642109637854
213.39523495140807
