with mode=3, handoff cost coefficient = 1.0
133.96495937618172
134.0753525240758
134.16445792018513
134.1750728906768
134.93909383490796
135.12759159956278
135.12759159956278
135.35924782911783
136.21779993333786
136.2295294328556
136.2538851053093
136.51153823834468
136.52492210688374
136.95816120337966
136.97942928094227
137.3329821793547
137.33297287590435
137.57386044154217
137.5864713640014
137.5864713640014
137.7424727873738
138.56921618788806
138.59533238294574
138.6315548223966
138.8228179362837
138.84578146896726
139.5377769540567
139.71873522029676
139.71863062905737
139.71863062905737
139.6948377666459
139.84646947694327
139.85403247629898
139.87791530342
139.8922247688489
139.9352090070036
139.97094518090037
139.99965269377617
140.30147746169942
140.30373736660223
140.31819778653448
140.31819778653448
140.31829996179613
140.31787342222742
140.32980835520917
140.35626840580957
140.3719367905672
140.3719367905672
140.3719367905672
140.3719367905672
140.64915436225985
140.649177539483
140.6477101297325
140.647711035693
140.647711035693
140.65519300835996
140.65519300835996
140.6575347761101
140.65776294569423
140.65766581875351
140.65766581875351
140.65909017961653
140.70359045401307
140.7029579017634
140.7029579017634
140.7029579017634
140.7029579017634
140.7338799086316
140.7393547984151
140.73986353059632
140.7399600219031
140.7399600219031
140.74247161117776
140.74247161117776
140.7424111269711
140.74307123725805
140.74307123725805
140.74307123725805
140.74307123725805
140.74307123725805
140.7485433603229
140.74990593559366
140.74991080391644
140.7572472004057
140.7620610473021
140.76228637809868
140.76192220312583
140.7621479508335
140.7621479508335
140.76413116480163
140.76413116480163
140.76413116480163
140.7666502613164
140.76862427397083
140.77089462744962
140.78171356580174
140.78274181926363
140.787242664726
140.7925843270907
140.79867103315945
140.79897096145933
140.79819282115264
140.79868667702058
140.79868667702058
140.79868667702058
140.79868667702058
140.79868667702058
140.79868667702058
140.79868667702058
140.79868667702058
140.79868667702058
140.79868667702058
140.79868667702058
140.79868667702058
140.8964178633235
140.8964178633235
140.89484891780629
140.89641861674528
140.89641861674528
140.89641861674528
140.89641861674528
140.89641861674528
140.89641861674528
140.89641861674528
140.89641861674528
140.89641861674528
140.89641861674528
140.89641861674528
140.89641861674528
140.89641861674528
140.89641861674528
140.89641861674528
140.89641861674528
140.89641861674528
140.89641861674528
140.89641861674528
140.89641861674528
140.89641861674528
140.89641861674528
140.8979412803664
140.8979412803664
140.8979412803664
140.8982030744388
140.9003012279755
140.90029585235612
140.90029833862948
140.9002934736673
140.9002934736673
140.9002934736673
140.9002934736673
140.9002934736673
140.9002934736673
140.9002934736673
140.9002934736673
140.9002934736673
140.9002934736673
140.9002934736673
140.9002934736673
140.9002934736673
140.9002934736673
140.9002934736673
140.9002934736673
140.9002934736673
140.9002934736673
140.9002934736673
140.9002934736673
140.9002934736673
140.9002934736673
140.9002934736673
140.9002934736673
140.9002934736673
140.9002934736673
140.9002934736673
140.9002934736673
140.9002934736673
140.9002934736673
140.9002934736673
140.9002934736673
140.9002934736673
140.9002934736673
140.9002934736673
140.9002934736673
140.9002934736673
140.90177562635506
140.90177562635506
140.90285345302482
140.9028443614179
140.9028443614179
140.9028443614179
140.9028443614179
140.9028443614179
140.9028443614179
140.90351043012873
140.90351043012873
140.90351043012873
140.90351043012873
140.90351043012873
140.90351043012873
140.90351043012873
140.90351043012873
140.90351043012873
140.90351043012873
140.90351043012873
140.90351043012873
140.90351043012873
140.90351043012873
140.90351043012873
140.90351043012873
140.90351043012873
140.90610218254778
140.90665126797904
140.91023348181537
140.9107229932818
140.9107229932818
140.91090546700963
140.91090546700963
140.91090546700963
140.91090546700963
140.91090546700963
140.91090546700963
140.91090546700963
140.91090546700963
140.91090546700963
140.91090546700963
140.91090546700963
140.9121924690185
140.9121924690185
140.91209243700249
140.91209243700249
140.91209243700249
140.91209243700249
140.91209243700249
140.91395215128009
140.91395215128009
140.91395215128009
140.91513934798854
140.91513934798854
140.91602946703182
140.91602281224633
140.91602281224633
140.91678173499258
140.91678173499258
140.91678173499258
140.91729704509643
140.91941739650244
140.91941739650244
140.91842573737253
140.91842573737253
140.91842573737253
140.91842573737253
140.91842573737253
140.91842573737253
140.91842573737253
140.92218427902108
140.92178368696213
140.92179338440303
140.92360792042655
140.92426634345244
140.92426634345244
140.92436283850296
140.92436283850296
140.92436283850296
140.92436283850296
140.92436283850296
140.92436283850296
140.92436283850296
140.92436283850296
140.92436283850296
140.92436283850296
140.92436283850296
140.92436283850296
140.92436283850296
141.0313759012518
141.03248232628826
141.03248232628826
141.03248543146566
141.03248543146566
141.03248543146566
141.03415293743524
141.03477819466713
141.03477819466713
141.03484796520576
141.03484796520576
141.03484796520576
141.03484796520576
141.03484796520576
141.03484796520576
141.03484796520576
141.08650474144414
141.08650474144414
141.08758945915855
141.0871148063873
141.0871148063873
141.0871148063873
141.0871148063873
141.0871148063873
141.0871148063873
141.08798890662155
141.08798890662155
141.08798890662155
141.08846506730816
141.08846506730816
141.08846506730816
141.0887913020252
141.0887913020252
141.0887913020252
141.0887913020252
141.0887913020252
141.09003525595966
141.09006420357593
141.09006023372825
141.09051051458607
141.09051051458607
141.09051051458607
141.09051051458607
141.09051051458607
141.09051051458607
141.09051051458607
141.09051051458607
141.09051051458607
141.09051051458607
141.09051051458607
141.09051051458607
141.09051051458607
141.09051051458607
141.09051051458607
141.09051051458607
141.09051051458607
141.09051051458607
141.09156275891243
141.09190853683126
141.09190853683126
141.09190853683126
141.09190853683126
141.09190853683126
141.09224459192495
141.09224459192495
141.09224459192495
141.09224459192495
141.09224459192495
141.09224459192495
141.09224459192495
141.09224459192495
141.09224459192495
141.09224459192495
141.09224459192495
141.09376392981605
141.09380539417432
141.09426836055695
141.0942699595728
141.0942699595728
141.0942699595728
141.0942699595728
141.0942699595728
141.09601383750646
141.09640468167686
141.09648291078437
141.09654765858272
141.09654765858272
141.09654765858272
141.09654765858272
141.09654765858272
141.09654765858272
141.09654765858272
141.09654765858272
141.09654765858272
141.09654765858272
141.09654765858272
141.09654765858272
141.09654765858272
141.09654765858272
141.09654765858272
141.09654765858272
141.09654765858272
141.09654765858272
141.09654765858272
141.09654765858272
141.09654765858272
141.09654765858272
141.09654765858272
141.09654765858272
141.09654765858272
141.09654765858272
141.09654765858272
141.09654765858272
141.09654765858272
141.09654765858272
141.09654765858272
141.09654765858272
141.13721837264742
141.13636567881088
141.13731838820078
141.1373230499983
141.1373230499983
141.1373230499983
141.1373230499983
141.1373230499983
141.1373230499983
141.1373230499983
141.1373230499983
141.1373230499983
141.1373230499983
141.1373230499983
141.1373230499983
141.1373230499983
141.1373230499983
141.1373230499983
141.1373230499983
141.1373230499983
141.1373230499983
141.1373230499983
141.1373230499983
141.1373230499983
141.1373230499983
141.1373230499983
141.1373230499983
141.1373230499983
141.1373230499983
141.1373230499983
141.1373230499983
141.1373230499983
141.1373230499983
141.1373230499983
141.1373230499983
141.1373230499983
141.1373230499983
141.1373230499983
141.1373230499983
141.1373230499983
141.1373230499983
141.13802279415088
141.13802279415088
141.13802279415088
141.13802279415088
141.13802279415088
141.13802279415088
141.13802279415088
141.13802279415088
141.13802279415088
141.13802279415088
141.13802279415088
141.13802279415088
141.13802279415088
141.13802279415088
141.13802279415088
141.13802279415088
141.13802279415088
141.13802279415088
141.13802279415088
141.13802279415088
141.13802279415088
141.13802279415088
141.13802279415088
141.13802279415088
141.13802279415088
141.13802279415088
141.13802279415088
141.13802279415088
141.13802279415088
141.13802279415088
141.13802279415088
141.13802279415088
141.13802279415088
141.13802279415088
141.13802279415088
141.13802279415088
141.13802279415088
141.13802279415088
141.13802279415088
141.13802279415088
141.13802279415088
141.13802279415088
141.13802279415088
141.1395073872157
141.13974288575452
141.13974288575452
141.13974572388676
141.13974572388676
141.13974572388676
141.13974572388676
141.13974572388676
141.13974572388676
141.13974572388676
141.13974572388676
141.13974572388676
141.13974572388676
141.13974572388676
141.13974572388676
141.13974572388676
141.13974572388676
141.13974572388676
141.13974572388676
141.13974572388676
141.13974572388676
141.13974572388676
141.13974572388676
141.13974572388676
141.13974572388676
141.13974572388676
141.13974572388676
141.13974572388676
141.1395073872157
