with mode=1, handoff cost coefficient = 1.0
133.96495937618172
133.99754811964377
134.02656549928676
134.03908641187334
134.05890054945834
134.0837364407861
134.09885280043224
134.11713297969303
134.15585654947566
134.20648593764594
134.23236835923103
134.23998045052346
134.25950940951654
134.27500764775723
134.31952545493314
134.33712745479622
134.34786314295025
134.3815020589062
134.3901177343946
134.43257274451057
134.43840620056778
134.44788014532475
134.4598152601165
134.4707483983602
134.5132357257032
134.51626673771125
134.55755095820714
134.57591470773167
134.62157601403356
134.63632122486237
134.6403071303562
134.68045094038618
134.68689051563967
134.6880004401517
134.69518827781042
134.72442561696937
134.74240773797567
134.74117077768793
134.74681261629448
134.75599355981322
134.76566794139518
134.77409237744214
134.80565395720356
134.8276149389024
134.86505201189735
134.8739626803643
134.9272749607352
134.97064927609068
134.99085407187212
134.9922962149008
134.99780747038727
135.0383313349376
135.05078529894155
135.08434054729665
135.0898856494331
135.0923203997917
135.10069166595565
135.13202987465627
135.15027213815287
135.20882336143154
135.21565114426318
135.22395070782338
135.23144066672666
135.23304723431272
135.24510615698722
135.28421573677835
135.31141424019634
135.31506023805107
135.31740683094716
135.32876006760938
135.38297027400503
135.38448452689582
135.3981741341798
135.39859536395113
135.39949035001007
135.41521477516085
135.426639859562
135.45707412480266
135.46591534640703
135.47547638239806
135.4866691242891
135.5026937203309
135.55121951031202
135.58745359576153
135.59162774613594
135.63131815879802
135.69789297428832
135.71666177209067
135.72315794361123
135.76846414689862
135.77633822210908
135.79323923302118
135.83597862613505
135.8794732465778
135.89539157305447
135.89875180545937
135.90085422346954
135.93148040657928
135.96753286996625
135.9728897568155
135.97630376980374
135.9826045322237
135.9908172711887
136.02546234864894
136.05587568207469
136.06396713299193
136.10703262749692
136.1250901791925
136.12401401014571
136.12588437685264
136.14737324726315
136.14932502646337
136.19119616283228
136.19957795580552
136.24762327141949
136.2489101060968
136.2620303358149
136.261423845148
136.29316225092998
136.29522505631826
136.30161354647583
136.30213556043762
136.33256249071792
136.38765703230564
136.38721044786814
136.39475674304612
136.39435201375704
136.425576750923
136.42764704046206
136.44344092069645
136.453479308259
136.45203936021903
136.50387735073
136.51209729585645
136.51659669716759
136.53737453234976
136.5664265229221
136.57012237587995
136.56952473647544
136.58462834680142
136.59615038027948
136.6219703138023
136.62927105365583
136.62963309556187
136.63145831412427
136.64230964643247
136.64068932972665
136.6747121761117
136.67450615701966
136.71050267686547
136.75732103036137
136.75671505677815
136.79266183960036
136.82564734780937
136.8257038245176
136.85965054763292
136.8978027072255
136.94944032349832
137.01053645630344
137.0212051917551
137.02939551691514
137.05878409468204
137.09423006603458
137.09486113246155
137.09688088218698
137.09765717546566
137.10734838967943
137.14281952494864
137.19132802507764
137.2007191953146
137.230691833774
137.27642948522566
137.27724264754207
137.27579508337382
137.2828047045056
137.31452843607462
137.32629377071925
137.32589976161367
137.32745938392696
137.34342640456165
137.36041280334308
137.389089483136
137.39073725124013
137.43331818315255
137.43299994445442
137.43828875576224
137.44500423084247
137.4572092312196
137.5025865168818
137.51187113604146
137.54489618287369
137.54911494859718
137.55731015392817
137.56044783247484
137.559820727112
137.59124819857652
137.5943607378763
137.59413634275268
137.66110216716817
137.66109791560706
137.66276334342837
137.67730854867165
137.7221636354138
137.72613149628592
137.72774454886837
137.72927560015464
137.7682642418418
137.77067884197962
137.785464110408
137.78775206808157
137.8359048968015
137.85436431249624
137.88348913983984
137.923177079839
137.92708266611282
137.92630788674924
137.93159867731433
137.9832950989927
137.99044336300875
137.99916998229645
138.04408075248335
138.0812352278605
138.0935054262056
138.09425748831322
138.1101740235723
138.10928745757414
138.10842248270768
138.1396588634818
138.17446762179082
138.1753624163498
138.18513555268387
138.18677890884234
138.22833899800557
138.22845698847712
138.2329245369464
138.26548827631098
138.27228161566626
138.27398954702102
138.28501794015745
138.31464478752568
138.31895096128886
138.37238964859586
138.3724964762665
138.37672159511774
138.44570530217536
138.465067282529
138.46305289063918
138.4781170783584
138.4847916948625
138.49015457438372
138.52743126371948
138.5351593079653
138.54544018012692
138.5742057035596
138.5813187894133
138.61093298327546
138.61740419066956
138.61635256695357
138.6510154961728
138.66041834975823
138.66117062718698
138.65978842258446
138.67089652811296
138.70253167500928
138.70561687222985
138.70718111759726
138.70791319735537
138.70848239279027
138.71135931842346
138.72994516174296
138.77115974198477
138.80330060959207
138.8499744376295
138.85149595157077
138.86245855827704
138.87279504461642
138.88493013524325
138.88903755975898
138.91775746935048
138.91966352447906
138.92628912017219
138.9261987181327
138.93565964232366
138.93821870091764
138.93827021776255
138.94052232286845
138.95004991211485
138.98400928590831
138.98135101272703
138.9941837782462
139.0408617200123
139.04275460942705
139.0615852767213
139.06218317323822
139.07534938844205
139.07530709093623
139.0840651890371
139.08451458833935
139.10177064378584
139.10147245785683
139.13349114399392
139.1488884940939
139.15018327522938
139.1866828982183
139.20611002540272
139.2118472627465
139.25510551610034
139.254912822417
139.3098574423109
139.30989545002382
139.31799252137822
139.31726405839424
139.31925359952868
139.3205372407961
139.3202782602972
139.336729404501
139.34532606299317
139.34793268904997
139.36830958200014
139.36738043905473
139.39335455939909
139.3974968408257
139.4455059435684
139.44527912042912
139.4561428763662
139.45922126135616
139.50045564688855
139.5232006567948
139.52590077325132
139.52596214411872
139.5387865793419
139.54291690493488
139.54197025543567
139.54781677547984
139.54877562068185
139.5700967530445
139.60252235027028
139.61745080195251
139.62947843937877
139.64633108576874
139.64804266320243
139.6622167644137
139.66103368573414
139.66225099728666
139.66151381211398
139.66024913019433
139.65835026239898
139.65974833562024
139.69475867762858
139.69549667714998
139.72585584894523
139.7253346410605
139.72658392706288
139.73258751267193
139.74344807284675
139.7452179579155
139.7439740024004
139.7902614415517
139.7987263544032
139.80686358425208
139.81455770478277
139.81536753231015
139.8161502855303
139.81509857835928
139.81685344437457
139.8189587618286
139.82129804868632
139.83071405920234
139.84066225535065
139.8475580596367
139.85000556778314
139.84905851768133
139.8571622189483
139.85770290309932
139.8562206721915
139.86241281353114
139.88481079571997
139.91532455037873
139.92965724844572
139.9297112345535
139.94450776169478
139.9438967887383
139.95462948365588
139.98526296940827
139.99503590406218
140.02663866655038
140.02796702926437
140.02988963341136
140.03185770859776
140.0310234818376
140.03122883483337
140.03217014653222
140.06190535227762
140.0629437498942
140.0619201464461
140.0720329712567
140.08921208764772
140.09001601124703
140.09711858270887
140.10407324276562
140.10412929889176
140.10472026901596
140.10616925739194
140.1348266394782
140.13529962488877
140.14380983731743
140.16138933616668
140.1935635583466
140.19599045837046
140.2041713566867
140.20264919042043
140.20280283225122
140.20348808847524
140.19961942391143
140.2041713566867
140.20804940125169
140.21490470632847
140.2146200494429
140.2181507212561
140.21798046744178
140.21853168557809
140.2186143585223
140.22546649307992
140.22575478542598
140.22572428221588
140.22937813564093
140.2301121075667
140.25088726991657
140.25072130293333
140.250735493662
140.25062904457417
140.2704082474922
140.27036433777556
140.28831601462412
140.28834801106208
140.3174557157209
140.33803352130053
140.34126433612204
140.34066483891525
140.3409909069158
140.34120186238835
140.34135411794344
140.3407955874885
140.34135154034604
140.34114372293607
140.34149309988143
140.3421921143437
140.34241964143033
140.35423219143328
140.3617421358883
140.3622473618606
140.36231705420133
140.3890917345109
140.38842553487774
140.38848765138934
140.40897456600908
140.40894184313794
140.4213683581287
140.42479068598692
140.4434906021461
140.44375926513732
140.44323697546133
140.44383726585463
140.4431814780893
140.44351541683966
140.45203690908664
140.4526134899645
140.4516144380995
140.45502724153636
140.46180544850776
140.46195538129294
140.46867788422858
140.46929205681576
140.4693898660965
140.47592733174932
140.47575716913377
140.47955784662946
140.48270299152554
140.482900171588
140.48338874513558
140.48747923809097
140.48748640133448
140.5044351499858
140.50450369747972
140.52078029866772
140.52103624533373
140.52086594164066
140.5212982885381
140.52824685345414
140.5484404893042
140.5491175326608
140.5526020396403
140.5566534455504
140.55717792328988
140.5609085238338
140.56108330770908
140.56099113683538
140.56183650941315
140.56529807974965
140.56617839108435
140.5662940483495
