with mode=0, handoff cost coefficient = 1.0
133.96495937618172
133.9648648890072
133.95909479602034
133.95909479602034
133.9648648890072
133.96821987244653
133.952748261085
133.98638675831376
134.1389547668434
134.41263578907822
134.4910318652827
134.53257517982206
134.5440115276691
134.53257517982206
134.53646047065794
134.77031329485908
134.78575654011135
134.78575654011135
134.78575654011135
134.78575760044626
134.78575802463763
134.78575654011135
134.80873912956145
134.83103911360018
134.83144209410273
134.84501282495958
134.85812097147266
134.85709419594755
134.9316123326518
134.93337874032463
134.94433191861538
134.94433248992718
134.94433299422212
134.94521215350022
135.08105256477228
135.0801734054942
135.21563747814048
135.28927373271637
135.28974728367058
135.2947839282152
135.2947839282152
135.31240164408217
135.32597439855655
135.33533437434738
135.33533437434738
135.33632124557454
135.33933191846506
135.47439382398798
135.60948989271586
135.60925513691734
135.62223558312192
135.62258204096682
135.66105856644364
135.66173841741983
135.796342428698
135.79382594152693
135.79382553349217
135.92653295709948
135.92889528158534
135.9425391169121
135.95479996115856
135.95482001327974
135.95728071266342
135.97246377213634
135.97509842140636
135.97509842140636
135.97289746376643
135.9881680760597
135.998409953722
136.00005092485907
136.00005002443325
136.00079508663634
136.01015009838753
136.04979178029737
136.08917316296882
136.09900258319166
136.09899770572576
136.09897002432848
136.09943829130313
136.0986123012773
136.09906857476912
136.13828001015708
136.27208917817288
136.40468332547624
136.4035674958933
136.4040387995087
136.42184715032192
136.42089859522514
136.44688827754632
136.44688827754632
136.4469209766762
136.44737449738565
136.44861107112675
136.44777225649187
136.4533339555223
136.45400771865914
136.45401061633112
136.4675365691984
136.46876275030758
136.46876275030758
136.47315029734563
136.47201192314526
136.47304115194004
136.47304300848214
136.47256995218015
136.4737966782563
136.49003060640655
136.49003060640655
136.49079580722804
136.49126886353
136.49201820439043
136.5160309817748
136.51496004423893
136.51237451341075
136.51470759209982
136.5147092317645
136.51611589594512
136.5161173187273
136.51652170612982
136.51332389163676
136.5156389230691
136.51353368278407
136.51353368278407
136.52954008752013
136.5303532212422
136.52507983137818
136.52507983137818
136.65782985321056
136.66609731323325
136.6674323589466
136.6674323589466
136.6674323589466
136.6599156708124
136.6599156708124
136.67203753806666
136.6955975441102
136.6975866551647
136.70285047769522
136.7076222724479
136.7111144620671
136.73783582630455
136.73805437625785
136.7367458795623
136.73816768086198
136.7490662896006
136.7517123282735
136.75270037155116
136.77391772827764
136.77396099407846
136.77431303020845
136.77502741541593
136.77517575910971
136.7886777360887
136.79063092778514
136.92494462723013
136.92494462723013
136.92988451708442
136.93004257339513
136.92947436107258
136.92949915860015
136.93041457790613
136.92755517341791
136.92755517341791
136.92947428899396
136.93108611595454
136.9316040268394
136.93361750461432
136.93163386915003
136.92774299185538
136.9468143731872
136.9522537634431
136.95244267894668
136.95324166659105
136.9532424691573
136.95334544231275
137.0870905107177
137.08712645266783
137.08794018132042
137.11550186102403
137.11556549575232
137.1209986141248
137.12581401946838
137.12797656189514
137.24534606864847
137.24549518929425
137.2454920804652
137.24289780140987
137.23964100683568
137.24122496949676
137.24549518929425
137.2480767020446
137.24782153471898
137.24759052608982
137.24856222983982
137.24796480432596
137.24799993971916
137.24804781285317
137.25049777591227
137.25007282985368
137.2502366123872
137.25164076106387
137.25165168965793
137.25687613065674
137.25756847055501
137.25757006403484
137.25772172158304
137.26056665703268
137.26117843960375
137.2749146802323
137.2775871832915
137.31169429129437
137.31176345496135
137.31169429129437
137.3136565061759
137.31397723285124
137.3139057264676
137.31393816552904
137.31464347865767
137.3203517724342
137.32614223237695
137.32704038318093
137.3860587603674
137.3881563266837
137.3881563266837
137.38862425623
137.40521647340609
137.405364504348
137.40576258538795
137.40785291769174
137.46616625652524
137.48005611789546
137.51320685090374
137.5712105263305
137.57133173000608
137.57680255946687
137.59342607278296
137.59556672952064
137.65573671234154
137.66379809085905
137.66513545035704
137.66513545035704
137.66510202785759
137.66512693402194
137.66520365113942
137.6647061817362
137.67866269838007
137.67916016778327
137.67971006462932
137.67993055002623
137.71422803081157
137.719397742075
137.7356058722347
137.7365886811455
137.74034785449894
137.74034785449894
137.74100221643354
137.74100245576452
137.7437978779812
137.7440056447638
137.74583652572147
137.74556571502174
137.7529004372547
137.7529004372547
137.7529004372547
137.7529174507555
137.7529635877858
137.75372946832954
137.75372959258235
137.75399688133388
137.75433285004442
137.75413190978085
137.75483484352446
137.75527122622776
137.7559138972471
137.75794045255884
137.76179250477142
137.76187002842144
137.76160119869527
137.7618714569681
137.76307665149702
137.7639409575497
137.77085011695982
137.7873792341449
137.78738305915502
137.78738305915502
137.7873835372124
137.7877200103001
137.78766524374112
137.78846357430766
137.8084639095044
137.80893366537285
137.80893366537285
137.8089319824379
137.80925175411645
137.82918730263444
137.82976082251355
137.83036404518813
137.83197023054626
137.831600967141
137.831600967141
137.83758901502966
137.83758901502966
137.84112572157858
137.84498720955654
137.84464501407456
137.85171948349642
137.85171990584723
137.85171990584723
137.85187235066758
137.85187252369124
137.85187193991555
137.8519632312837
137.85741717608605
137.85742569826172
137.8712566697858
137.87211173602944
137.8720514711868
137.87421688974473
137.87424883981313
137.87249552987637
137.87249557327817
137.87287132760503
137.8749878374797
137.87572406256015
137.8773144469941
137.87841708055043
137.87745421251847
137.87748091801214
137.87791902362753
137.87765451885156
137.89747815024066
137.89882582808468
137.90148534833418
137.90149006834872
137.90155113768373
137.90155020296555
137.90139372671993
137.90139684640553
137.9001485083981
137.90155113768373
137.90124286612763
137.901303062054
137.901303062054
137.90187672747638
137.9022340657138
137.91033733263657
137.90982982726067
137.91014892362085
137.91019920188123
137.9097310038765
137.91033733263657
137.9106426956597
137.92493181306503
137.9249403827052
137.92502134245746
137.92502427474324
137.92511092369176
137.92522370284513
137.925237448696
137.92645350202838
137.92645357531933
137.92652912506756
137.92658072344696
137.92662361812577
137.92665154754175
137.9267294897653
137.92683489864334
137.92691223829547
137.92691242305057
137.92691242305057
137.9270628839278
137.92720501725898
137.92721640895172
137.92721649210674
137.92737996826074
137.9274600590229
137.9273716606865
137.9273722182481
137.92737227325222
137.9276329431036
137.93969096369597
137.93977547368834
137.93983770086317
137.93985274979136
137.93991798097676
137.93991798097676
137.9399325664181
137.94021200631892
137.94065468608477
137.94082992454753
137.94083000269217
137.9409391122429
137.94097378095594
137.94333864426775
137.9433650627233
137.94338327708203
137.94338339555625
137.94382140912546
137.94382140912546
137.94382156855596
137.94413220053607
137.94407624577337
137.94418040881092
137.94418248017098
137.94418306114554
137.94418306114554
137.94420843532754
137.94420843532754
137.9442234277165
137.94428989823493
137.94430947499686
137.94446994517403
137.94490505067398
137.94515387502776
137.9452339416814
137.94529645328146
137.94527869062452
137.94694511801353
137.94696976454068
137.9597703406284
137.96473421941027
137.9647802891108
137.9654745173686
137.96557738350992
137.98067294848175
137.9806807402718
137.98096224074703
137.98098608097212
137.98098608097212
137.9811076727446
137.9811076727446
137.98110802373367
137.9826231066246
137.98276898201436
137.98269917252293
137.98234726997777
137.98414735133628
137.984147362663
137.98591431954628
137.98591431954628
137.98616071602237
137.9896015029077
137.9936519688713
138.0023688380792
138.0041467463168
138.00419280353944
138.00419280353944
138.00423302927857
138.0042470762598
138.00425144374358
138.0185911937435
138.01846194967987
138.0184620142683
138.0335815737468
138.0347900865651
138.03479054827585
138.03481958784698
138.03482182309043
138.03485157078993
138.03484793311608
138.0348562220115
138.034849231405
138.0398071936227
138.03995089996852
138.03995749636158
138.03996329650556
138.04019995893364
138.0451522066804
138.0451522066804
138.04523333177278
138.0452436025224
138.0453038382669
138.0452971662504
138.0452972164922
138.04530628281347
138.04526783434773
138.0487115712641
138.0487118464664
138.04880589647695
138.05015240414204
138.05015242296702
138.05031795639064
138.05031796407667
138.05163480502713
138.05172205965545
138.0517265371504
138.05173789501853
138.0519677110449
138.05209594688938
138.05210926282672
138.0521223916515
138.05556774003963
138.05556774047267
138.05556177983254
138.05551511666238
138.05551510594898
138.05623045927098
138.05630226377838
138.05641732527883
138.05764268437989
138.05764268437989
