with mode=1, handoff cost coefficient = 1.0
158.1146569850532
158.16648208560218
158.19526277775782
158.24529709070515
158.27880999979354
158.30440333650992
158.33526296734857
158.35798686807746
158.36012118286942
158.37918138779457
158.405117698629
158.42408046457328
158.45313866069486
158.4856015293281
158.51797977055207
158.538187892186
158.57608716355685
158.64243326534105
158.68314358662178
158.69338299886346
158.70498130779796
158.70578662230434
158.73035602814238
158.73177035738775
158.7551629875582
158.78794521871617
158.81666328997147
158.83113723178013
158.84001675945115
158.88000244759485
158.89305179490586
158.93605341710014
158.94874807264404
158.95419022190254
158.96897891989067
158.9935249710284
159.02042483637564
159.03596776981922
159.07008762822787
159.08974575824072
159.10261283132678
159.11339460396027
159.12084105577813
159.137688697283
159.20187462145756
159.2213560946042
159.22660127668908
159.25280540204608
159.27528223544732
159.28717516540914
159.30800117659467
159.34949400900908
159.41117329214867
159.41739317253328
159.43779573232354
159.44534438949594
159.4728273056849
159.491151005846
159.49628416441058
159.50764567371937
159.5132814135447
159.5257876359401
159.5411435094
159.56222688811263
159.57521098438318
159.6001717714814
159.61028100259915
159.69497767488963
159.71227702270565
159.71894213330853
159.72445724066498
159.77208204648815
159.78644368754476
159.79876217727625
159.81262018480697
159.83562281390346
159.83772710210897
159.88256539919905
159.89831801562985
159.9004178768187
159.89820402741523
159.89897118250948
159.92808519179908
159.93103496849278
159.95265519499037
159.9528096865495
159.95988930412454
159.9879913955384
160.0383343494446
160.0599557453599
160.07295348421917
160.0784037357705
160.10096111770704
160.09957545718262
160.1037670917411
160.12591082980896
160.14689037266345
160.15851248688608
160.17698044845304
160.21276010775642
160.25462887478437
160.25666316157728
160.25509184555622
160.2534212713621
160.28897886096306
160.31027952982282
160.36364950250382
160.36443324915038
160.36504789946068
160.38122725378716
160.39499450733038
160.43830873798188
160.43891319409897
160.43909657738993
160.44114355178834
160.47299100240338
160.48841051651883
160.501030277029
160.54689343383163
160.5820516888064
160.58337889395932
160.5864501811659
160.58654427197217
160.60021168541232
160.60124575803016
160.61365656168536
160.61161785155105
160.61231176768854
160.61257463796383
160.65422663119313
160.6551465200286
160.68515061425205
160.68931749057077
160.71232445939933
160.72000953424734
160.73530291460114
160.7441918261029
160.7524460090707
160.74968983951922
160.74920764123064
160.74646068823597
160.75850562450387
160.765734008083
160.77631037498708
160.7960129616097
160.79393530831774
160.85319286711194
160.8607066759247
160.88076259829015
160.87514008741158
160.882658914024
160.89130805323154
160.9595214273293
160.97972608472858
160.99769281379173
161.03911079760823
161.05994673477144
161.10151336866295
161.10113930855573
161.14440778181458
161.16754261266354
161.16849298570784
161.19646436643524
161.21114577990585
161.25358748930023
161.258277054947
161.26029994247114
161.28379115301723
161.2850352015195
161.29577531774615
161.34479762286043
161.38744740950352
161.4028082398798
161.41854715383244
161.41716555066955
161.4347533835046
161.49190537182068
161.50612948952875
161.5258521569071
161.54086314906965
161.55578285574413
161.56370393145033
161.5656049976413
161.5703617193356
161.58126485479593
161.58090906038953
161.6256121847942
161.64820269449723
161.65140249373763
161.65392008324056
161.66125839611175
161.7029215371292
161.70946120798905
161.73951242616744
161.74166343082584
161.77237083450908
161.77395858206873
161.80453776117366
161.81284694690027
161.8268167378876
161.82980352107649
161.8435651538109
161.8558421445915
161.86891339608647
161.89709922436163
161.96167826432827
161.97171485885895
161.970583340541
161.97259442256293
161.97068101115127
161.98389775416692
161.9844755364033
162.00080656047984
162.02148724576296
162.04359567363525
162.05842055757984
162.09829155265268
162.09971669877743
162.13358981904923
162.14524057578313
162.15947158273593
162.1684758748222
162.16706387944924
162.1813965190991
162.19022674336352
162.19263054702338
162.20623354152497
162.20809364538542
162.22182016594294
162.23479818997
162.23506570522719
162.2521242396166
162.26893160326634
162.2859047375674
162.30796431610298
162.31098273606085
162.31157589351906
162.311263678296
162.31113460053066
162.31531795488237
162.31644779266233
162.33164956706614
162.37174071268038
162.3784594714416
162.3810127369351
162.4089454123329
162.43282062246251
162.44663528324628
162.46112248458874
162.45977454141388
162.51746754858627
162.55899940856267
162.5795713400941
162.62797927398898
162.6502417903026
162.7040936784236
162.75586723875819
162.755468669587
162.75921613161512
162.77376855241425
162.83340162230272
162.8424485358841
162.8609610451546
162.87829916528986
162.962716592907
162.96272799048265
162.962042400843
163.00469801992432
163.00496489181376
163.00492093027336
163.00625284524318
163.04887851275458
163.13319926038386
163.1568683615871
163.1617863438903
163.20073413118217
163.20313075711195
163.203836222274
163.2220373943265
163.23206827467794
163.23251998810514
163.24364888782023
163.25570400795309
163.2576530572614
163.2737997391056
163.2727773314858
163.29018105674464
163.3077986402925
163.31146425439852
163.3140663115177
163.34831773895698
163.35985176162447
163.36161530370896
163.36624220663262
163.36693225888675
163.37616460602308
163.37582668476628
163.37255367363633
163.37580955913376
163.3781958153265
163.38528230923612
163.38967491033497
163.39106024473858
163.39355160940306
163.40994800950244
163.4538465627629
163.4688006971872
163.51228934119342
163.51205083582863
163.51029426899203
163.5108525271327
163.52411182225543
163.5380495390669
163.53699480919383
163.53591153424196
163.53579560912732
163.5527652320041
163.57614827156348
163.592948628937
163.61603921827216
163.62458537664014
163.62624305151485
163.6251725006495
163.6518116261499
163.6538848987051
163.65673357342607
163.6553723628955
163.65487341142523
163.69585167898651
163.70243729693718
163.70587759859873
163.7253191803478
163.73609672134194
163.7466942786037
163.75608889922322
163.77377238597236
163.77562223330025
163.77883283585783
163.7809525923444
163.79520331247707
163.79392619462246
163.8138992947594
163.83992362634476
163.8398714015524
163.8412417955321
163.84093913950804
163.83732034186642
163.84803176267656
163.8660752624393
163.93397590304718
163.95596814928328
163.95736857229562
163.95950660833097
163.9666557625152
163.96855145755134
164.01398443775233
164.06174516315315
164.07838416223845
164.09502783269508
164.09592985738772
164.1061143767778
164.10734559411807
164.11875250191378
164.14203876904526
164.1584425213962
164.16451953837483
164.1795387051281
164.1774009496248
164.18252565895105
164.18701175640513
164.22913648997346
164.2622166419448
164.27191102392933
164.27514661625997
164.28962940369433
164.31041980309675
164.31156090234646
164.36042844720285
164.40113948433887
164.4177715536821
164.41697858238638
164.41907233212697
164.45452461733478
164.47496467748965
164.48791950848175
164.49093087734627
164.4931876600341
164.5070756928981
164.53699748379822
164.53862040518092
164.55709059562633
164.56931511119504
164.57357296559982
164.5704755216122
164.57125707374928
164.57349504746173
164.5804945931204
164.58311666141188
164.59167459426754
164.59675840851315
164.61798928557565
164.62693010529705
164.67650769512912
164.68295917304033
164.69118489512897
164.73115275892684
164.7293161885651
164.72881723164593
164.72820794150047
164.74501184007326
164.74361533591062
164.76223986857536
164.76312811545972
164.77867149458098
164.82267002268216
164.83723604263866
164.83818897704984
164.8375317911742
164.84236392308327
164.8487990432396
164.8531584757355
164.85025381574792
164.86812936966518
164.8838090828975
164.90110698002692
164.90052565387242
164.90283287925874
164.923709791704
164.92390279368004
164.93218224077208
164.93378841529423
164.9335904880065
164.9475833736315
164.94742024090377
164.94602106216524
164.95281857437985
164.9511055650719
164.9704555428651
165.0309825713203
165.0542405371382
165.05487230003777
165.0541537742202
165.05399017021634
165.09529269436075
165.0966547326039
165.11053738243217
165.1127731864877
165.16974485113656
165.1802393594022
165.18244077151397
165.18942677377535
165.19842672419026
165.19982481554024
165.1995424442046
165.21471848376962
165.21626275494785
165.2170812017383
165.22461490010562
165.22502406613685
165.22394588689602
165.2371389455138
165.2784302318636
165.27798462161059
165.2778455140646
165.31922629528964
165.32629465165334
165.32354564691596
165.32382197505126
165.33083808216202
165.33184972603087
165.33176253369777
165.3313849368997
165.3337870653259
165.3381385250854
165.33784588289336
165.33814625047467
165.3424324700509
165.34300453634296
165.34568177163453
165.3644277175722
165.36527649792677
165.36265295349682
165.37542795120837
165.37636993986663
165.41687630024836
165.41950310569464
165.4323566220633
165.4300836113777
165.4319115930766
165.43980012461867
165.43860209770554
165.44122598630005
165.45553229316644
165.46088932456846
165.46155275544479
165.46282512807028
165.47930027427745
165.47586190372482
165.4740079851774
165.47836259137017
165.4874552172498
