with mode=3, handoff cost coefficient = 1.0
158.1146569850532
158.29439768076605
158.29434976912825
158.60695191530752
158.96151924439243
159.278053765401
159.640660793317
159.8877399482156
159.9032720697162
159.91047347567462
159.90931836415137
159.90668151388485
159.91813748405968
159.9183306375749
159.9182432032373
160.1599198502647
160.15997943770515
160.20932826019504
160.28119807001508
160.28219079480255
161.31829236557718
161.69639904902726
161.68713367819458
162.67074409753405
162.74863394761252
162.74862360298687
163.09023826256822
163.4082790918347
163.40827023114235
163.40826626475138
163.40826143027095
163.413981524671
163.41765538281055
163.42697912944266
163.41678858350014
163.55861104526946
163.7981611909256
163.84834914278147
163.88206118848032
164.20647483560325
164.2064554564024
164.2109365875856
164.2653636250946
164.35116812518675
164.3572875004652
164.37067308045897
164.38427605666465
164.40493222746744
164.4130909761186
164.41135917427414
164.4187263702031
164.42120996066495
164.42120287590512
164.42494204132873
164.4242772180765
164.58220260647965
164.5822152663788
164.71059091912684
164.67263919504617
164.67267444244848
164.67076961238143
164.67076961238143
164.67076961238143
164.67076961238143
164.67076961238143
164.67264648442864
164.7136212467255
164.72718105116843
164.7273477060596
164.7298541875898
164.745293672204
164.74154808448324
164.7453102438528
164.74061361489018
164.74061361489018
164.74061361489018
164.7442270409764
164.74417481490812
164.8504023136043
164.85038025167984
164.96080485475323
164.95014047363534
164.9501423120961
164.95016151903923
164.95016151903923
164.9526580122873
164.95257215802957
164.95265776714726
164.95265776714726
164.95265776714726
164.95265776714726
164.95711240864284
164.95711240864284
164.96235797290103
164.96238264234046
164.9624077720209
164.9628293341891
164.9628293341891
164.9628293341891
164.9628293341891
164.9628293341891
164.9628293341891
164.97043801876706
164.97043801876706
164.97047973378227
164.9656045865339
164.9704882792808
164.9704882792808
164.9704882792808
164.96939139375888
164.96939139375888
164.96939139375888
164.96939139375888
164.96939139375888
164.96939139375888
164.96939139375888
164.96939139375888
164.96939139375888
164.9806916216114
164.9806779814305
164.98072649991005
164.9823296349249
164.9833541892254
164.9833541892254
164.9833541892254
164.9833541892254
164.9833541892254
164.9833541892254
164.98657638954606
164.98656258912274
164.98652349137856
164.98652043399764
164.98652043399764
164.98652043399764
164.98652043399764
164.98652043399764
164.98652043399764
164.98652043399764
164.98652043399764
164.98652043399764
164.98652043399764
164.98652043399764
164.98652043399764
164.98652043399764
164.98652043399764
164.98652043399764
164.98652043399764
164.98652043399764
164.98652043399764
164.98652043399764
164.98652043399764
164.98652043399764
164.98652043399764
165.0691149102145
165.06913511394995
165.06909481027287
165.0691310703385
165.0691310703385
165.0691310703385
165.0691310703385
165.0691310703385
165.0691310703385
165.0691310703385
165.0691310703385
165.0691310703385
165.07230258987803
165.07225865672592
165.08276730804354
165.08277548807894
165.08277659217552
165.08275033709876
165.08275033709876
165.08275033709876
165.08275033709876
165.08275033709876
165.08275033709876
165.08275033709876
165.08275033709876
165.08275033709876
165.08275033709876
165.08275033709876
165.08275033709876
165.08275033709876
165.08275033709876
165.08275033709876
165.08275033709876
165.08275033709876
165.08275033709876
165.08275033709876
165.08275033709876
165.08275033709876
165.08275033709876
165.08275033709876
165.08275033709876
165.08275033709876
165.08275033709876
165.08275033709876
165.08275033709876
165.08275033709876
165.08275033709876
165.08275033709876
165.08275033709876
165.08275033709876
165.08275033709876
165.08275033709876
165.08275033709876
165.08275033709876
165.08275033709876
165.08275033709876
165.08275033709876
165.08275033709876
165.08275033709876
165.08275033709876
165.08275033709876
165.08275033709876
165.08275033709876
165.08275033709876
165.08275033709876
165.08275033709876
165.08275033709876
165.08275033709876
165.08275033709876
165.08275033709876
165.08275033709876
165.08275033709876
165.08275033709876
165.08275033709876
165.08275033709876
165.08275033709876
165.08275033709876
165.08275033709876
165.08275033709876
165.08275033709876
165.14630571598047
165.14607206474284
165.14610461661425
165.14613101612346
165.14613101612346
165.14613101612346
165.14613101612346
165.14613101612346
165.14613101612346
165.14613101612346
165.14613101612346
165.14613101612346
165.14613101612346
165.14840133132083
165.14840133132083
165.14841575231952
165.1484290056406
165.1484290056406
165.1484290056406
165.1484290056406
165.1484290056406
165.1484290056406
165.1484290056406
165.1484290056406
165.1484290056406
165.1484290056406
165.1484290056406
165.1484290056406
165.1484290056406
165.1484290056406
165.1484290056406
165.1484290056406
165.1484290056406
165.1484290056406
165.1484290056406
165.1484290056406
165.1484290056406
165.1484290056406
165.1484290056406
165.1484290056406
165.1484290056406
165.1484290056406
165.1484290056406
165.1484290056406
165.1484290056406
165.1484290056406
165.1484290056406
165.1484290056406
165.1484290056406
165.1484290056406
165.1484290056406
165.1484290056406
165.1484290056406
165.1484290056406
165.1484290056406
165.1484290056406
165.1503427628306
165.15036195141187
165.15100950440907
165.15231863001563
165.15231863001563
165.15230459208667
165.15230459208667
165.15230459208667
165.15230459208667
165.15230459208667
165.15230459208667
165.15230459208667
165.15230459208667
165.15230459208667
165.15230459208667
165.15230459208667
165.15230459208667
165.15230459208667
165.15230459208667
165.15230459208667
165.15230459208667
165.15230459208667
165.15230459208667
165.15230459208667
165.15230459208667
165.15230459208667
165.15230459208667
165.15230459208667
165.15230459208667
165.15230459208667
165.15230459208667
165.15230459208667
165.15230459208667
165.15230459208667
165.15230459208667
165.15230459208667
165.15230459208667
165.15230459208667
165.15230459208667
165.15230459208667
165.15230459208667
165.15230459208667
165.15230459208667
165.15230459208667
165.15230459208667
165.15230459208667
165.15230459208667
165.15230459208667
165.15230459208667
165.15230459208667
165.15230459208667
165.15230459208667
165.15230459208667
165.15230459208667
165.15230459208667
165.15230459208667
165.15230459208667
165.15230459208667
165.15230459208667
165.15230459208667
165.15230459208667
165.15230459208667
165.15230459208667
165.15230459208667
165.15230459208667
165.15230459208667
165.15335404151963
165.15335404151963
165.15335404151963
165.15335404151963
165.15335404151963
165.15335404151963
165.1542071248072
165.15421955953477
165.1557931654604
165.15579449365845
165.15579449365845
165.15579449365845
165.15579449365845
165.15579449365845
165.15579449365845
165.15773051272848
165.159277041788
165.16162515677294
165.16161245721838
165.1675318214001
165.1675650449961
165.16758079009836
165.16759281289185
165.16759281289185
165.16759281289185
165.16759281289185
165.16759281289185
165.16759281289185
165.16759281289185
165.16759281289185
165.16759281289185
165.16759281289185
165.16759281289185
165.16759281289185
165.16759281289185
165.16759281289185
165.16759281289185
165.16759281289185
165.16759281289185
165.16759281289185
165.16759281289185
165.16759281289185
165.16759281289185
165.16759281289185
165.16759281289185
165.16759281289185
165.16759281289185
165.16759281289185
165.16759281289185
165.16759281289185
165.16759281289185
165.16759281289185
165.16759281289185
165.16759281289185
165.16759281289185
165.16759281289185
165.16759281289185
165.16759281289185
165.16759281289185
165.16759281289185
165.16759281289185
165.16759281289185
165.16759281289185
165.16759281289185
165.16759281289185
165.16759281289185
165.16759281289185
165.16759281289185
165.16759281289185
165.16759281289185
165.2203001168722
165.2202931892112
165.22028170701697
165.21850545289473
165.21850545289473
165.21850545289473
165.21850545289473
165.21850545289473
165.21850545289473
165.21850545289473
165.21850545289473
165.21850545289473
165.21850545289473
165.21850545289473
165.21850545289473
165.21850545289473
165.21850545289473
165.21850545289473
165.21850545289473
165.21850545289473
165.21850545289473
165.21850545289473
165.21850545289473
165.21850545289473
165.21850545289473
165.21850545289473
165.21850545289473
165.21850545289473
165.3198725238044
165.32005376755285
165.32025987849943
165.32065988278748
165.32065988278748
165.32065988278748
165.32065988278748
165.32065988278748
165.32065988278748
165.32065988278748
165.32065988278748
165.32391390917064
165.32390169945347
165.3239068233823
165.3246165461569
165.3267844847167
165.32622812420698
165.32622303912407
165.32622303912407
165.32622303912407
165.32622303912407
165.32622303912407
165.32655500577624
165.32655500577624
165.32655500577624
165.32655500577624
165.32655500577624
165.32655500577624
165.32655500577624
165.32655500577624
165.32655500577624
165.32655500577624
165.32945531449903
165.3294484868123
165.3294484868123
165.32942775055423
165.32942775055423
165.32942775055423
165.32942775055423
165.32942775055423
165.32942775055423
165.32942775055423
165.32942775055423
165.32942775055423
165.32942775055423
165.32942775055423
165.32942775055423
165.32942775055423
165.32945531449903
