with mode=0, handoff cost coefficient = 1.0
158.1146569850532
158.18403033590175
158.2288448531886
158.2288448531886
158.26683182877585
158.2651974791414
158.27902274152663
158.3368967693137
158.31247195046134
158.31246759717885
158.3221377097258
158.32213673750508
158.3368967693137
158.34324342923745
158.34785985393364
158.35247760148357
158.35508124537452
158.35579352315148
158.3738482723206
158.4025215707556
158.4025207560788
158.40396154387716
158.399359568192
158.39644239797514
158.39515915947948
158.39515832151926
158.40396154387716
158.40396101069015
158.4331257467259
158.433125785344
158.43312645372157
158.43320183173103
158.4341167686486
158.43663796686747
158.43755847587755
158.43755796008423
158.4663885987042
158.46638854366074
158.468370256838
158.4809345070028
158.48207426944938
158.48602820509848
158.49133524799214
158.4937849889045
158.49242486433837
158.4924252349906
158.49242520886946
158.49612226749412
158.49777654983592
158.49787946999038
158.50840286763577
158.510813818036
158.51081360244046
158.51788711749774
158.51847380246105
158.5229646736801
158.55133820896947
158.5533500699411
158.63671845466126
158.65311850484693
158.65436198010119
158.67282661413245
158.6731203942455
158.6750726603975
158.67584153785734
158.70461324839948
158.70460636272
158.7067882314809
158.70589487358453
158.71530620608254
158.7156860219916
158.72358523397523
158.72167551717774
158.72172898505173
158.7278983464905
158.7324180074844
158.7324201703359
158.73301360105262
158.76060871571013
158.76130630549127
158.8456934188077
158.8535581273152
158.88162209023557
158.881924719042
158.88272430616675
158.8897597619365
158.89175237450593
158.90844267237594
158.92897642640423
158.92713927777527
158.94259559669342
158.97224874643945
158.98909477203824
158.98933373035237
158.9902136678413
158.99005223382866
159.07446168311918
159.0874155252439
159.17161547895975
159.1729950069494
159.17300134363896
159.17307931597122
159.17307946752476
159.17882017493494
159.1777268354113
159.1774975810268
159.17816456674365
159.1784280543695
159.17934359341953
159.17934348407266
159.1808010669625
159.17988552791246
159.26403716424625
159.29257031974996
159.2925703157104
159.29151763485993
159.29138101853212
159.2936624993514
159.29366279194733
159.29204590847425
159.3046615906965
159.30457756707153
159.30612773578903
159.3061274326104
159.30845953340716
159.30894381441303
159.31039563063004
159.31151149536723
159.31335424182598
159.3139678692758
159.31495500229087
159.31504787866342
159.3150481818421
159.32590102577808
159.32655318600771
159.32750468275046
159.32753874463694
159.41129723683093
159.41194631586015
159.4119461452363
159.4111272741182
159.41138210895616
159.41053502843866
159.41194631586015
159.41191337456462
159.4119132492379
159.41239039520542
159.41533612594512
159.41581130063804
159.4237396673386
159.42420398478242
159.42420337820823
159.42422808048124
159.42423742396264
159.42467997932187
159.42468012430314
159.42509361311403
159.42559064230275
159.4255910362488
159.42559121265862
159.42559212945716
159.42559283817596
159.42566941345083
159.440913672045
159.44151304733953
159.44158971701623
159.4423091996692
159.44250102482494
159.44263732147925
159.44272812090983
159.45550823131555
159.45867882926564
159.45907329071693
159.4590532856112
159.45909581345094
159.45907055179967
159.45912657443844
159.45956380950736
159.45956396355177
159.45945282494725
159.45945292705667
159.4595475678667
159.45975953969665
159.4623522966592
159.4624730247609
159.46247286902556
159.46696645423978
159.48095353600675
159.48095845201865
159.48333753496377
159.48331623199996
159.48361573808657
159.498409054904
159.498755785661
159.49830775064493
159.49861510507995
159.49881795496074
159.49881845487283
159.49883375710166
159.4986369339722
159.49890828400856
159.54082282015304
159.58271827944918
159.58253424071452
159.5826500374785
159.58306648025902
159.58574946931066
159.5857499364486
159.5883436390391
159.58839473188306
159.58841221144237
159.58954700332177
159.58997421111033
159.58999930907993
159.58989244813776
159.6046150290359
159.60459389311484
159.6046150290359
159.6047077315127
159.60532460686116
159.6190715643242
159.61935116509218
159.6194602073901
159.61960375283672
159.6197692528986
159.6617064480697
159.6610219839257
159.66107748845428
159.66159578230705
159.6617889969198
159.66180412619156
159.66180429257224
159.66206826257746
159.66222779041487
159.66216732451795
159.66230651616507
159.66246615692916
159.66270009261657
159.6627001035548
159.66274045339836
159.66275855740338
159.662707533081
159.66528735629976
159.66529889454097
159.66531595117368
159.66554381933747
159.6681563052045
159.66815118597037
159.67024743196723
159.67050694490308
159.67405812058155
159.674169499584
159.67423825825475
159.67426029490824
159.67436419476493
159.6744097478948
159.68280682017033
159.68699122551573
159.6900863655517
159.6901545076994
159.69747030283781
159.7003042773479
159.70028205712987
159.7003780409576
159.7003781942888
159.70037830517057
159.70066177359598
159.70076704861998
159.70076939224884
159.70129486569925
159.7161245663455
159.71609720986754
159.7287647448137
159.7323112947886
159.7346742482917
159.7346744696091
159.73476302474893
159.7348678844436
159.73488338982833
159.74228782975302
159.75741156166725
159.7575663826231
159.7575665956054
159.7653824707938
159.76576831670104
159.76566495018267
159.76556316805338
159.7655553452372
159.7658571759321
159.76583827491888
159.76891390690318
159.76869214280418
159.7685464502427
159.76863205330005
159.77140825925852
159.77167201356085
159.7859850750546
159.78595346818767
159.7877575155735
159.78791936394492
159.79092800787237
159.79053404131588
159.7905340426501
159.79049653306612
159.79059012484004
159.79092800787237
159.79099359396224
159.79103536934497
159.79103541116132
159.7910284994744
159.79253483668782
159.7966929409077
159.7973631080106
159.79740068216427
159.8005631834248
159.80056319812783
159.8006327769137
159.80065794262006
159.80065801171585
159.80065800158116
159.8078111798213
159.82880470871982
159.828837304524
159.83654512532604
159.83660520219235
159.8366879155297
159.83677430735358
159.836723767833
159.8367636112328
159.83681487497546
159.836865414496
159.83681487497546
159.8368588426283
159.83697434904659
159.84047915646366
159.84047928286884
159.84048591008025
159.8405164060041
159.84148903503734
159.8414890997069
159.84563026347286
159.84563450590144
159.8456345103187
159.84583157538663
159.84583151918378
159.8458508193553
159.84590140934102
159.8458667288863
159.8459303137037
159.85363777796135
159.85365316906478
159.85375414609848
159.85375416564023
159.85514840925285
159.85517909372288
159.85523329151684
159.8584506091392
159.85845059438302
159.8584507255944
159.8584249796048
159.858385545647
159.86609528854422
159.86604385494292
159.8660522351962
159.86937332497732
159.8694238175947
159.86942218467806
159.8694376503218
159.8694664417215
159.86950392068485
159.86950392331738
159.86970158431015
159.87690852725092
159.87688845416417
159.8768884886306
159.8768679011238
159.87688976635118
159.88284802071578
159.88291052548513
159.88292840554732
159.8828556039838
159.88292804855848
159.88293563165877
159.88311212131762
159.8831648620915
159.8865991396811
159.89077052330035
159.8917188544941
159.8917652747498
159.89222871551684
159.89218229526114
159.89217282312174
159.89636108904705
159.89633306460675
159.8963266292316
159.8972290232572
159.897290958349
159.89734970978589
159.89737061153426
159.89743525656243
159.8974899982545
159.89867153341245
159.8989970324964
159.89899243946198
159.8989924541508
159.8990191982692
159.89901553408467
159.89903410830954
159.90488860096838
159.90506364031188
159.90499457135707
159.9053101770574
159.90551713571705
159.90559485981532
159.9056970464426
159.9056970951744
159.90570926661843
159.90570936001706
159.9115244296461
159.91152687767752
159.91472450561085
159.9147244875738
159.91588529050517
159.91582023147564
159.91587964610534
159.91588141377602
159.91598884077243
159.9160337520643
159.91609439170463
159.9161306905403
159.9161170082079
159.91621487203076
159.92395300733125
159.92404312503731
159.92701860999478
159.9270182420152
159.92701831359122
159.92585862211658
159.9259129072538
159.92701860999478
159.92703941154429
159.9270602003852
159.92705982896203
159.9271990025456
159.93770559332816
159.93775032666753
159.9377595138559
159.937760694905
159.93777556152085
159.93778351223722
159.93788617998388
159.93788619077054
159.9379068755929
159.94079478075426
159.9408298641671
159.94086950303313
159.94375234027393
159.9437727777472
159.943777864075
159.94383094644354
159.94383095113466
159.94770352617434
159.94787004398881
159.94787041581702
159.94787059065118
159.94787091028252
159.947883153028
159.94790140331577
159.9499731631354
159.95000436197543
159.9500055083518
159.95000549923077
159.95003594142622
159.95157763107343
159.9515785937984
159.9515786129736
159.95159379952668
159.95190324567704
159.95191531637573
159.95398670450646
159.95444751368436
159.95464561841638
159.95468159986356
159.95470361229485
159.95470361157098
159.9546984729226
159.95470116208938
159.95470250991582
159.95857611255633
159.95857209229322
159.96144848531017
159.96144848626628
159.9614492186494
159.9614474421854
159.9651041888263
159.97560745007985
159.97561556601462
159.97606003077848
159.97603693597526
159.97603694507038
159.97810462836074
