with mode=0, handoff cost coefficient = 1.0
134.62879560027943
134.62201291924276
134.62906607521163
134.63042344834398
134.62759360961016
134.63471357091186
134.6448825141664
134.6439150317942
134.6439151502843
134.78234283486486
134.77963096852505
135.07419495853054
135.13097420148532
135.13106976874863
135.13128671816432
135.13878122840435
135.14292996984508
135.14293537439028
135.1400573958999
135.14390555657548
135.13963540836295
135.15675752347806
135.36005701693728
135.3633391438755
135.36438874678947
135.3644195245824
135.36292091154655
135.35250032654756
135.36660772589673
135.37028535166135
135.39004321275345
135.39259301180905
135.38859562955216
135.3893777748814
135.3893777748814
135.393019689074
135.42340341773584
135.4226212724066
135.43600890164177
135.4360134454402
135.43190023807963
135.43196251764343
135.4357332804036
135.43979305598222
135.43393336073402
135.42820076443974
135.42824971226474
135.4256870452997
135.43979305598222
135.43981650575842
135.4397781574074
135.4397781574074
135.44166024688548
135.44349883056856
135.44388221487426
135.44310333454666
135.44316459092656
135.50552397338583
135.51127613801418
135.51476395270493
135.533846760675
135.53362807386858
135.53576048587985
135.53589728194797
135.53630140315346
135.53629732568982
135.53651382282445
135.59643540245526
135.59555427525405
135.59571385088154
135.7480225140292
135.74807298721734
135.74801897740576
135.74860189882537
135.74860251724593
135.90020453691284
135.90704593228597
135.91872413298367
135.91867078727773
135.91870932471073
135.95804701910225
135.9583601599316
136.1090508259382
136.1090508259382
136.10809049013665
136.10940213536352
136.10946907261567
136.10721377358374
136.10739147881202
136.1074410275853
136.10744040916478
136.12312963425725
136.12367905185042
136.12540880925712
136.12782311025867
136.12782478032108
136.27862908032188
136.27937082242738
136.27939657566844
136.27939657566844
136.28088005689233
136.28105919844532
136.28203196730882
136.28222313682738
136.28406009349925
136.31559277286152
136.31542386024472
136.3153492124951
136.31468486881073
136.3701656508665
136.3711202793906
136.3711202793906
136.3717667171448
136.37212436138344
136.37126357800878
136.369652003207
136.36998631137675
136.37162897653542
136.37313405764525
136.37719414031517
136.37896674095128
136.37950444963536
136.37950641262387
136.38097758124627
136.38097558164714
136.3811304421818
136.38067364434272
136.38574772177594
136.3857379894264
136.3915642747523
136.3916683427321
136.391538576236
136.391538576236
136.39128596136695
136.4853514845149
136.4853802176082
136.48538116834723
136.48511899866097
136.48511899866097
136.48578285834196
136.48808852338883
136.4888547200561
136.48885730282774
136.4889250002164
136.4891158295616
136.48911132561045
136.4883814306587
136.57945430677867
136.5796982810501
136.57942035982296
136.57941739619562
136.58062369437408
136.5813449476806
136.57934192638575
136.57990106335964
136.58039861655547
136.58259933711383
136.5822394375939
136.58223921756033
136.5808227873814
136.58006313515077
136.58259933711383
136.58291625460856
136.5830769960849
136.58481083418195
136.63058365955996
136.63058365955996
136.70644544295072
136.70654352730475
136.7065366899689
136.706545917286
136.7065458172209
136.74240439724247
136.7424051544162
136.74241829784978
136.7424241825093
136.74242227385815
136.74249049332016
136.74238101473398
136.7423655099882
136.74248256441055
136.7721764164256
136.8079755077619
136.80858269190293
136.8844546143212
136.88481052904518
136.8848385582451
136.8846544270108
136.96011153421313
136.98797858244538
137.06260115846624
137.0626013164453
137.062601489212
137.07119537973912
137.1445298253699
137.14434673379407
137.14444841261025
137.17998798106026
137.18059376645994
137.1809214896142
137.18092151692912
137.18904800236194
137.1974610163429
137.19771991245926
137.22560653576147
137.22584500712787
137.2274433824345
137.2276336866729
137.2280239019468
137.227867692731
137.2286502937697
137.22899985434114
137.22993219067138
137.23000030699455
137.25710338027108
137.257199851643
137.25752925730154
137.332576798428
137.33261339133264
137.40546263988014
137.40588664749745
137.4094440957352
137.43599604997922
137.46215028910044
137.46192491888905
137.4633590712691
137.48894033591327
137.4889403818484
137.4883904408839
137.50187296725613
137.5019555061829
137.50497512169997
137.5789081930092
137.5789785433719
137.5789785433719
137.5792919137061
137.5792919137061
137.57929296402753
137.5797312527388
137.5797312527388
137.57973321550148
137.5866390770096
137.5867335723147
137.586759632783
137.58699164654746
137.5868104208475
137.5871529886235
137.58728720383712
137.6228734259929
137.62287387797576
137.62289123323893
137.62311361062626
137.6270957560912
137.62744248360772
137.62800076147576
137.63498367214072
137.63494127901544
137.7082537972329
137.70825403326688
137.71079729389734
137.7173027631978
137.75286324126324
137.79985504114595
137.80002469674466
137.8000988607113
137.80039962917826
137.8004005043305
137.8004391143673
137.8465715344482
137.8465715344482
137.84657173474287
137.84658235382662
137.8467311755658
137.92142945595654
137.9215104301904
137.92143993599265
137.92154082241655
137.92165297245535
137.9215946285277
137.99503885984592
137.99484714358454
137.9951433317152
137.99706978503892
137.99715993367633
137.99715995786136
137.9972380105515
137.9971965224352
137.99756173964266
137.99785027645595
137.99899374731373
138.07272094434975
138.0731329216899
138.07280654454013
138.1081972223038
138.10851154880763
138.1123797196531
138.11239662281557
138.11279257659405
138.11280715778133
138.11327100052313
138.11327100052313
138.1132752680657
138.1135090632829
138.12669727036638
138.12669727036638
138.1271802302118
138.12686307335116
138.1273142567006
138.12908434875487
138.12943929194608
138.12943929194608
138.12980806740228
138.12966272069525
138.12965672224203
138.12993203671613
138.12992416416333
138.1299535709249
138.1302664173317
138.16553142661178
138.1657049870898
138.2398157841019
138.2400809089832
138.2751016635391
138.28053509761847
138.28521716501987
138.28527335617906
138.2967690459788
138.29682605487972
138.29774798888525
138.29775734794316
138.2977662450656
138.29743143095118
138.2980509318213
138.29739919808355
138.34209950233685
138.34229666046429
138.34315114863924
138.34315109706705
138.34520395456929
138.41954816422037
138.41955662309186
138.41987398776155
138.41987403933373
138.41910212402198
138.4540688212413
138.4888726422221
138.48914278066098
138.48924316682806
138.51595584923595
138.51604599232954
138.5160859002858
138.51480248053983
138.51461595942678
138.51526889132072
138.5151732850111
138.5160859002858
138.5162580236397
138.5175421746964
138.517615562902
138.5177833861345
138.51780268131444
138.51780432475553
138.51784629801313
138.51794720292133
138.51794919319917
138.5180338617449
138.5182445505293
138.51823683207795
138.52027060202926
138.52025294269112
138.52132956045395
138.52148060425543
138.53536915628285
138.53537113232687
138.5354569703313
138.5354455140576
138.5357480508589
138.53596534580137
138.53605187775736
138.5414207615272
138.54163472427902
138.54163472427902
138.54160607894897
138.578621042288
138.57862893301424
138.57901214020953
138.57908362984583
138.57911035648203
138.57952756549017
138.57952915528827
138.5795274186119
138.57947473390314
138.59319096825627
138.59330356177216
138.59329020450087
138.6066483375993
138.6069417827721
138.6069958042171
138.60703191336182
138.60699168403863
138.64372760720624
138.64364896303343
138.65680720650343
138.65751721047033
138.65761390339605
138.66277981989896
138.66309908578373
138.6632290872769
138.69951530989192
138.69951530989192
138.69952213162918
138.69952307646616
138.69952676530642
138.6995275808351
138.69958156227062
138.71266513962502
138.71266865354943
138.73004248298554
138.73009746472786
138.73014781967072
138.7302163573851
138.73022048694975
138.73027274703978
138.74760616492443
138.74760781926634
138.74827593466262
138.74829076964394
138.74815852348584
138.7481586134095
138.748162954297
138.74824216901536
138.74841850025584
138.74843441326115
138.7484396044743
138.74859412888145
138.74857211074675
138.74857626557986
138.7485394535334
138.7535791471442
138.75340908838564
138.76635813159123
138.80347960862207
138.8034796515399
138.81643516338806
138.81653983038007
138.81653987100034
138.85161411896
138.85171452496948
138.8517511681037
138.85193726855564
138.85284029681318
138.85294130463348
138.85287240926166
138.85289298629462
138.85294598513806
138.86573754860422
138.8663394531163
138.86640720167964
138.8665602138308
138.86662451852268
138.86664666768723
138.86681470189487
138.86672103454018
138.86677425798945
138.8682682133611
138.8682682839205
138.8708495140135
138.87087199114325
138.87098304050076
138.87108252961355
138.87121029937515
138.87124198194022
138.8713295307342
138.87132955304858
138.8711929557453
138.87126150531296
138.9083253043302
138.90851780774156
138.9090618982623
138.90940478254973
138.90944956241708
138.90940017453346
138.90949524599037
138.90949524599037
138.90949573914065
138.909496342881
138.90951975752142
138.90954145999626
138.9095427039457
138.9095427039457
138.90955549646395
138.9096541056466
138.92701771137297
138.9270908721364
138.9270661459532
138.92708508401924
138.92719960673554
138.92767489617313
138.92901956063054
138.92910988666736
138.92910988666736
