with mode=1, handoff cost coefficient = 1.0
134.62879560027943
134.64312637262782
134.67995711409233
134.72721156356766
134.77306639738282
134.79877098714164
134.80548379862773
134.85271898151478
134.87076771372105
134.88999243054627
134.89580077834455
134.90696242099835
134.95522940600125
134.9629983426428
134.9809694159449
135.04503481893929
135.0878748278508
135.0907605754377
135.1203071519432
135.13047515226566
135.18238476403903
135.21219368373616
135.23373341235555
135.2714676140878
135.2958646952055
135.37507463639685
135.41931294379532
135.44835450626115
135.51344143799767
135.53015625288728
135.55767362193694
135.59726309127942
135.60153231885775
135.65547426449
135.66772557345055
135.68668793511247
135.6905627962695
135.6927300835218
135.74122401225523
135.7601929279047
135.76306329867634
135.76606027918447
135.76639518813295
135.76821716499782
135.77600797467557
135.78243743149162
135.82418291580876
135.84532191504573
135.89077397862403
135.89057452072456
135.8915736558151
135.93175220259837
135.95016161103365
135.9537935105271
136.01769221043983
136.02810204685164
136.03511985086425
136.07277196784864
136.09923862397955
136.1026161580814
136.10269827499621
136.16553722350116
136.18692545311055
136.20367569601396
136.2092910234606
136.24875187509963
136.24948604994117
136.29464111825172
136.31684152070594
136.3176975138898
136.31936202509917
136.32393351524442
136.32687576759054
136.33234957599322
136.33377485226583
136.3504376518577
136.36872890361946
136.38242039827722
136.3834927101443
136.38669545428922
136.41402769857794
136.45155888723104
136.45134704617934
136.5054229086924
136.5060901847481
136.52386469551521
136.5927149120982
136.6106414288658
136.65548195658613
136.65974394824366
136.69663224730934
136.73628130359614
136.7369963672116
136.73737407350376
136.7377888551501
136.7433146898266
136.74409790580643
136.75745522767525
136.79738408395906
136.85198031692005
136.85147190182872
136.91217257946465
136.9217952875829
136.922643259601
136.95724299062164
136.97117473926443
136.98134396543392
136.99819276976837
136.99674920442376
137.03531367353227
137.1122776566938
137.12474347845247
137.13376321885556
137.13400748209787
137.1336079609129
137.1727232440748
137.21030216866123
137.21075075503444
137.2497249376954
137.28215350875786
137.33180273054646
137.34459621083926
137.34603924095165
137.3454843531272
137.36258120100032
137.39887415973175
137.47456122503073
137.54535228575855
137.58281393508565
137.62545225158414
137.62544563781177
137.6504207970999
137.6880385047429
137.68916501800751
137.70584012256836
137.7692019973697
137.7860736019156
137.84788160959647
137.88329256223133
137.9031998214718
137.96037916160068
137.99977395142918
138.00148611817983
138.02280425722674
138.0381229521105
138.07646667868605
138.09308267626952
138.10551666042974
138.10934154206163
138.12800368329766
138.12856565584394
138.13461881617673
138.15046149863562
138.15145288128394
138.15181186039726
138.15302474828826
138.1678323584288
138.1812260378128
138.19756957124525
138.1982717801438
138.19762771645523
138.19847731630475
138.19787464304923
138.19830832359324
138.19839192633367
138.19812982464373
138.21298920163576
138.24954532378274
138.264658568303
138.28157894091711
138.282320171264
138.28378522965932
138.28503538161877
138.3216229347166
138.38313502008515
138.42076558777586
138.42082679704077
138.45874012381557
138.45905296652057
138.50915115477878
138.50991745118293
138.51611368243806
138.55702272101482
138.55756197063027
138.5683578269664
138.5730023055099
138.62349411196055
138.62804986953506
138.63137854529603
138.63199239626442
138.66349918427778
138.66383420349567
138.69961119946018
138.70044668507228
138.72627660180046
138.74673596572487
138.7880539874974
138.818028936352
138.86103479447192
138.89118898889018
138.89115127560683
138.88984601540417
138.9211129811367
138.92473925237846
138.92376356861465
138.93883489405357
138.960568390436
138.95965740434096
138.96149276149495
138.96152680270313
138.97466510613776
138.97437071505865
139.01513515565912
139.05196226656108
139.06684170844503
139.0844723464753
139.0844560454879
139.08415704693988
139.15782558958767
139.17167379553683
139.1850503746869
139.22157810227668
139.23427747821185
139.23601224612355
139.27360258278688
139.2733515237644
139.2862164024457
139.30303563772358
139.3033860174055
139.30633321288872
139.30610667113646
139.30901497792303
139.33034201962826
139.4302285348937
139.44318685438512
139.45547726516463
139.4547138429966
139.48023024537744
139.52896374690144
139.53107129036914
139.53100318717168
139.56805817399137
139.57152799251742
139.5734126572058
139.59201203547178
139.59075667667062
139.59053996995905
139.6393859304268
139.66026194145476
139.67843068889874
139.6814155386324
139.7081577953515
139.71013656435656
139.74059429175588
139.75955470793107
139.84643121978203
139.85884359993898
139.87226905865762
139.8718732624667
139.89221725139828
139.90482047266752
139.9046883275768
139.92923286946234
139.96385890429372
140.01422669015182
140.01808149440558
140.03353544923732
140.0459272047658
140.04834042048407
140.0491141000482
140.08693233289705
140.0883365194425
140.08801115951837
140.1080680815097
140.1064897243438
140.14519515847707
140.1808046776815
140.17903548712815
140.2534777375281
140.2542230885111
140.3262016064287
140.34003850153243
140.39096573120753
140.39359287407336
140.430908981758
140.4461756021357
140.49492682287462
140.49430185241013
140.5312025663166
140.53185705878033
140.58448981596516
140.6078997040678
140.62098242083476
140.6211205957501
140.6246908411605
140.62819145999978
140.64158037232227
140.6802885810826
140.72840054704022
140.74906000855864
140.75020849069955
140.74966539999537
140.75007824847543
140.76358393597334
140.776845531431
140.81364945316986
140.85083458122173
140.88846915374432
140.9386443643122
140.97362946624452
140.97432570099363
141.02560227942044
141.04594350656765
141.08298426161977
141.08493342788594
141.1205495593504
141.169042093484
141.1699314153729
141.17027218024435
141.18157152142942
141.18300331666285
141.20233994999415
141.22131130709437
141.24164759293996
141.27347464635162
141.31277194641177
141.36026597381763
141.39684102674659
141.39790005500154
141.39863965393556
141.3988772355664
141.40143949771848
141.40314634250734
141.41957423093638
141.43611301500516
141.43648013100054
141.44858017812356
141.44902017349864
141.47885404892676
141.48041171745405
141.550856534292
141.5508644505644
141.55047140609247
141.59055065058283
141.63681630747746
141.63731458177648
141.63915554437247
141.63872979210063
141.65248679247745
141.65230770076744
141.65254797690966
141.66593380333822
141.6783643337609
141.67808298204767
141.6772814980905
141.67711329807616
141.6798791092746
141.68098698193555
141.68253718606582
141.71695024992286
141.7279778186723
141.72897863764794
141.7283298448478
141.72918674489333
141.76873135529203
141.80936223543796
141.82558190793617
141.82618371699556
141.8581587147138
141.8868038392211
141.8993224512543
141.89891412593778
141.94942457468346
141.9491752411419
141.96753754583318
141.9696036741452
141.96999055736183
141.9917681277116
141.99194817948123
141.99247852600243
141.99207083260788
141.99250296601576
142.0295961082547
142.02935009425119
142.02877064372754
142.0635361661406
142.09450386259903
142.09341963558978
142.09252695702787
142.1091307038431
142.10806850370673
142.10951961296422
142.11148334592073
142.11290616004317
142.11303580563174
142.11450825662934
142.11449530854057
142.114611666194
142.1140246910341
142.11542043563634
142.11552012638452
142.14599543656348
142.21932521094223
142.25289475861612
142.25283516549717
142.25335338352897
142.25215945776517
142.27398845996888
142.28624898847687
142.28613251020772
142.28637120047188
142.28744986293975
142.2910094527127
142.32701878315038
142.34802678133548
142.34831261129625
142.34927784837922
142.38207048440103
142.38087026257557
142.38137632554032
142.39347783374592
142.39499067629876
142.43130357209463
142.431513944395
142.4414705403015
142.4407609322316
142.4406094720809
142.45877827320953
142.45879555153138
142.49420438205917
142.49594649743375
142.51692069705717
142.53219135092635
142.5673145049142
142.5770665083343
142.6303225542815
142.63191648396943
142.6315569991986
142.6315733935748
142.65027963604535
142.65112745735607
142.65223185774843
142.67358333626788
142.7039799853812
142.73748077279646
142.78696785049934
142.78755827671088
142.78592513644298
142.78586465896208
142.79587756370057
142.81823161282662
142.83741842952256
142.83720649913093
142.85342346971754
142.85285734438847
142.8703662300542
142.87073909302907
142.89345795093058
142.89442911716037
142.932684621067
142.93324095620628
142.9330814814475
142.93360098149236
142.93402640118524
142.9338366031513
142.96774735417173
142.9677180074949
142.9671531265176
143.004601443308
143.00479426978325
143.0045897384729
143.06219388977792
143.0620884232244
143.06411187062847
143.0751495936785
143.07585495194664
143.07486191671924
143.07461350073535
143.07518128375506
143.0753972809029
143.07585495194664
143.076159714254
143.08588647300266
143.1058232182531
143.10659957501093
143.10712939965146
143.1125173108403
143.11285891834058
143.11305470548558
143.12683771852875
143.12689388503097
143.1268597989485
143.1353171722533
143.14672049919662
143.1664929168632
143.1667955729488
143.16721203968157
143.17596933461337
143.17644757275974
143.18788651685892
143.18790410693174
