with mode=3, handoff cost coefficient = 1.0
134.62879560027943
134.64574269794397
134.67119416865125
134.68320359004912
134.68320359004912
134.68320359004912
134.6893392140777
135.2437405867894
136.2449259144636
136.68098943661954
136.69232404909687
136.75571694720486
136.75567727080852
137.7077780194587
137.73485712914405
138.65401129075008
138.65531029427189
139.50633510237424
139.54891137128686
139.9423064096666
139.94229931173604
140.33344349447185
140.3340145029643
140.43472306326356
140.52419388985808
140.52410826559438
140.5278752114866
140.52928574349886
140.53089569597853
140.60746248253093
141.03086316199935
141.0337898765087
141.03380200397467
141.03790683532623
141.03803727962656
141.0380322388869
141.03993814195275
141.03993814195275
141.27424938876015
141.33083015551867
141.33083035039485
141.33076446643082
141.34317588752037
141.3441282223818
141.34712560745652
141.34704341672088
141.3493554739846
141.65199773083955
141.65197853881054
141.65349684097524
141.65342845357105
141.89336870421627
142.18244977177156
142.19687940358403
142.20025232155896
142.2002343531014
142.21684956760754
142.21715195837626
142.21953257013323
142.22839873141817
142.23140957454672
142.23454939028625
142.23455210686546
142.2366809974993
142.23667073489284
142.61250920245004
142.61250920245004
142.62249467341337
142.62249467341337
142.62574761285887
142.62695957032852
142.63567235807858
142.6356851841752
142.64211433709022
142.64569231735
142.68290165232779
142.67692829568355
142.6769081725612
142.67675449768464
142.67675449768464
142.67675449768464
142.67675449768464
142.67675449768464
142.67675449768464
142.67675449768464
142.67675449768464
142.67675449768464
142.67675449768464
142.68258811965077
142.67970487475165
142.6796843531508
142.68122565879563
142.68122565879563
142.6836384246132
142.68157939651053
142.68408399123388
142.6841053060939
142.6841053060939
142.68412396933385
142.68412396933385
142.68412396933385
142.68412396933385
142.84835114353447
142.8484218196639
142.84705793882654
142.84676850062854
142.84676850062854
142.84676850062854
142.84676850062854
142.84676850062854
142.84676850062854
142.84676850062854
142.84911921959298
142.84926734621078
142.84926734621078
142.84926734621078
142.84926734621078
142.84926734621078
142.85176926875673
142.85017156611298
142.85017156611298
142.85017156611298
142.85017156611298
142.85017156611298
142.85017156611298
142.85017156611298
142.85017156611298
142.85224293700963
142.85103129705726
142.85103129705726
142.8524751498021
142.8524751498021
142.85297851232792
142.85400619467725
142.85400619467725
142.85489166359534
142.85489166359534
142.85489166359534
142.85489166359534
142.85489166359534
142.85489166359534
142.85489166359534
142.85489166359534
142.85489166359534
142.85489166359534
142.85489166359534
142.85489166359534
142.85709079433673
142.8570895349493
142.86223992090024
142.8621059725553
142.86212474926717
142.86237186957302
142.86237186957302
142.86237186957302
142.86237186957302
142.86237186957302
143.0502164315179
143.05026389941867
143.05026389941867
143.049495943303
143.049495943303
143.049495943303
143.049495943303
143.0608241898521
143.06089254939207
143.06208279039308
143.06208279039308
143.06208279039308
143.06208279039308
143.06208279039308
143.06208279039308
143.06208279039308
143.06208279039308
143.06208279039308
143.06208279039308
143.06208279039308
143.06208279039308
143.06208279039308
143.06208279039308
143.06208279039308
143.06208279039308
143.06208279039308
143.06208279039308
143.06208279039308
143.06208279039308
143.06208279039308
143.06208279039308
143.06208279039308
143.06208279039308
143.06208279039308
143.06208279039308
143.06208279039308
143.23816427212506
143.2384478806646
143.2384478806646
143.2384478806646
143.2384478806646
143.2384478806646
143.2384478806646
143.24075291807296
143.2405443086506
143.2405510478812
143.244983465113
143.24533597651896
143.24566235334993
143.24571084597326
143.26115004085443
143.26115128418394
143.2616441615755
143.2616441615755
143.2616441615755
143.2616441615755
143.2616441615755
143.2616441615755
143.2616441615755
143.2616441615755
143.2616441615755
143.35498444129624
143.3550270011037
143.3560153411748
143.35982210082494
143.36482900706122
143.36546048101843
143.36563157027703
143.50077236685863
143.50184778669566
143.50381981667914
143.50496547282998
143.5054100540688
143.5054054444904
143.5052651088634
143.5052651088634
143.5052651088634
143.50686599664712
143.50724975908017
143.5072594178695
143.5229127478797
143.5229127478797
143.52291997386496
143.52292550644992
143.52292550644992
143.52292550644992
143.52292550644992
143.52292550644992
143.52292550644992
143.52292550644992
143.52292550644992
143.52292550644992
143.52292550644992
143.52292550644992
143.52292550644992
143.52292550644992
143.52292550644992
143.52292550644992
143.52292550644992
143.52292550644992
143.52292550644992
143.52292550644992
143.52292550644992
143.52292550644992
143.65858940550984
143.65858940550984
143.65869439054478
143.65869453459163
143.65869453459163
143.65869453459163
143.65869453459163
143.65869453459163
143.65869453459163
143.65869453459163
143.66034804896384
143.6603349536186
143.66124994215068
143.66126302930053
143.66126302930053
143.66126302930053
143.66126302930053
143.66126302930053
143.66185130491155
143.66185130491155
143.66185130491155
143.66185130491155
143.66185130491155
143.66185130491155
143.66185130491155
143.66278888971468
143.66278888971468
143.66278888971468
143.66279305938713
143.66279305938713
143.66279305938713
143.66279305938713
143.66279305938713
143.66279305938713
143.66279305938713
143.66279305938713
143.66279305938713
143.66279305938713
143.66279305938713
143.66279305938713
143.66279305938713
143.66279305938713
143.66279305938713
143.66279305938713
143.66279305938713
143.66279305938713
143.66279305938713
143.66279305938713
143.66279305938713
143.66279305938713
143.66279305938713
143.66279305938713
143.66279305938713
143.73405859137645
143.73640879402748
143.73646176796703
143.73699198609174
143.73698396751686
143.73698396751686
143.73698396751686
143.73698396751686
143.73698396751686
143.73698396751686
143.73698396751686
143.73698396751686
143.73698396751686
143.73698396751686
143.73698396751686
143.73698396751686
143.73698396751686
143.73698396751686
143.73698396751686
143.73698396751686
143.73698396751686
143.73698396751686
143.73698396751686
143.73698396751686
143.73698396751686
143.73698396751686
143.73698396751686
143.73698396751686
143.73698396751686
143.73698396751686
143.73698396751686
143.73698396751686
143.73698396751686
143.73698396751686
143.73698396751686
143.73698396751686
143.73698396751686
143.73698396751686
143.73698396751686
143.73698396751686
143.73698396751686
143.73698396751686
143.73698396751686
143.73698396751686
143.73698396751686
143.73698396751686
143.73698396751686
143.73698396751686
143.73698396751686
143.73698396751686
143.73698396751686
143.73698396751686
143.73698396751686
143.73698396751686
143.73698396751686
143.73698396751686
143.73698396751686
143.73698396751686
143.73698396751686
143.73698396751686
143.73698396751686
143.73698396751686
143.73698396751686
143.73698396751686
143.73698396751686
143.73698396751686
143.73698396751686
143.73698396751686
143.73698396751686
143.73698396751686
143.73698396751686
143.73698396751686
143.73698396751686
143.73698396751686
143.73698396751686
143.73698396751686
143.73698396751686
143.73698396751686
143.73698396751686
143.73698396751686
143.73698396751686
143.73698396751686
143.73698396751686
143.73698396751686
143.73698396751686
143.73698396751686
143.73698396751686
143.73698396751686
143.73698396751686
143.73698396751686
143.73698396751686
143.73698396751686
143.73698396751686
143.73698396751686
143.73698396751686
143.73698396751686
143.73698396751686
143.73698396751686
143.73698396751686
143.73698396751686
143.73698396751686
143.73698396751686
143.73698396751686
143.73698396751686
143.73698396751686
143.73698396751686
143.73698396751686
143.73698396751686
143.73698396751686
143.73698396751686
143.73698396751686
143.73698396751686
143.73698396751686
143.73698396751686
143.73698396751686
143.73698396751686
143.73698396751686
143.73698396751686
143.73698396751686
143.73698396751686
143.73698396751686
143.73698396751686
143.73698396751686
143.73698396751686
143.73698396751686
143.73698396751686
143.73698396751686
143.73698396751686
143.73698396751686
143.73698396751686
143.73698396751686
143.73698396751686
143.73698396751686
143.73698396751686
143.73698396751686
143.73698396751686
143.73698396751686
143.73698396751686
143.73698396751686
143.73698396751686
143.73698396751686
143.73698396751686
143.73698396751686
143.73698396751686
143.73698396751686
143.73698396751686
143.73698396751686
143.73698396751686
143.73698396751686
143.73698396751686
143.73698396751686
143.73698396751686
143.73698396751686
143.73698396751686
143.73698396751686
143.73698396751686
143.73698396751686
143.73698396751686
143.73698396751686
143.73698396751686
143.73698396751686
143.73698396751686
143.73698396751686
143.73698396751686
143.73698396751686
143.73698396751686
143.73797657594957
143.73863214782196
143.7386555202773
143.73878891706954
143.73878891706954
143.73878891706954
143.74015140481845
143.74015140481845
143.74017123411184
143.74017160706006
143.74017160706006
143.74017160706006
143.74017160706006
143.74017160706006
143.74017160706006
143.74030061945717
143.74030061945717
143.74030061945717
143.74030061945717
143.74030061945717
143.74030061945717
143.74015140481845
