with mode=1, handoff cost coefficient = 1.0
158.04230447199623
158.09522808086732
158.12671167350368
158.16685430619475
158.1681612990855
158.19015591896738
158.21013906863504
158.259773704941
158.2825814772026
158.29755613743478
158.30785100655004
158.33164790326447
158.34781748438706
158.35359711877157
158.37632805051635
158.42488294912744
158.462797614791
158.49507286125674
158.51641479911228
158.53237189190793
158.5634146923325
158.57152253670415
158.58695245118503
158.61809601451887
158.6270161728346
158.6319355745776
158.65695482898056
158.681241218383
158.72784323165862
158.74988683178708
158.78850230540345
158.82740786173287
158.86420017377617
158.89435359487453
158.91312867960696
158.92970012078894
158.95691172758796
158.9944175821492
159.00189543924134
159.00503229362806
159.00476606261122
159.04402681021554
159.10349532166214
159.1154604858545
159.1181553272953
159.13917782011904
159.183755677573
159.21341577542205
159.26940760977362
159.27373690719023
159.297855774449
159.317853981793
159.33355265916498
159.34067910860847
159.36024359737866
159.3633162248404
159.3727437014403
159.38090955736735
159.41391684700127
159.41988386280502
159.4377238322695
159.45108398507526
159.45606632421465
159.47492017741152
159.48931670154022
159.4955048176463
159.49563205187343
159.49571302737047
159.5363546380715
159.54387509309583
159.54394116124945
159.54827841167105
159.58253987884683
159.60283995870333
159.60840469113697
159.6117912314984
159.63076094895874
159.63104695265355
159.6696389584047
159.67254807677742
159.70344769010512
159.7501077923979
159.79073687210746
159.80770994656194
159.83667804395162
159.83684496384677
159.8657107446237
159.8958127619081
159.92493786976505
159.9476876716247
159.9728620087367
159.97170128522978
159.99430367596517
160.026044391096
160.05082017500132
160.06460742965584
160.09411502509047
160.11986947886462
160.12231903670875
160.14762821410204
160.15954494431622
160.210386421724
160.22042792562823
160.22106717086695
160.22152874986034
160.22302762022977
160.25253601340495
160.27990278941883
160.30664814691653
160.31905427112866
160.33013802519682
160.33716082045825
160.33628032340096
160.37488881323196
160.39577682139569
160.42102293029677
160.42604673812863
160.43929930663228
160.45201424904596
160.46617247492148
160.47421706869974
160.4920992905943
160.4933087169825
160.5106775409586
160.56099114572825
160.5697540248375
160.61440784326544
160.6161621423487
160.62742216141658
160.62970313486858
160.6701153525475
160.67130823728365
160.67340721399032
160.67276800965297
160.68952221704694
160.70844198066567
160.71673924692746
160.72848766000493
160.7451635911701
160.7561573795432
160.77522685352508
160.7857936869134
160.8079718796522
160.80900425224664
160.81997842028218
160.84579977850393
160.84815304778897
160.86247582387477
160.87154108070555
160.92068039806227
160.92054864256443
160.94175737806756
160.94801585164507
160.969188396952
160.96731476734996
160.98678100877834
161.0041762853963
161.00799969454954
161.0448242097732
161.09101625214362
161.13440207041396
161.15110666481738
161.17374078173307
161.1977774129679
161.20569127838502
161.22813443907137
161.23518687860786
161.2699837199866
161.3361316622615
161.33949599105298
161.34311094645975
161.357407080452
161.37070177319774
161.37448526500359
161.3866160806633
161.40305954578264
161.41584073427754
161.43357468363595
161.45776947896124
161.47971983174392
161.49716261461646
161.51741028404342
161.52636708341976
161.53545032588323
161.5727346324777
161.57375357570527
161.59129676102307
161.59736938997884
161.60011517777946
161.611491443298
161.62266241542713
161.6306059914944
161.64085471944364
161.66631820497665
161.69707455851471
161.69985132994626
161.74658017817234
161.75621292320093
161.77754986287815
161.7794092525934
161.78600841382777
161.78775569900702
161.81945213350792
161.82030001708324
161.82905857683986
161.8384975199269
161.85860464722532
161.86014633671843
161.88310175371876
161.89092514012572
161.90203277084265
161.90713323186748
161.9088727360005
161.91905563149027
161.92130765648542
161.93409771650897
162.00013768503408
162.0013723729382
162.0168555830181
162.01711603473754
162.02969018710738
162.02702862316931
162.02925212730494
162.04865582132945
162.0745903478482
162.10049620626037
162.12404196612394
162.15776014081212
162.1561162489147
162.18149011086447
162.17940020012907
162.20456537173644
162.22547409661433
162.24110102810687
162.24691699182142
162.25828465289857
162.2681378048428
162.29310946509617
162.3117814006311
162.31249447882328
162.3376080884395
162.36564326276493
162.3730692248641
162.39169936257395
162.4185264673223
162.42027813094197
162.44859549217512
162.4591383145371
162.4696525210149
162.48129834076988
162.4829785914247
162.48356931278312
162.48591506403932
162.5000407114783
162.50209152174943
162.55448756550112
162.5737680179162
162.57724754921688
162.61648148654962
162.6161055632089
162.61462192169682
162.6135802290595
162.64177317040088
162.65103836555403
162.66118304392745
162.68174676079101
162.6875173882633
162.6871326371269
162.73812411971662
162.74263980587017
162.74335546601927
162.79479127278847
162.79987233739485
162.80855750405124
162.81227504173535
162.86307686831492
162.90386634016102
162.91209100510915
162.92350955219163
162.93209323554464
162.93087211206512
162.9268031357759
162.92816207157034
162.93204198508272
162.97519100178485
162.98295243685317
162.99825259662364
163.0083806269443
163.01296542555846
163.04107455355586
163.04697460287252
163.04870769875726
163.05032925606338
163.05889698111503
163.0848076492398
163.08414623055097
163.08578920455784
163.08227829284425
163.1002640397044
163.10822041968265
163.11012913272722
163.1191259497564
163.1258032482317
163.1260760870868
163.14274842997176
163.14427038673932
163.14633315920233
163.1570865734459
163.16055257084528
163.16274222210248
163.1854211491214
163.1840343170192
163.1870329313087
163.1877274017342
163.1898946328974
163.19708658482688
163.2244403907879
163.22361225171602
163.22410111793866
163.23694566823423
163.24310446156676
163.25273464310987
163.2604062059013
163.26888603647788
163.27948486960312
163.28769463772431
163.28811942745196
163.2989156213686
163.29908724888259
163.29950780218033
163.31443023981362
163.315329310649
163.31800930943572
163.31621947834523
163.31694999561373
163.32414459814564
163.32578992794402
163.3313311399785
163.33179381191354
163.3396296920671
163.34040144756636
163.34251741050815
163.3414805574139
163.35027012546118
163.35939084416955
163.37125877555232
163.37734881613034
163.3850331495715
163.40405496140698
163.41319292320645
163.42029743284107
163.4268941500687
163.43494430737616
163.45861316479576
163.46062336122597
163.46005043711213
163.46620866963815
163.4663572689055
163.46391652477215
163.48402602680866
163.49225370690036
163.49808564685014
163.50184732430228
163.5202752077195
163.5364615120182
163.55229704363535
163.55301556811202
163.5691794950231
163.56630772027415
163.5666761484407
163.564357079743
163.59131110802502
163.58730045135584
163.59959898328194
163.6054096005124
163.6357064978941
163.6465900832156
163.66728301521277
163.66480908935782
163.66206623515734
163.66193869501785
163.66962229403717
163.67841531491513
163.6857149901296
163.6950549025095
163.71014544417088
163.70895119453635
163.7174753212512
163.72976533469563
163.72768430129423
163.75481154387649
163.7529419577172
163.75264821314371
163.76271888224656
163.76479656574747
163.7631413647987
163.77146579799899
163.77159799243265
163.77528438683765
163.782638845071
163.80876862470234
163.81480044514925
163.82129516542128
163.848510375027
163.85573472306947
163.87488268250488
163.87488351764765
163.87634904359587
163.93473097810366
163.9319303196311
163.9316848435595
163.94042975927604
163.94105287000048
163.95986772466875
163.98123464557347
163.9859393390148
163.98609369644336
163.98148859363084
163.9839933534866
163.9859583704835
163.98344637986833
164.00129742373315
164.00186756178417
164.00903229348424
164.00879453376064
164.02928855785078
164.02416616490652
164.02503118012672
164.04774202986135
164.04101219793628
164.04346927158647
164.04403378952225
164.05628269329168
164.0563236744375
164.0551047086206
164.05733889172262
164.05915222045707
164.0573930804497
164.0622035889346
164.08540865558905
164.11532860019014
164.11799144183442
164.11681531584082
164.1178142190194
164.12807294164475
164.12758094538674
164.14887956372172
164.16964579494348
164.17158043422447
164.19241860735266
164.19894036294448
164.2005212670462
164.20028957251213
164.19887536522015
164.2187422425607
164.21799244562118
164.21601050392385
164.21433815886678
164.2137052406105
164.23843595781477
164.2364647535396
164.2406913198671
164.24716146527885
164.24818501659703
164.24475149373075
164.24387984218123
164.25391018626988
164.25683767531822
164.28698178807517
164.3074187896355
164.30795017578234
164.32038619158078
164.32158728943935
164.32815403287753
164.3529652696074
164.34755335238967
164.35371143011395
164.35817666620255
164.36619743830883
164.38424204763925
164.38843116878945
164.38717921181689
164.38668493364978
164.38744866397482
164.38964322353993
164.38683403651788
164.38779823009318
164.40788868225476
164.4072195552865
164.4079052532832
164.44368100993555
164.4495353003708
164.45075258900908
164.4531527724113
164.46090638107975
164.46156953463554
164.46279252263395
164.46231289396056
164.46901421128916
164.46907018884463
164.4923355553464
