with mode=3, handoff cost coefficient = 1.0
158.04230447199623
158.1401023392409
158.1808926146855
158.56879380787106
158.57462798223312
158.57621521612757
158.59356615411988
158.59356615411988
158.5940892126144
158.60783274557974
158.86698962349993
158.90677081184418
159.12530966343633
159.39463708272203
160.0834622909736
160.08321682267479
160.3977233944145
160.39832975380452
161.0420326151021
161.34149214074034
161.34116674130843
161.3436060234308
161.521623774012
161.5103434361957
161.8478217706364
161.85693947261964
162.0451069224781
162.08478985371073
162.09336541478646
162.4617451823986
162.48161731791893
162.64493937201792
162.65756679502582
162.68580755811132
162.68598350945973
162.68598350945973
162.68575462750889
162.68575462750889
162.68575462750889
162.8757729311303
162.9067076842158
162.91074132669218
162.91670682691208
162.9345857332173
162.94130602307771
162.94494011505247
163.00039133389708
163.00231825140324
163.00911646215513
163.0093408349421
163.00746210845634
163.00746210845634
163.01701701384513
163.02021020746943
163.02034459776283
163.0178785718841
163.0232655253234
163.02569388046237
163.16004598204304
163.16081630663365
163.16009722272713
163.16672061491073
163.1664731141954
163.16696346227957
163.17997639692877
163.18345127228864
163.18347952279777
163.18367202867873
163.18172747489422
163.18172747489422
163.18172747489422
163.18366846087685
163.18383852659346
163.18383852659346
163.18383852659346
163.1927981827675
163.19497993096624
163.19519568435788
163.1962579073767
163.1962579073767
163.1962579073767
163.1962579073767
163.1962579073767
163.1962579073767
163.1962579073767
163.1962579073767
163.1962579073767
163.1962579073767
163.1962579073767
163.1962579073767
163.1962579073767
163.1962579073767
163.1962579073767
163.1962579073767
163.1962579073767
163.1962579073767
163.1962579073767
163.1962579073767
163.1962579073767
163.1962579073767
163.1962579073767
163.1962579073767
163.1962579073767
163.1962579073767
163.1962579073767
163.1962579073767
163.1962579073767
163.1962579073767
163.32060951056266
163.3209572893197
163.32071452349328
163.32071452349328
163.32071452349328
163.44611937759666
163.44615540921987
163.44613249780647
163.44613291268
163.44613291268
163.44613291268
163.44613291268
163.44613291268
163.44613291268
163.44797476645812
163.45177970404814
163.45243934146623
163.4510550689331
163.4510550689331
163.4510550689331
163.45734318031583
163.45779584077775
163.45779501431252
163.45701649900747
163.45701649900747
163.45701649900747
163.48603120105415
163.48608854710906
163.4865382820397
163.59582209477597
163.59524155310672
163.59529065178137
163.59529491809909
163.59529491809909
163.59529491809909
163.59529491809909
163.59529491809909
163.59529491809909
163.59529491809909
163.59529491809909
163.59529491809909
163.59529491809909
163.59529491809909
163.59529491809909
163.59529491809909
163.59529491809909
163.59529491809909
163.68473291998276
163.6846314353282
163.68726674746094
163.68725672408326
163.6876493224269
163.6876493224269
163.6876493224269
163.6876493224269
163.6876493224269
163.6876493224269
163.6876493224269
163.6876493224269
163.6876493224269
163.6876493224269
163.6892208418797
163.68901709375413
163.68901709375413
163.70253090451666
163.70198953581365
163.7018177317767
163.7043424976158
163.7043424976158
163.7043424976158
163.70449844751795
163.70449844751795
163.70449844751795
163.70449844751795
163.70449844751795
163.70449844751795
163.70449844751795
163.70449844751795
163.70449844751795
163.70449844751795
163.70449844751795
163.70449844751795
163.70449844751795
163.70449844751795
163.70449844751795
163.70449844751795
163.70449844751795
163.70449844751795
163.70449844751795
163.70627101139132
163.70627101139132
163.70627101139132
163.70693829764292
163.70693829764292
163.70693829764292
163.70693829764292
163.70693829764292
163.70693829764292
163.70693829764292
163.70693829764292
163.70693829764292
163.7097354993268
163.71003512395748
163.7101086380858
163.7101377487934
163.7101377487934
163.7101377487934
163.7101377487934
163.7101377487934
163.7101377487934
163.7101377487934
163.7101377487934
163.7101377487934
163.7101377487934
163.7101377487934
163.7101377487934
163.7101377487934
163.7101377487934
163.7101377487934
163.7101377487934
163.7101377487934
163.7101377487934
163.7101377487934
163.7101377487934
163.7101377487934
163.7101377487934
163.7101377487934
163.7101377487934
163.7101377487934
163.7101377487934
163.7101377487934
163.7101377487934
163.7101377487934
163.7101377487934
163.7101377487934
163.7101377487934
163.7101377487934
163.7101377487934
163.7101377487934
163.7101377487934
163.7101377487934
163.7101377487934
163.7101377487934
163.7101377487934
163.7101377487934
163.7101377487934
163.7101377487934
163.7101377487934
163.7101377487934
163.7101377487934
163.7101377487934
163.7101377487934
163.7101377487934
163.7101377487934
163.7101377487934
163.7101377487934
163.7101377487934
163.7101377487934
163.7101377487934
163.71226398421535
163.71226398421535
163.71168805575297
163.71211708646
163.71211708646
163.71211708646
163.71211708646
163.71211708646
163.71211708646
163.71211708646
163.71211708646
163.71471891690172
163.77473694146593
163.7748558954192
163.7749613775778
163.7750351560876
163.7750351560876
163.7750351560876
163.7750351560876
163.7750351560876
163.7776088950401
163.77770876419615
163.78577184708752
163.78578919699032
163.78577985745986
163.78581626139427
163.78581626139427
163.78581626139427
163.78581626139427
163.78581626139427
163.78581626139427
163.78581626139427
163.78581626139427
163.78581626139427
163.78581626139427
163.78581626139427
163.78581626139427
163.78581626139427
163.78581626139427
163.78581626139427
163.78773673061076
163.78806959314306
163.78801838206223
163.7883693977352
163.8523446320593
163.85236338815946
163.85238626777388
163.8525133292494
163.8525133292494
163.8525133292494
163.8525133292494
163.8525133292494
163.8525133292494
163.8525133292494
163.8525133292494
163.8525133292494
163.8525133292494
163.8525133292494
163.8525133292494
163.8525133292494
163.8525133292494
163.8525133292494
163.8525133292494
163.8525133292494
163.8525133292494
163.8525133292494
163.8525133292494
163.8525133292494
163.8525133292494
163.8525133292494
163.8525133292494
163.8525133292494
163.8525133292494
163.8525133292494
163.8525133292494
163.8525133292494
163.8525133292494
163.8525133292494
163.8525133292494
163.8525133292494
163.8525133292494
163.8525133292494
163.8525133292494
163.8525133292494
163.8525133292494
163.8525133292494
163.8525133292494
163.8525133292494
163.8525133292494
163.8525133292494
163.8525133292494
163.8525133292494
163.8525133292494
163.8525133292494
163.8525133292494
163.8525133292494
163.8525133292494
163.8525133292494
163.8525133292494
163.90046666983977
163.9003680731005
163.90046662686083
163.90052443578824
163.90052443578824
163.90052443578824
163.90052443578824
163.90052443578824
163.90052443578824
163.90052443578824
163.90052443578824
163.90052443578824
163.90052443578824
163.90052443578824
163.90052443578824
163.90052443578824
163.90052443578824
163.90052443578824
163.90052443578824
163.90052443578824
163.90052443578824
163.90052443578824
163.90052443578824
163.90052443578824
163.90052443578824
163.90052443578824
163.90052443578824
163.90052443578824
163.90052443578824
163.90052443578824
163.90052443578824
163.90052443578824
163.90052443578824
163.90052443578824
163.90052443578824
163.90052443578824
163.90052443578824
163.90052443578824
163.90052443578824
163.90052443578824
163.90052443578824
163.90052443578824
163.90052443578824
163.90052443578824
163.90052443578824
163.90052443578824
163.90052443578824
163.90052443578824
163.90052443578824
163.90052443578824
163.90052443578824
163.90052443578824
163.90052443578824
163.90052443578824
163.90052443578824
163.90052443578824
163.90052443578824
163.90052443578824
163.90052443578824
163.90052443578824
163.90052443578824
163.90052443578824
163.90052443578824
163.90052443578824
163.90052443578824
163.90052443578824
163.90052443578824
163.90052443578824
163.90052443578824
163.90052443578824
163.90052443578824
163.90052443578824
163.90052443578824
163.90052443578824
163.90052443578824
163.90052443578824
163.90052443578824
163.90052443578824
163.90052443578824
163.90052443578824
163.90052443578824
163.90052443578824
163.90052443578824
163.90052443578824
163.90052443578824
163.90052443578824
163.90052443578824
163.90052443578824
163.90052443578824
163.90052443578824
163.90052443578824
163.90052443578824
163.90052443578824
163.90052443578824
163.90052443578824
163.90052443578824
163.90052443578824
163.90052443578824
163.90052443578824
163.90052443578824
163.90052443578824
163.90052443578824
163.90052443578824
163.90052443578824
163.90052443578824
163.90052443578824
163.90052443578824
163.90052443578824
163.90052443578824
163.90052443578824
163.90052443578824
163.90052443578824
163.90052443578824
163.90052443578824
163.90052443578824
163.90052443578824
163.90052443578824
163.90052443578824
163.90052443578824
163.90052443578824
163.90052443578824
163.90052443578824
163.90052443578824
163.90052443578824
163.90052443578824
163.90052443578824
163.90052443578824
163.90052443578824
163.90052443578824
163.90052443578824
163.90052443578824
163.90052443578824
163.90052443578824
163.90052443578824
163.90052443578824
163.90046666983977
