with mode=0, handoff cost coefficient = 1.0
158.04230447199623
158.0626289691318
158.0626289691318
158.06841875641453
158.1020558655329
158.12270302375808
158.231879205543
158.2204742605201
158.22031804007307
158.22038816699543
158.21904935162598
158.31608288051174
158.28708070862257
158.28004055253413
158.30564402947115
158.32149334134024
158.3285843130054
158.31212511504359
158.3142152225578
158.31393154207174
158.42067363538015
158.51607055569272
158.51608429517998
158.535084208875
158.56616418391408
158.52726277837283
158.6362149382359
158.64288076690738
158.651633923812
158.73836390205744
158.74893094494809
158.80406927547722
158.83155819826905
158.8216608697823
158.87828208081865
158.89094032728494
158.90143256728496
158.90457808821932
158.89678259914703
158.8768188629777
158.88411740089194
159.0957322896754
159.09579460790997
159.09579510774887
159.1901343370456
159.19137269749697
159.2084376000399
159.29747576683144
159.2860232507813
159.28676099662087
159.29559657447132
159.2980266139826
159.3112123604541
159.31789536472004
159.31768066798264
159.42588007694323
159.42769606898483
159.42770368260545
159.6339930010207
159.72777205464897
159.72614388793284
159.72690238298173
159.7413909589008
159.76634929982043
159.76629878980964
159.7660432100489
159.87094789337868
159.8808377104611
159.88148632241678
159.83702284726434
159.83751118273602
159.9403336986174
159.94031515095136
159.96289136003927
159.96255813454604
159.96540476418863
160.05141806126392
160.06429482116542
160.06161845677508
160.06687940480444
160.06435816634684
160.15704665400236
160.1581694014647
160.1581694014647
160.16020981880848
160.1661229300618
160.16612578162736
160.2573454515635
160.25508107474792
160.25569767613857
160.24035291449565
160.27844480985016
160.2345105380493
160.23537831193337
160.32251971520574
160.32251971520574
160.3385889879299
160.33399091988775
160.33406574750714
160.36529658733963
160.36529658733963
160.42390810835136
160.42391621332263
160.43195924878196
160.42324459662
160.42003561943523
160.4058501378175
160.5127600296716
160.56779002715504
160.5683493257016
160.57013776058002
160.57013474734507
160.57311913244644
160.57654007655728
160.6064298603827
160.60770637656807
160.60349434134457
160.64252959360184
160.64265713230242
160.73657856893902
160.73236024181273
160.7342032496232
160.7294830039467
160.73604807561816
160.81477077486272
160.84840527635788
160.84830432496034
160.84805543525465
160.8540304893289
160.85411761699177
160.9478542229752
160.9478542229752
160.9478542229752
161.04487117059966
161.0427132820945
161.05774887227534
161.05654466145774
161.14486209875238
161.15705827500005
161.25673854315707
161.2290465279758
161.24275556415648
161.24379624716906
161.2465701744875
161.25673854315707
161.25317930815817
161.2570572905859
161.25721433871223
161.25732675879152
161.25730707607414
161.24133707859727
161.24689483670403
161.25288229392243
161.25732675879152
161.2573507113828
161.25918662000203
161.25932629519363
161.25956848360207
161.26005830401482
161.26027300605517
161.26037974139334
161.260456347476
161.28115309319776
161.2811872116307
161.28272840706677
161.28272840706677
161.2829461460551
161.28453463833526
161.28538436370025
161.28550605567406
161.28742340447795
161.30862341485087
161.30910875331088
161.31022575415986
161.31042214268496
161.31042214268496
161.31145657413344
161.31042214268496
161.30930514183598
161.31026344336973
161.32910725825747
161.32965485879416
161.32969832101864
161.32971971197642
161.33005137587395
161.33014187016767
161.3304156619129
161.33064372219152
161.33082956909226
161.35284204753748
161.35397389818456
161.37260210618118
161.37260210618118
161.37399640062003
161.37399640062003
161.37551745067168
161.37558946796898
161.3751841029327
161.37569808191964
161.37734895378344
161.3773769822958
161.43044592518567
161.4305086488258
161.4305086488258
161.43312581295854
161.43321531480166
161.43336968761207
161.43443161248723
161.43443161248723
161.43463885289128
161.4539490555423
161.45419267571913
161.45486937652112
161.45558786510315
161.4556162778743
161.4556162778743
161.4556167803586
161.45511625573212
161.45511294891207
161.4556162778743
161.4634820642513
161.47360203519406
161.4737752021535
161.47460251219667
161.47460491732494
161.47563240019593
161.48566615432267
161.51182777165937
161.51527626761452
161.52608021186455
161.54038679407952
161.54082180227508
161.54087957826084
161.54095366072937
161.54375913207002
161.54385305585802
161.54395391536448
161.5446756994992
161.54518806398409
161.54491574722877
161.54500168639413
161.5450326541611
161.54509291584003
161.54589133408882
161.54625683992288
161.54625790343482
161.54684825469081
161.5480946599257
161.56266013849898
161.56292618629902
161.5633383830379
161.56334120182595
161.56373192157025
161.5637417487838
161.56374596910138
161.56379709624764
161.56379709624764
161.56379709624764
161.5637984171193
161.57134305527086
161.57136904781316
161.57139632624308
161.57155426995143
161.57157293999376
161.57228802990068
161.5868556184392
161.5868556184392
161.58747238266113
161.5912376619857
161.5912394249495
161.59117397408295
161.591086496768
161.5912322392311
161.5912376619857
161.59173817851354
161.59174182647666
161.59174415430624
161.60492936582654
161.6049257178634
161.60517534190922
161.60515933125032
161.60518282693621
161.60528821833242
161.61024305077152
161.62340873570278
161.6238832641333
161.62403044727233
161.62583212660732
161.62580739018398
161.62581349902555
161.63073716508094
161.63116231418647
161.63127763652977
161.631304513447
161.63112847450364
161.63845297742648
161.6384771289581
161.63870626319903
161.63870662198593
161.6387730860046
161.63883613636986
161.6389132732612
161.63903451821562
161.63903878929793
161.6429074186057
161.6432460798504
161.64339279185012
161.64403518860888
161.64404156991213
161.64486580795418
161.64487897631466
161.65009672567348
161.65022238870782
161.65022251430165
161.6502317488443
161.65054436087357
161.65056367147395
161.65031716816273
161.65396286838435
161.65398451731153
161.65403126653703
161.65463204244324
161.65469407017522
161.6594734602606
161.66115858812464
161.66477576099362
161.6664467685821
161.66650460686955
161.66652653120917
161.6673341683175
161.66725351826915
161.66726436487585
161.667277611712
161.66744131337023
161.66750298601292
161.66752226357156
161.6709557833463
161.6743340676952
161.6743373957244
161.67434507698573
161.67470348899266
161.6750171667269
161.67990560122436
161.67994433459413
161.67994434409877
161.68007447146988
161.68008945901025
161.68328055574813
161.68837324202468
161.68837324202468
161.68839131246057
161.693265175718
161.69328875893626
161.69333569480983
161.69332933182235
161.69334498958185
161.69330081541506
161.6933183100491
161.69333569480983
161.69576711265242
161.69607755182102
161.69617581630453
161.6961850591166
161.699851643707
161.69990444206616
161.70005962774638
161.7018712964127
161.70207006728955
161.70207008485966
161.70221856162303
161.70222345651666
161.70201675471878
161.70243311964677
161.70245468253734
161.70253538540481
161.70434587442554
161.70450557794015
161.70464611602492
161.70465423699994
161.70465423699994
161.7046417947825
161.7047886795208
161.7047886795208
161.7048402752476
161.7050787933961
161.70529260670125
161.70530189332248
161.70530631305627
161.70540548294898
161.70542283759465
161.70543062725304
161.70543592229095
161.70724504479543
161.70759419505373
161.70759419505373
161.70759440116313
161.70759440116313
161.7076133023129
161.70762390876118
161.70763970866653
161.7077790381349
161.7077790381349
161.70840891549986
161.70843699213847
161.70930524094683
161.7093163327642
161.70931693461375
161.70932510364906
161.71017205190537
161.7103403263611
161.71056086568498
161.71064136825584
161.71066407848645
161.71076685356815
161.7108266906638
161.71087034118986
161.71359369955061
161.7136092542972
161.71361868882678
161.71728488996047
161.71728973135532
161.71738622935035
161.71765815463132
161.7179664806193
161.7179664806193
161.71797381542157
161.72170552164886
161.72186084466875
161.7218694338217
161.7218776205613
161.7220143852876
161.72202205416664
161.72457807489042
161.72461470896917
161.72466327886966
161.72468104178785
161.7246941846719
161.72470670127257
161.72491816971763
161.72513802509343
161.72514874816426
161.7254238090838
161.73202856362
161.73210745641882
161.73870861325477
161.73878286201838
161.7411407125736
161.7411407125736
161.74115509966018
161.74198944712103
161.74209451704647
161.7421058213786
161.74212209199638
161.74223963222718
161.7422404260113
161.74224946421458
161.74235635544326
161.7424424618754
161.74425489022974
161.74438398285753
161.74438570618648
161.74439401394878
161.7444384826433
161.74444289141053
161.7444727053803
161.74448139642985
161.7446094844982
161.74463520521576
161.7447579860456
161.75135460702293
161.75135748594965
161.75136588494402
161.75146432044738
161.75185235509713
161.75267629429183
161.75267974339147
161.75269121905612
161.75273846306004
161.75546531397197
161.7554752171122
161.759132909725
161.75915244895518
161.75916349198766
161.75971762889844
161.7597981678997
161.7597753156566
161.7623430512441
161.7623527837502
161.76235297727712
161.76416539620556
161.76423760162712
161.76444548382864
161.7645512698578
161.76470120957583
161.76511053793425
161.76511945055833
161.76769256802766
161.76774741727917
161.7743389967461
161.7743511522398
161.77444934234975
