with mode=1, handoff cost coefficient = 1.0
158.38525989969568
158.3967888502362
158.4391528702252
158.4585637952276
158.50386268523508
158.55668612819636
158.56759898168295
158.62444040030007
158.63599468982912
158.68108616076125
158.70286260063577
158.70890404414914
158.7491674224426
158.82861951159373
158.8456764800441
158.86532426788295
158.8831343198095
158.9006951649694
158.94073012722296
158.94633257189656
159.0088981583158
159.02827668803926
159.03743399667655
159.05464360448178
159.0606968768878
159.06878707260188
159.0890166918906
159.0921279647445
159.10969828401412
159.17369842904836
159.1846632418192
159.19260885858816
159.22729923973637
159.23343955471285
159.28725217637324
159.29451826318578
159.36891107511067
159.37392662682305
159.42995892245293
159.4439444771791
159.456184714256
159.4653052751753
159.5375221152173
159.59571689727323
159.6123039433012
159.70422195128367
159.76070671205667
159.76256650886071
159.76989655627688
159.77054992850157
159.78210549431955
159.7910944621073
159.79893553907536
159.79976575460236
159.81807773725652
159.83031965899013
159.83781714183357
159.8955239595186
159.89660059439615
159.90593692364016
159.99340426596916
160.01542161359802
160.05163214010608
160.05245328792822
160.05095316785548
160.06651673870627
160.1034437547255
160.11161039663517
160.14507621420438
160.14966146617095
160.18595911765885
160.22164807883127
160.22344342621406
160.22620840268473
160.22655715647764
160.22786878732921
160.24527533395596
160.24725270795457
160.24676578966515
160.2956111940904
160.29656834948577
160.29644366320764
160.31604141827313
160.3681875072363
160.37127244244246
160.41835776609463
160.46956743901598
160.47163910690503
160.47435146017912
160.49274319176078
160.54457946375132
160.5508406268641
160.55333203076665
160.5511460154637
160.55357868667008
160.55381610256566
160.55335356897993
160.55924007131537
160.58041636165663
160.580942695349
160.58642047932466
160.59087690905923
160.58904003397433
160.59140134434605
160.610059370299
160.64855587713623
160.6505463626477
160.67511462283062
160.6764898975679
160.67744050098773
160.67964372555238
160.68351736505034
160.68665491956105
160.73734570629298
160.77265015877174
160.80561514107836
160.80746820169682
160.82230104604255
160.82428631915442
160.82919259180827
160.84198189683505
160.85620337209318
160.856035051962
160.85674598153582
160.85726291102307
160.8791277891383
160.8807576808536
160.90403599384607
160.92305465374275
160.94542350123035
160.9448836826518
160.94902718118084
161.00004213905734
161.00108884316157
161.0537279746981
161.05513636369113
161.0568050174214
161.0729958190431
161.07237766411413
161.09099342471882
161.0909715146055
161.09095763276017
161.08860386650528
161.08993378875167
161.1035316801424
161.11474468424817
161.1684005958162
161.2711843281176
161.2904333818158
161.31676075699647
161.31544598216408
161.35150067963102
161.35193559805757
161.35808339861728
161.40982646571513
161.46444307729266
161.46476497528027
161.46921453862237
161.51610325168116
161.53553104844173
161.5392140994346
161.5410265015582
161.5451621182052
161.58166445808706
161.63074606323434
161.6610898685439
161.66168100894205
161.65588412089207
161.6570962521249
161.7056809392934
161.7064591338705
161.70788919877964
161.71190060762586
161.71534112634123
161.71456044182275
161.72247268787592
161.82540555345227
161.83614248308584
161.8381066679925
161.83661911916326
161.84795153677476
161.8790569759045
161.8851364501228
161.90613310242875
161.90557599167764
161.9078981467008
161.95741236752352
161.97768789507353
162.032164158527
162.06381207561463
162.0633113571484
162.06186133057486
162.0797904822452
162.16682594718344
162.27349849024466
162.27309874897017
162.27031833318313
162.27611855876887
162.27747587565335
162.3320628419971
162.33181482467992
162.33358651853914
162.35228532419828
162.35066025990722
162.35149944162617
162.35079111416425
162.35124513370448
162.35269533772362
162.3670075330924
162.36947752430171
162.37311557976113
162.37233922249214
162.40451074756663
162.44105396560553
162.45589392603299
162.50904321054543
162.54568381686653
162.54739182426545
162.55075886114432
162.55029291652573
162.58666549478775
162.63595656091405
162.6339251825998
162.63644255598825
162.6716946009516
162.7085629292098
162.74054152932547
162.74077224543393
162.77479630722706
162.77696381721245
162.8266287857524
162.89344825676253
162.89373877063818
162.90713458576604
162.90740843431175
162.9207602780712
162.92315202101946
162.94165523737738
162.94250047218176
162.992197641763
162.99709508555736
163.02852458415305
163.04127050621483
163.04244319862156
163.03999041168368
163.04480550857684
163.0473917578031
163.08315008768096
163.0959446432352
163.09894454406913
163.1535095999145
163.15461287744708
163.20473913003525
163.2039769245054
163.20761840994146
163.2078525215133
163.24265695263352
163.27796328709948
163.32816714814527
163.33072221447907
163.36543975951716
163.36818483078483
163.36867470677734
163.37009157557654
163.36969629687582
163.37288737719538
163.37004437419947
163.36974176399286
163.36938579476146
163.3700087663931
163.4501827771321
163.45095244749314
163.50103041114755
163.5021823150105
163.51634170572572
163.54998310892086
163.56754695646993
163.59942548982053
163.59866707436152
163.5970713218886
163.60000434117626
163.60262162943917
163.6036438029344
163.6171556953478
163.61730707361903
163.6188899518222
163.62061171006837
163.62252405709552
163.6272517430576
163.62509643021124
163.62499075685568
163.62859594164564
163.63154900147734
163.6343082956027
163.63545568633225
163.63340702058022
163.63217462668715
163.63510721016584
163.6703059180023
163.69976733973752
163.76633408666436
163.77849953134648
163.78088242623903
163.80127072525653
163.82966533747202
163.86153365916866
163.8593437930287
163.87402734819844
163.9288606149842
163.9785369588466
163.9802027119363
163.98242698152595
164.0314929660275
164.03238347372027
164.03157142044904
164.0803988942642
164.0821071897085
164.07671952263794
164.07514826252432
164.0918656152401
164.10464750506657
164.10755781662485
164.1177009563431
164.12171375394115
164.12073800149466
164.12627262780518
164.1291449749339
164.1321341688604
164.1339871063758
164.13609541152186
164.18637714673048
164.18637564439578
164.2014154902396
164.2448957607638
164.25557404590558
164.2536010814869
164.25705800601122
164.35741820417633
164.35952481301004
164.36224866646558
164.39364257421778
164.4075400295484
164.40894528281655
164.4106252866241
164.42156116352658
164.4218489633741
164.4236722899669
164.45489331687244
164.45474002864572
164.52733586586248
164.5281621956771
164.62447315035493
164.6270901783875
164.6284837605041
164.63986043153727
164.64059507185306
164.64328847527435
164.66112650983396
164.67351772166532
164.72116204035072
164.73265248111448
164.73409338581433
164.7447308329888
164.75581297144856
164.7592846176666
164.762612269883
164.76282342322108
164.79139517048824
164.79270233804647
164.79192228472962
164.83462103874032
164.83500427890104
164.83604683746591
164.85078189317687
164.86140382220313
164.8611980090958
164.8653775184455
164.8658038656407
164.86739086727945
164.86765490043928
164.88311868888752
164.8824947718037
164.8857764541237
164.90246109152872
164.90222423273076
164.90474495094855
164.9562873250556
164.95447733717518
164.98605482535228
165.0325704351517
165.02971756576287
165.03319904035746
165.06929338733346
165.08702689081815
165.10320505500965
165.1189750413207
165.12030364507442
165.1190840465627
165.13372252088368
165.13026234133525
165.13202668093584
165.13089832044346
165.12976726562565
165.14137128225508
165.14132583476498
165.14256911184287
165.14602063617932
165.1503626959344
165.1836252652446
165.21642241539888
165.21870119892128
165.2503820832314
165.253237155062
165.30232331001878
165.33289107970506
165.38264769964488
165.38469480309175
165.38612678432457
165.38691544651456
165.3866313376531
165.38490188460895
165.43341552667906
165.43172396269762
165.4361358331318
165.436152421066
165.43924270463512
165.44266151457128
165.4422818044258
165.44140908607147
165.4431656360281
165.4523791071708
165.45123250494004
165.4868183162086
165.48923263467998
165.4902258801789
165.49092111138555
165.5263518272662
165.52505143318675
165.52533329189407
165.5243961279455
165.52688125647194
165.54448009015266
165.54581579562284
165.58671048666616
165.60256077016953
165.6012968328576
165.60118843290581
165.6045133609301
165.60627825562932
165.6093191913838
165.61987437675225
165.62276993252604
165.65794231035358
165.65688509976601
165.6934946070666
165.69242976636963
165.70518975784964
165.70769216520063
165.75572875472758
165.77204364928073
165.77243433902638
165.78566587122134
165.7857792459445
165.8025677582429
165.81779214316222
165.81666085214152
165.81793378708093
165.81932131208413
165.82560366184157
165.85755531820774
165.855647564015
165.86892158800978
165.87097775972677
165.8724209991723
165.88747963646802
165.88621904115175
165.88461920650585
165.89756220598005
165.9343695378029
165.97065858879628
165.9693883943835
165.97021681980632
165.97127371852878
165.9730272097396
165.97422695990483
166.01789017967684
166.03076954965053
166.04413249980394
166.05990675245874
166.06216216611426
166.07725427047117
166.07777785894243
166.11163904751567
166.11750364154273
166.1191695568346
166.14327496077013
166.15786781331371
166.20338790435602
166.2043527245655
166.20428740132488
166.2043527245655
