with mode=3, handoff cost coefficient = 1.0
158.38525989969568
158.38525989969568
158.90984090937368
159.0219067543974
159.0823629969149
159.164100807432
159.16409351261575
159.17689487777466
159.17689487777466
159.24649489326268
160.0856484731802
160.08563510871514
160.20308199254896
160.98826393321542
161.00185194936208
162.217300088296
162.2514642476681
162.25125235727455
162.29933144179793
162.30109666155425
162.33434685018807
162.4730995819
162.50680170893668
162.51178089089194
163.66178871702766
163.95328282479153
163.99635455862008
164.0015207545281
164.00491891885272
164.02383108448214
164.05646553221453
164.05646553221453
164.07072937510662
164.09913663818077
164.0991337880567
164.11429568598095
164.11429568598095
164.10401351829103
164.1188954697208
164.18294733878025
164.53019624796815
164.53712991500623
164.53461805571115
164.54760552021972
164.55203682938773
164.55930217541348
164.84328604954956
164.84328593123894
164.8423136227583
164.87869891042564
164.87957511951876
164.86527314254857
164.8651773956038
164.8651773956038
164.8651773956038
164.8651773956038
164.8651773956038
165.11095989169817
165.11205958245807
165.1138135294375
165.11392721638066
165.11563165564013
165.11563165564013
165.14871381926199
165.1556686941387
165.15594555245497
165.15594730365223
165.16199583560092
165.185107041039
165.18279441563038
165.19450883203186
165.19656684799568
165.19773814304634
165.19772846646234
165.19772846646234
165.23054313457098
165.2319733393001
165.23196154789616
165.22577062727984
165.22577062727984
165.22577062727984
165.22577062727984
165.22577062727984
165.22577062727984
165.22577062727984
165.22577062727984
165.2298804326518
165.2298804326518
165.2298804326518
165.2298804326518
165.44751014015156
165.4443736736223
165.4450508112468
165.44505580722628
165.44505580722628
165.44643526900833
165.44643526900833
165.44643526900833
165.46620788122675
165.46738204489964
165.46860836607956
165.46880494848128
165.46890309751095
165.46890309751095
165.46890309751095
165.46890309751095
165.46890309751095
165.46890309751095
165.46890309751095
165.46890309751095
165.46890309751095
165.48437026513906
165.5098113289901
165.50921475016028
165.5006257555809
165.50070857809152
165.50070857809152
165.50070857809152
165.50070857809152
165.5071094259811
165.5071094259811
165.53369413444926
165.53223668246042
165.52727449249474
165.53473176795703
165.53473176795703
165.53473176795703
165.53566530282626
165.53645270183253
165.53645270183253
165.5364893811411
165.5364893811411
165.5364893811411
165.5364893811411
165.5364893811411
165.5364893811411
165.5364893811411
165.5364893811411
165.5364893811411
165.53809823923754
165.5381262333406
165.538168371418
165.53817098558903
165.53817098558903
165.53817098558903
165.5459351752533
165.5691990884371
165.56919618877708
165.56919781938143
165.57407761604944
165.57273714203126
165.57273693149946
165.57598121732735
165.57749320962336
165.57751166783422
165.5775123193354
165.5775123193354
165.5775123193354
165.5775123193354
165.5775123193354
165.5775123193354
165.5775123193354
165.5775123193354
165.5775123193354
165.57903259069
165.57903259069
165.58162577758034
165.5824005053262
165.5825070154559
165.58144437379815
165.58144437379815
165.58144437379815
165.58144437379815
165.58144437379815
165.58144437379815
165.58314805451758
165.58314805451758
165.58316735906112
165.58316735906112
165.58316735906112
165.58316735906112
165.58316735906112
165.58316735906112
165.58316735906112
165.58316735906112
165.58316735906112
165.58316735906112
165.58316735906112
165.58316735906112
165.58316735906112
165.58316735906112
165.58316735906112
165.58316735906112
165.58316735906112
165.58356471344408
165.58356471344408
165.5843943930005
165.5843943930005
165.5843943930005
165.58461015918428
165.58461015918428
165.72136575774277
165.72181292129665
165.7217996599469
165.72216243423628
165.72663477326535
165.72664098323057
165.72803427142335
165.7291576541875
165.7291576541875
165.73535752553371
165.73589909674791
165.73589751593295
165.73633982262172
165.73633982262172
165.74389205790433
165.74670430226925
165.74670777618752
165.74670432156205
165.7466962267524
165.7466962267524
165.7466962267524
165.7466962267524
165.7466962267524
165.7466962267524
165.7466962267524
165.74944037502718
165.7530376554398
165.7530263126048
165.75302585644533
165.7533449090583
165.7533449090583
165.7533449090583
165.7533449090583
165.7533449090583
165.7533449090583
165.7533449090583
165.7533449090583
165.7533449090583
165.7533449090583
165.7533449090583
165.7533449090583
165.7533449090583
165.7533449090583
165.7533449090583
165.7533449090583
165.7533449090583
165.7533449090583
165.7533449090583
165.7533449090583
165.7533449090583
165.7533449090583
165.7533449090583
165.7533449090583
165.7533449090583
165.7533449090583
165.7533449090583
165.7533449090583
165.7533449090583
165.7533449090583
165.7533449090583
165.7533449090583
165.7533449090583
165.7533449090583
165.7533449090583
165.7533449090583
165.7533449090583
165.7533449090583
165.7533449090583
165.7533449090583
165.7533449090583
165.7533449090583
165.7533449090583
165.7533449090583
165.7533449090583
165.7533449090583
165.7533449090583
165.7533449090583
165.7533449090583
165.76874257934432
165.76736356005975
165.76874119129448
165.76874527131173
165.76874527131173
165.76917944348222
165.76917944348222
165.76917944348222
165.76917944348222
165.76917944348222
165.76917944348222
165.76917944348222
165.76917944348222
165.76917944348222
165.76917944348222
165.76917944348222
165.76917944348222
165.76917944348222
165.76917944348222
165.87242536178562
165.87341755598786
165.87341755598786
165.87341435203277
165.87341435203277
165.87341435203277
165.87341435203277
165.87341435203277
165.87341435203277
165.87341435203277
165.87341435203277
165.87341435203277
165.87341435203277
165.87341435203277
165.87341435203277
165.87341435203277
165.87341435203277
165.87341435203277
165.87341435203277
165.87341435203277
165.87341435203277
165.87341435203277
165.87341435203277
165.87341435203277
165.87341435203277
165.87341435203277
165.87341435203277
165.87341435203277
165.87341435203277
165.87341435203277
165.87341435203277
165.87341435203277
165.87341435203277
165.87341435203277
165.87341435203277
165.87341435203277
165.87341435203277
165.87341435203277
165.87341435203277
165.87341435203277
165.87341435203277
165.87341435203277
165.87341435203277
165.87341435203277
165.87341435203277
165.87341435203277
165.87341435203277
165.87341435203277
165.87341435203277
165.8756025676365
165.8756025676365
165.8756025676365
165.87561448259066
165.87561448259066
165.87561448259066
165.87561448259066
165.87561448259066
165.87561448259066
165.87561448259066
165.87561448259066
165.87561448259066
165.87561448259066
165.87561448259066
165.87561448259066
165.87561448259066
165.87561448259066
165.87561448259066
165.87561448259066
165.87561448259066
165.87561448259066
165.87561448259066
165.87561448259066
165.87561448259066
165.87561448259066
165.87561448259066
165.87561448259066
165.87561448259066
165.87561448259066
165.87561448259066
165.87561448259066
165.87561448259066
165.87561448259066
165.87561448259066
165.87561448259066
165.87561448259066
165.87561448259066
165.87561448259066
165.87561448259066
165.87561448259066
165.87561448259066
165.87561448259066
165.87561448259066
165.87561448259066
165.87561448259066
165.87561448259066
165.87561448259066
165.87561448259066
165.87561448259066
165.87561448259066
165.87561448259066
165.87561448259066
165.87561448259066
165.87561448259066
165.87561448259066
165.87561448259066
165.87561448259066
165.87561448259066
165.87561448259066
165.87561448259066
165.87561448259066
165.87561448259066
165.87561448259066
165.87561448259066
165.87561448259066
165.87561448259066
165.87561448259066
165.87561448259066
165.87561448259066
165.87561448259066
165.87561448259066
165.87561448259066
165.87561448259066
165.87561448259066
165.87561448259066
165.87561448259066
165.87561448259066
165.87561448259066
165.87561448259066
165.87561448259066
165.87561448259066
165.87561448259066
165.87561448259066
165.87561448259066
165.87561448259066
165.87561448259066
165.87561448259066
165.87561448259066
165.87561448259066
165.87561448259066
165.87561448259066
165.87561448259066
165.87561448259066
165.87561448259066
165.87561448259066
165.87561448259066
165.87561448259066
165.87561448259066
165.87561448259066
165.87561448259066
165.87561448259066
165.87561448259066
165.87561448259066
165.87561448259066
165.87561448259066
165.87561448259066
165.87561448259066
165.87561448259066
165.87561448259066
165.87561448259066
165.87561448259066
165.87561448259066
165.87561448259066
165.87561448259066
165.87561448259066
165.87561448259066
165.87561448259066
165.87561448259066
165.87561448259066
165.87561448259066
165.87561448259066
165.87561448259066
165.87561448259066
165.87561448259066
165.88019711893588
165.88062533370294
165.87943957593131
165.87944300587043
165.87944300587043
165.87944300587043
165.87944300587043
165.87944300587043
165.87944300587043
165.87944300587043
165.87944300587043
165.87944300587043
165.87944300587043
165.87944300587043
165.87944300587043
165.87944300587043
165.87944300587043
165.87944300587043
165.87944300587043
165.87944300587043
165.87944300587043
165.87944300587043
165.87944300587043
165.87944300587043
165.87944300587043
165.87944300587043
165.87944300587043
165.87944300587043
165.87944300587043
165.87944300587043
165.88019711893588
