with mode=0, handoff cost coefficient = 1.0
158.38525989969568
158.41756571339144
158.4202548381247
158.43891575764025
158.44682498052182
158.431373237065
158.4775500032435
158.49623721341132
158.49382879156568
158.49409797408646
158.49669799192807
158.75006083760368
158.74996172549143
158.78855766746662
158.7824302293597
158.79809645777732
158.7980881733603
158.80672236424223
158.81100017147088
158.81100017147088
158.83534799717972
158.84264190201506
158.84742505539649
158.86513588276026
158.87473871928088
158.87375434280517
158.89131694270904
158.8948687421822
158.89486797209673
158.9297593120341
158.91124464815033
158.91125169634915
158.91159220280363
158.9120586411464
158.9297593120341
158.9315538115937
158.93500683767485
158.96563092515348
158.96563093852214
158.96710068444847
159.1705254842861
159.17275033059053
159.1749124112788
159.22366663805803
159.22427266934343
159.23742871955778
159.23742909761702
159.2379856566013
159.23798526440646
159.23798487163737
159.4413322297197
159.44168425580324
159.441683011661
159.4434145982762
159.4451027713321
159.45360251405535
159.45014212472745
159.45071613266717
159.65373651295684
159.65204833990094
159.65161040017148
159.64931667243633
159.652918419068
159.6575406047633
159.6575406047633
159.6643725102127
159.66642328359757
159.71489143172982
159.7142013738582
159.71489143172982
159.72508388547342
159.80303867932653
159.80217125357785
159.80360593374064
159.80665953702038
159.82253400108664
159.82259073006514
159.823403081184
159.82273082549995
159.8336730917028
159.83207501828966
159.88027179623938
159.8904232676917
159.90103759588862
159.90436567877953
159.92258237533008
159.92337193272567
159.92395212759425
159.99974643502935
159.99974735126565
159.9970936329724
159.99460132947925
159.9981191901853
160.00026794499132
160.0003788944751
160.00051672673388
160.02250296125882
160.0331606285841
160.0308703082094
160.03097556174473
160.0313472278282
160.03760799042698
160.04579667197376
160.04564813328037
160.0393144197709
160.04146759579356
160.04157657948198
160.04579667197376
160.04949751413935
160.08649738101823
160.0864973848449
160.08654445426046
160.08654506695046
160.0935848253644
160.1578293293031
160.1581429052268
160.1581809694201
160.1822262198535
160.18222640876448
160.18375222538495
160.18375210134573
160.18472862984297
160.1847285713798
160.28727122806762
160.2901656668943
160.30239921234855
160.30644959055942
160.30864916442434
160.30864916805848
160.37352405906705
160.373524191655
160.3733623360039
160.37385721516483
160.37444676897616
160.37459005048964
160.37469028156235
160.3748655585438
160.37629049835678
160.41424508293827
160.41424530426295
160.4187155999324
160.41919912890998
160.42044710850914
160.42045562231172
160.42069152655742
160.42083297987813
160.42142957111773
160.42150608051062
160.42443612344817
160.424824698545
160.42277061724616
160.4281398951541
160.43064563453783
160.43064671275425
160.43025739506282
160.435213904028
160.43772254266472
160.43772429877407
160.4381027824529
160.43857197153835
160.43909565918636
160.43909569728768
160.44213542313398
160.44352626768094
160.4454498921104
160.4457396887926
160.44793618759235
160.5496565220701
160.54969747628428
160.57378086273891
160.5720461484888
160.57719291425252
160.5769709308766
160.5766628603931
160.57777636116114
160.5789687889441
160.57996238305967
160.58463651906084
160.58462701406438
160.58462837309122
160.5849851295965
160.5849856555473
160.59629102470888
160.5961461375827
160.6001536854293
160.59973255098788
160.59932712496914
160.59941505703642
160.59941578738844
160.6001536854293
160.60059447367234
160.60060134249312
160.6015846443866
160.60175705513035
160.60175705513035
160.6017581119951
160.61373056532761
160.6153908061134
160.63351020760243
160.63860915491406
160.6392523729037
160.6399157356411
160.63996613402765
160.64011408103048
160.6401035514225
160.65206595458028
160.6541796282026
160.65447341699317
160.65481519068837
160.6865826764126
160.69150959681053
160.69305514894765
160.69305514894765
160.69307730000577
160.69440115168788
160.70634047386346
160.70677712749676
160.75771294052484
160.75971606041264
160.7597737316682
160.76172355987768
160.76662886188424
160.76669676500947
160.7678937625556
160.76814526510756
160.7682299110538
160.7682302744775
160.76941967476506
160.76941985589545
160.78131915565987
160.78137090074082
160.7813872125887
160.78138754809646
160.83226401735024
160.83224588517848
160.8322460970993
160.83211903524685
160.83216905154504
160.8325332232644
160.8831743588036
160.88319564948253
160.88422827918265
160.8843376559222
160.88441755472022
160.88483151759132
160.884841419293
160.88450239653147
160.88914744474928
160.88951466201695
160.89032832747998
160.89067269443595
160.89103104105075
160.89544448210515
160.91405216072917
160.91405245281157
160.91388719678724
160.9138873738484
160.91304696141088
160.91405216072917
160.9146279453462
160.9150154693692
160.91501595540134
160.9150159611389
160.91584026789647
160.91587997411585
160.94128783621085
160.9666011667275
160.96660141425622
160.96660140187237
160.96684213052978
160.96684260109933
160.97277533646087
160.97277541429318
160.97277541030059
160.97557659943828
160.9759030153359
160.97607729177363
160.978044862053
160.97808165759977
160.9780875522068
160.9781603515376
160.97816039786545
160.97816043707795
160.978234764057
160.97823477158914
160.9786566697334
160.97866456499608
160.97872950637063
160.97879691770626
160.97879811684382
160.97881352957987
160.9789420682404
160.97898714192326
160.9795863270781
160.9798749493513
160.98031672378573
160.9803568470482
160.98628491138885
160.98633718070192
160.98637739284163
161.00275233676172
161.0027513044722
161.00371718645002
161.0038775677542
161.00388067655373
161.00389030844278
161.0039546614214
161.0043406071576
161.0046913346558
161.00516061185877
161.0051606661596
161.00522312496358
161.00600006915508
161.00600027523174
161.00590188420398
161.0060311219138
161.00604496535277
161.0081843834285
161.0086502380738
161.00870659729776
161.00882541114183
161.00883184741954
161.02518156437816
161.02526227267415
161.02533234825347
161.0255066723526
161.02550671860732
161.0261289665773
161.02635866553135
161.02660671301564
161.02660673071517
161.02652677277402
161.02694648640355
161.0270095845306
161.02711528285354
161.0271157404187
161.02712535522147
161.02723149697718
161.02734432254704
161.02852543935543
161.03137810868557
161.03161979834428
161.03162502968345
161.03173996470898
161.03174111589573
161.03175228264396
161.03187097790553
161.041128747385
161.04113441031336
161.0411513913278
161.04115434362348
161.04317186647427
161.0431872738954
161.04318745597465
161.04351838582414
161.04351854493677
161.04471929732784
161.04471955423764
161.04471955458672
161.0447331016739
161.04478045399242
161.04483213600093
161.0448700882003
161.04492581365594
161.04498844943555
161.04561108385204
161.04571669724908
161.0456884578346
161.04590649681867
161.0465082015113
161.0465273806365
161.04652926682144
161.0465418902166
161.04730499309338
161.04730499278372
161.04736996817618
161.04737007771854
161.04734166835308
161.04747545624454
161.0478055448831
161.04839230543905
161.0483923158538
161.05029872888923
161.05029403387294
161.05035834919846
161.05033522008608
161.05955627089304
161.05951246856057
161.0596438114336
161.05969819272812
161.05983994716652
161.05984842432088
161.05988773524345
161.05989030230597
161.05991944095487
161.05992837778754
161.05992802215334
161.0605167090153
161.0606012705699
161.0605167090153
161.06052868190957
161.06052880469898
161.06059916897405
161.06104272711457
161.0611627899416
161.0613990834787
161.06732097366432
161.06912690602292
161.06912706364966
161.06925520727833
161.09457442339297
161.09459090968747
161.09460029528648
161.09460038459233
161.09470572842963
161.09709725263724
161.09706426079572
161.0971192138177
161.0974600147076
161.0974600147076
161.0993114187071
161.10047394335996
161.1004030942741
161.10040313284614
161.10044437473167
161.10044450619088
161.10047394335996
161.10047401638013
161.1007952164011
161.1008486408214
161.10084868651887
161.10084869425359
161.10168346367766
161.10171806940156
161.10221916010144
161.10221919987933
161.10279860095065
161.10279195358035
161.10575087748066
161.10578201473248
161.10628099359545
161.10628100072873
161.1065754992559
161.10662004193944
161.1069314833662
161.1069314833662
161.1069602424202
161.11961778317158
161.11961869380457
161.11962076212242
161.11965595830256
161.11971250489208
161.11972557770716
161.119721317851
161.13237545388222
161.13241913805345
161.145098971506
161.14513952130216
161.1460027206475
161.1463475253489
161.14634657985545
161.1467805888287
161.14682333968767
161.14682336589107
161.14691199406195
161.14722364949597
161.14722885515027
161.14732401217
161.14764759078486
161.1483212164512
161.14832126099432
161.14834458111747
161.14838386525977
161.1484036313356
161.14840366658652
161.14840742671797
161.14842846113442
161.14844587569485
161.14846337882113
161.1484843079818
161.14868315332322
161.1487015528966
161.14872321509262
161.14930875602855
161.1493087772257
161.15750756884097
161.15753792358066
161.1575379420723
161.15760004649468
161.15899486720255
161.15905990870957
161.15955702152795
161.16005736814267
161.16008540973593
161.16013466523205
161.1601394401616
161.16018243525963
161.16046733290608
161.1604673829508
161.16046742191725
161.16049637862017
