with mode=0, handoff cost coefficient = 1.0
174.22586431126973
174.26221963463257
174.2616188716354
174.25529642116442
174.25551902044987
174.36986721904867
174.37947525586873
174.48897866547634
174.52763376670654
174.52908067345663
174.57314522652706
174.5701240670438
174.61006864887568
174.61013054932866
174.61013415576454
174.61022021808208
174.61014192875484
174.6180272212818
174.61716268267344
174.6084248586023
174.75024769088685
174.75837000508002
174.77161384974804
174.78124904380144
174.78168227493842
174.78454394736934
174.78452081468214
174.92352234493973
174.9257094208755
174.92883512846961
174.92880660096935
174.93087784854828
174.95549577805076
174.96686715330245
174.96606424329954
174.94702298890365
174.94905692275557
174.95185736586552
174.96686715330245
174.9691215963787
175.0136938988533
175.01395466957595
175.012372590575
175.0131084609959
175.01543688633637
175.01629738722187
175.01749923833182
175.01697610531693
175.01699581661214
175.1330711440869
175.13403406987865
175.1340392817713
175.13245688857134
175.13319490066664
175.12975602880618
175.13403406987865
175.13641510601818
175.13639632023455
175.1368762442795
175.13851564293378
175.1385261816969
175.140118607236
175.14036135230668
175.14333800988476
175.14346655832864
175.14341886137797
175.1434200842991
175.14376597025498
175.14493685010018
175.1451156298689
175.14553012230274
175.1476300667878
175.1476584227566
175.15174735498525
175.1532273083172
175.15327192647973
175.15347959496012
175.17799999265728
175.20008326713668
175.20115323665482
175.20116636771374
175.20041892797914
175.20177347212962
175.20495205091893
175.2051603510811
175.2037918325675
175.20388839677477
175.20423433254444
175.20288552849786
175.20610406338525
175.206543960692
175.20775967613574
175.2079517229263
175.20813469902575
175.20815165993042
175.20844099491262
175.2084596867814
175.20887089271343
175.21007697925813
175.2114072254521
175.21126138773963
175.21130978170385
175.21577787382796
175.2208491516018
175.22076280202688
175.22018803083057
175.24105180040868
175.27441065553444
175.27499388703131
175.2751040438411
175.27640518130173
175.27645360946582
175.27623587145487
175.2763301100843
175.2763301756881
175.27521020054678
175.27645360946582
175.27645461111987
175.2768571459364
175.27719162416687
175.27708262683484
175.28890216280598
175.2889810561477
175.28905394076136
175.28906211364867
175.28897936273532
175.2895358803168
175.2895407008726
175.2898037428354
175.2898168180246
175.28988003355826
175.30102171746125
175.3012221671091
175.30127204503034
175.301309621593
175.3175753686935
175.3173846373531
175.3176470260449
175.31769218107092
175.3178358362901
175.31783989435672
175.31782079314897
175.31783445101271
175.31783942123351
175.3467832964184
175.3469174508101
175.34670830936838
175.3933177986094
175.40939369551734
175.40921656782984
175.4094401412046
175.40947420009928
175.4118021667442
175.41156004766026
175.41155661087723
175.41162699005295
175.41192229991694
175.41223613710955
175.41264911083536
175.41277560230688
175.4127845537433
175.42178131658753
175.42178985235046
175.42253704102077
175.42253802438762
175.42282209135223
175.4228923986082
175.42273448429796
175.4230958911655
175.4231010897565
175.42327630701837
175.45347970547118
175.45356122338598
175.45356143068437
175.45351501744054
175.45351231047385
175.45498291703493
175.4668388070825
175.4670941169481
175.46888796324896
175.46903241019672
175.46908235056782
175.46972267498626
175.470143294376
175.47014884812202
175.47193288099064
175.47196519079375
175.47203746226944
175.47189459845984
175.4878614420995
175.48804574818348
175.50395101227159
175.50569728507728
175.50575974455745
175.50722023477454
175.50680424806495
175.50821858942456
175.50836224184667
175.50838973497642
175.50886880540173
175.5087710275221
175.50883570812496
175.50855770154055
175.50856696360685
175.50965373127042
175.50957119738592
175.50964501949238
175.50965020830247
175.50962372397566
175.50965373127042
175.50977545676224
175.5098587807623
175.50977304861328
175.50994368803714
175.50991687892332
175.5100848784806
175.5100868703937
175.5101665649306
175.5103190563304
175.51035747286534
175.52481184857612
175.5255834983215
175.5256088870745
175.52557047053952
175.525538101844
175.53137539336666
175.5313236033096
175.53132533583857
175.53133685675033
175.53137051036038
175.53213162648805
175.53214567694215
175.53214604794772
175.53225795099837
175.53238095602376
175.53241839054056
175.53251362499026
175.5325178405233
175.53254848268352
175.53252965306
175.53251378203996
175.53255275259983
175.5325546083332
175.53257676750223
175.5326074656718
175.53260833245636
175.53263530882782
175.5385796773562
175.53859121933993
175.53859566923677
175.53859595962632
175.53876330517932
175.5388162031069
175.5388056970147
175.5388162031069
175.53869871355965
175.55313428415658
175.55324329950852
175.5532435556173
175.5532915122848
175.55884021232035
175.55882142440424
175.5587942688426
175.55880374638716
175.5595072596527
175.55956651104464
175.56510122208525
175.5650965520227
175.56509672776573
175.56595501485913
175.56671509908813
175.56704069467594
175.58143380400986
175.58145620249007
175.58163841512095
175.58166078213304
175.5816504292114
175.5816741098033
175.5960542816778
175.59616794611128
175.59619966302074
175.5961977943457
175.59618935149362
175.60488140875927
175.60493974457242
175.60498403590864
175.6049715975784
175.60498695084212
175.60506025596078
175.6050606626671
175.6050608797632
175.60506204921322
175.60506207670917
175.6050724410008
175.6048820459439
175.60478917279752
175.60487861530487
175.60490244003807
175.6193809679573
175.62329927622025
175.62405252369243
175.6240685580427
175.6299389737944
175.6358315340799
175.63591201737708
175.63592146609602
175.63595471032752
175.6368070709772
175.63674827661575
175.63680184957423
175.63706873766412
175.63706222689257
175.63710497255403
175.63713053376227
175.63714219731668
175.63715522340715
175.63718548655697
175.63714256260994
175.63724807180256
175.6516185475901
175.65157077739173
175.65607571580955
175.66194542408275
175.66384732945463
175.66382094636532
175.6640894805094
175.68744885575043
175.6874747208197
175.68742110661682
175.71077475592924
175.7107817891185
175.71078218308554
175.71081482070454
175.71237647997447
175.7123865551121
175.71792044183096
175.7179355506021
175.71793734437924
175.7234596939455
175.72349324175352
175.72352317779556
175.72349476450069
175.72393142796125
175.7247553373335
175.72478047052795
175.72480045628797
175.72476823436224
175.72475476900476
175.72481541407905
175.7247815824198
175.72479504777732
175.7248108280128
175.7248331351997
175.72510371379906
175.72498786944254
175.72504146172258
175.72505015597417
175.72510682512268
175.72684976713236
175.72690485858217
175.72687305851915
175.72698181610295
175.72699532067017
175.727003463854
175.72700369010093
175.72887645090026
175.72906158073397
175.72906349971993
175.72906474137605
175.7290440507583
175.72903336568194
175.72906158073397
175.72906247421568
175.72906723503522
175.72907941439868
175.7320109586452
175.73214806564883
175.7330685207041
175.73342902675847
175.73357417295682
175.7335743237591
175.7335763054077
175.73650099623947
175.7366547742071
175.73665503387693
175.73665952966982
175.73670191945328
175.73670700316126
175.73711485855995
175.7410107086905
175.74104156456468
175.7482126712124
175.74821342928726
175.74821765911253
175.74821898186036
175.74829371966354
175.74830496192357
175.75596950611887
175.7559830229335
175.7559994998744
175.75892165690863
175.75892177268722
175.75892684512047
175.75892426689884
175.75890129403484
175.75892165690863
175.75893022685673
175.7590305058364
175.7590331890645
175.75903460469067
175.75904129587147
175.75904672810572
175.75906221046833
175.75908836076803
175.75915946290266
175.75936422035358
175.7593654767681
175.76520695614784
175.76538031275894
175.76558210081106
175.76558868435578
175.7655893831666
175.76941954491937
175.76942544245432
175.7694219117561
175.76944352884558
175.76944044009127
175.76944551333972
175.76964314584652
175.76964354005733
175.76964393356982
175.76964400814745
175.7696510568431
175.76966134735707
175.76967635817718
175.76971903051373
175.76972582215208
175.76979428101578
175.76979462946767
175.76999176442183
175.77002491936622
175.7736092876511
175.77362706093385
175.77362717617635
175.77363639564032
175.77363561851098
175.77363567811898
175.77362706093385
175.77362978952468
175.77362983281847
175.77364337751607
175.77367758395013
175.77368284357905
175.77369796520844
175.77369862812384
175.77561331520965
175.77561343770154
175.77634323572502
175.77634342460468
175.7763535979137
175.7763694947961
175.7763760998167
175.77637670198462
175.7763759968624
175.77637666273424
175.7763694947961
175.776371528831
175.77637277220123
175.7763731233585
175.7763731436883
175.7763694947961
175.77639196708245
175.7763924905375
175.776403197599
175.77640485737717
175.77640489142826
175.77657740866422
175.77657741670944
175.77657753357605
175.7767599376723
175.7767615546127
175.7767616090217
175.7767629059986
175.7767630191443
175.7767599376723
175.77676419504067
175.77676428866465
175.7767643832454
175.77676855891443
175.7767599376723
175.77675999657026
175.7767607937714
175.77676079559856
175.77676163718658
175.7767599376723
175.77675994514212
175.77676001624866
175.77676002754788
175.77681601065748
175.77681606809293
175.77681601065748
