with mode=1, handoff cost coefficient = 1.0
174.22586431126973
174.24462554380582
174.27305738974582
174.3104685910275
174.32739389946326
174.35824736792378
174.35845809713373
174.3784820762911
174.42194202826596
174.4763225669964
174.50191215453503
174.53454087961478
174.54366351377826
174.5871484479969
174.618227211843
174.6779581116211
174.71406456338366
174.72294173129382
174.75779469256594
174.79461830677792
174.80772858193353
174.8227525200181
174.8383005192417
174.88369556131562
174.90436389453683
174.90245887208485
174.93062505727025
174.96307184652716
174.96596283066654
175.01517647478357
175.0361717893748
175.06563121370607
175.11809073452662
175.13236370394736
175.16915572915678
175.2332835863382
175.3071120234469
175.35307783268297
175.35268446393076
175.41195770086924
175.45486260951864
175.48662143226815
175.48828256422786
175.48905987939833
175.52433426484677
175.53775460353174
175.56959711694788
175.5726234383981
175.62087044790997
175.62236581390295
175.63363006811613
175.64713930741942
175.6755959828058
175.6864614862928
175.69559073521802
175.70150347380542
175.73036386192578
175.77579053079663
175.77483705743606
175.81916442388246
175.86725845517742
175.9323361508779
175.9766500333992
175.99721688796723
176.00994462037713
176.01102730171905
176.04228143795257
176.07244835128893
176.0764558103584
176.0790902996565
176.14869391462668
176.16490226836814
176.16684742759975
176.1717345711583
176.2281608240345
176.25906006563648
176.27074535122716
176.2719793239314
176.28020987785527
176.28399615285176
176.2874996623028
176.37734567152395
176.375726420205
176.38164841230326
176.38829673534008
176.4058146077562
176.40895961662136
176.42274981257245
176.43330039861874
176.44042023808046
176.4623303579672
176.50981366096585
176.51069107428032
176.50596912052578
176.50439763018133
176.51270304679605
176.55915057545053
176.60436108977188
176.61589111883188
176.68358425270404
176.73021448649683
176.80323458179964
176.80237748176555
176.80527313810597
176.80689498961834
176.80929572823447
176.8196006114692
176.83304971737192
176.8344594646451
176.88029233856255
176.8889512464332
176.89458591533676
176.92421434401237
176.9246974106115
176.96701884138295
176.96853354881807
176.96964800920549
176.9679277776436
176.96783714811025
176.9824020525263
177.01058449023228
177.01155706805102
177.00835276714062
177.00490714520075
177.0176029086471
177.02008118476058
177.029569213574
177.04218223265502
177.0472088005594
177.10570289796172
177.16587323832428
177.1674636982521
177.2162515501069
177.26153751741242
177.27505870728152
177.32988083612267
177.33207488656814
177.33030777874185
177.35614492105557
177.35259411441874
177.38451440287994
177.41258232163892
177.4592291212139
177.46294226245163
177.5636906312722
177.6820358388566
177.730388201677
177.7688742901753
177.76848961957882
177.76961248421614
177.78043746167427
177.79687100902888
177.84378002500296
177.84856918127917
177.921641967871
177.95247841892814
177.95192440647278
177.95417178861248
177.95208453788953
177.9995096109217
178.01175599290178
178.059010469756
178.06924242924302
178.1126805721352
178.1197158926209
178.1212136844778
178.15744154556842
178.1605144856906
178.17724304448893
178.2601370489291
178.27179493403352
178.32920109240789
178.35733087675928
178.38258199639245
178.38412012440998
178.39924488585552
178.4096580440159
178.45368883684552
178.51398547405284
178.53019183742813
178.55476321624198
178.58148296159774
178.60873391989753
178.6377316859071
178.63421211236493
178.6385326902398
178.65304715356785
178.71243359858587
178.7126701446289
178.7399634005409
178.74065107047556
178.740607672824
178.7475032751981
178.762123080525
178.76644751062037
178.7656848696836
178.7661112429955
178.8056219251799
178.80856429669257
178.82104733027015
178.8318448684173
178.84137903907458
178.84277019610613
178.8748095777395
178.87477928900915
178.9738886089699
178.97319276165675
179.01789237999643
179.01996962582052
179.02874243545452
179.03998476818808
179.10049664794732
179.0973007386381
179.1250149432922
179.12447725085366
179.13592183258706
179.13670902214147
179.1929418812071
179.20792404187313
179.23314477051892
179.23213111410305
179.23461295981107
179.24723986858208
179.24702459776887
179.2490652828792
179.2518815468692
179.25262904912407
179.25221775028507
179.2563002357338
179.2569730752376
179.2570237900866
179.30123155404843
179.37238949739753
179.4074829363735
179.4317040730041
179.44697353182758
179.4471491614152
179.47306799379052
179.49610676889841
179.5096851264126
179.56624316884614
179.62713079695828
179.62687217842347
179.62673573676176
179.6561711042319
179.70173907801066
179.70185197359712
179.70469248277436
179.74355690555763
179.80203494296472
179.80515375925347
179.80418616540712
179.8020800591749
179.84651695099797
179.85985878303325
179.9201193630951
179.92239724540724
179.92303774379587
179.9239453539817
179.92576366184966
179.95587721654783
179.98313794012256
180.0287129074697
180.08592244480425
180.166515731066
180.17026913334269
180.24142484221656
180.25719361097688
180.31087657902987
180.33988914388007
180.38536972277285
180.39968788361963
180.4113953729108
180.44644177989574
180.44546180746636
180.4576609184661
180.48770538758816
180.49788098076442
180.5363558899255
180.53468247496784
180.53623589772064
180.53767114130108
180.53636100074644
180.53829411456354
180.55023760644715
180.59884652877244
180.62208382369067
180.66007479655988
180.66042003145856
180.6995813224171
180.70007003433284
180.74661133451423
180.78626129206975
180.80007288248717
180.80321673331272
180.84483303871332
180.84550226738133
180.84259397361987
180.8744753556957
180.8724530903912
180.8729246003121
180.88371409542762
180.91033609740103
180.92111447091443
180.92354658170905
180.92404638163092
180.93898732866296
180.94031113474574
180.94177298271038
180.9499422800531
180.95152656461835
181.01519337192275
181.07207066572937
181.09722115443947
181.15646817646808
181.23863247149592
181.23846255450374
181.23861518646393
181.28354177527942
181.28453996398542
181.28424275056375
181.28757513632857
181.32147830825386
181.32088699087348
181.32171615509307
181.36408925815536
181.36288826467094
181.41218155213878
181.4108916625338
181.4188274497102
181.42064882587113
181.4432599154596
181.44370594617658
181.44067122991385
181.4969821959332
181.50494755066438
181.50374936352236
181.50464826826118
181.53114344045912
181.56493606529074
181.5645653384833
181.5733730718581
181.57318070305433
181.57449691063533
181.58602747689915
181.5976079960913
181.66687642190084
181.73598010227536
181.7329754311521
181.73223242460554
181.7585768164774
181.75853816416532
181.7716145021404
181.7712125016656
181.7712802052465
181.76985325072394
181.8676669645986
181.9041249167767
181.95414912610352
181.96584331765587
182.0117300077159
182.01297017685854
182.01541516520226
182.0161772853696
182.01714791093656
182.02915976329678
182.0596447059923
182.06079415820804
182.06161607639058
182.0673486050271
182.0826607656176
182.10657924437632
182.13200405343798
182.13458464911022
182.13793084773062
182.1396197993839
182.13830531278577
182.14821915634155
182.15024131624958
182.15212620702277
182.18533131159813
182.18315815147648
182.18144953878993
182.18203602728997
182.21291820782866
182.20999328052528
182.28412550563812
182.29830899653382
182.31286999805397
182.35765616624337
182.39323271075773
182.39071817948735
182.40553980539516
182.43448049894565
182.47844603495116
182.48381449891892
182.54656577497576
182.54610127495613
182.55694155199012
182.5713235986139
182.62480125954224
182.62584186109925
182.6478390306812
182.66159161885065
182.67397650801976
182.71787392333087
182.7189906219195
182.7432431312427
182.77290309832227
182.7707601245893
182.80349014920586
182.81700672264566
182.81761912388342
182.84784951300134
182.8575172317111
182.90033569941951
182.9005726773588
182.9012081724761
182.9115099354305
182.91563727118094
182.94946685387572
182.94935922686395
182.9493019816871
182.97237878049134
183.01088217614307
183.00973690778477
183.0120211490693
183.04354725520577
183.04651943113043
183.04710100634645
183.04307768155334
183.05360534976995
183.08466149763368
183.1218513249872
183.13757937305218
183.13655855624697
183.13793520271605
183.13570595465066
183.14676820615543
183.15139743729927
183.19406613224263
183.19064808247256
183.19293827496568
183.22856780061124
183.22913651270284
183.23961763088562
183.2393386626536
183.25787477906485
183.26782225366532
183.2693135006013
183.26669071943007
183.26657826517334
183.2671245753091
183.26782820888516
183.2693135006013
183.2679801398618
183.28329750419294
183.28849152333987
183.28885222117222
183.30104328898906
183.30102392714085
183.30703201393823
183.32294376317475
183.33814826254365
183.33676285344717
183.33726431607232
183.34242582706705
183.34304509538998
183.343397608725
183.34955053966493
183.34958587303564
183.34894714413701
183.35024211512322
183.35124108001452
183.368282941527
183.3681567667699
183.36899166934194
183.39988022516798
183.40091581087384
183.41539522684653
183.41502033368562
183.4150494493223
183.42526296863957
183.4259340814245
183.4272600397823
183.42685899988356
183.42711987890837
183.43984507977868
183.44483501364658
183.44515498938358
183.44580660227516
183.44586059629336
183.44697208669206
183.44765667895498
183.44800907688
183.47403884810512
183.4737533013081
183.47388462441972
183.4790450896445
183.47915341732124
183.47915341732124
