with mode=3, handoff cost coefficient = 1.0
174.22586431126973
174.946687004406
174.9907361654561
174.99603409503928
175.00225755461707
175.03494535194443
175.1020309493794
175.1018174132373
175.1018185562985
175.13655841846565
175.39240266087586
175.39231534484793
175.4408699370862
176.586578129575
176.58636806812885
176.5850898685709
176.58425711592113
176.59365849571654
176.88439126399194
176.8926660042014
176.89493119092225
177.57443776090003
178.26554464113994
178.26663289644577
178.2941081502953
178.33006725343685
178.3297194005547
178.5799658189076
179.569395768243
179.57120100215258
179.99054933253976
180.0136384390807
180.24016871911485
180.4874788506947
180.48258055777526
180.48259751980268
180.53315390589773
180.6700033827967
180.6701779654043
180.67297011549755
180.67387354502048
180.73727339736624
180.73761325498845
180.7378237843406
180.73430731541282
180.7405508422135
180.7449243291225
180.75729757820247
180.75927417241513
180.75906277916403
180.96071253311183
180.96189846547637
180.97862848645605
181.51511059223824
181.515151245545
181.52638843279706
181.54632562547047
181.54708765167973
181.54445674525212
181.78635853138394
181.78543261007934
181.7856376076602
181.78691035949493
181.78691035949493
181.83096457966548
181.83263112412413
181.83712570115165
181.8376955134354
181.8371439839076
181.8368509330918
181.8368509330918
182.08752053322996
182.0874661815293
182.08730619422994
182.08720396715546
182.08720396715546
182.08720396715546
182.31649735366463
182.31635371124085
182.31816775076803
182.32025428999384
182.3185038033665
182.31937293609286
182.31937293609286
182.31937293609286
182.31937293609286
182.31937293609286
182.48246609573124
182.47113521814828
182.47123237140983
182.4732017875482
182.4732017875482
182.4732017875482
182.4732017875482
182.4732017875482
182.4767229435571
182.4773964550697
182.48257377067495
182.48260062424322
182.48260062424322
182.48201738550034
182.49801300707367
182.49998510195013
182.50599365914155
182.50231982187938
182.5024207560894
182.5061229551991
182.5061229551991
182.50585746523757
182.50583544419834
182.50583544419834
182.5108525333407
182.51028745659443
182.51030990230367
182.51029655832878
182.51029655832878
182.51029655832878
182.51029655832878
182.51029655832878
182.51029655832878
182.51029655832878
182.51029655832878
182.51029655832878
182.51029655832878
182.51029655832878
182.51029655832878
182.51029655832878
182.51029655832878
182.51300034788585
182.51308998966704
182.51309508443188
182.5130108523212
182.5130108523212
182.5130108523212
182.5130108523212
182.5130108523212
182.5130108523212
182.5130108523212
182.5130108523212
182.5130108523212
182.5130108523212
182.5130108523212
182.5130108523212
182.5130108523212
182.5130108523212
182.5130108523212
182.5130108523212
182.5130108523212
182.51581857959906
182.51561043760154
182.51548057302404
182.51548057302404
182.51548057302404
182.51548057302404
182.51548057302404
182.51548057302404
182.51548057302404
182.51548057302404
182.51548057302404
182.51548057302404
182.51548057302404
182.65630162493142
182.6564474430474
182.65666759323136
182.65588710312988
182.66958522405787
182.669950895848
182.6698005716384
182.67388596752113
182.673733060038
182.6740368227771
182.6764665586407
182.6764665586407
182.6766033245986
182.67635867481115
182.67635867481115
182.67635867481115
182.67635867481115
182.67635867481115
182.67635867481115
182.67635867481115
182.67635867481115
182.67635867481115
182.67635867481115
182.6784010985783
182.6784010985783
182.678425983063
182.678425983063
182.678425983063
182.67854125699816
182.67854125699816
182.67854125699816
182.67854125699816
182.67854125699816
182.67854125699816
182.67854125699816
182.6822181522864
182.68240494515553
182.6846996832726
182.68792973179598
182.6880152160561
182.68793016182795
182.68801508646848
182.68801508646848
182.68801508646848
182.68801508646848
182.68801508646848
182.68801508646848
182.68801508646848
182.68801508646848
182.68801508646848
182.68801508646848
182.68801508646848
182.68801508646848
182.68801508646848
182.68801508646848
182.68801508646848
182.68801508646848
182.77782984360607
182.77917325737357
182.7810793811143
182.7812406746176
182.78149376785356
182.78149376785356
182.78149376785356
182.78149376785356
182.78149376785356
182.78149376785356
182.78149376785356
182.78149376785356
182.78149376785356
182.78149376785356
182.78149376785356
182.78149376785356
182.78149376785356
182.78149376785356
182.78149376785356
182.78149376785356
182.89721923900123
182.89765862295118
182.89722255248128
182.89547754793384
182.89547754793384
182.89547754793384
182.89547754793384
182.89547754793384
182.89547754793384
182.89547754793384
182.89547754793384
182.89547754793384
182.8979076902717
182.8979076902717
182.90555208707133
182.905303191565
182.90544070778398
182.90605420152377
182.90605420152377
182.90605420152377
182.90605420152377
182.90605420152377
182.90605420152377
182.90605420152377
182.90605420152377
182.90605420152377
182.90605420152377
182.90730669711198
182.90730669711198
182.90730669711198
182.90838262319917
182.90838262319917
182.90838262319917
182.90825357938527
182.90825357938527
182.90825357938527
182.90825357938527
182.90825357938527
182.90825357938527
182.90825357938527
182.90825357938527
182.90825357938527
182.90825357938527
182.90825357938527
182.90825357938527
182.90825357938527
182.90825357938527
182.90825357938527
182.90825357938527
182.90825357938527
182.90825357938527
182.90825357938527
182.90825357938527
182.90825357938527
182.90825357938527
182.90825357938527
182.90825357938527
182.90825357938527
182.90825357938527
182.90825357938527
182.90825357938527
182.90825357938527
182.90825357938527
182.90825357938527
182.9093094089784
182.9093094089784
182.9093094089784
182.90927478555574
182.90927478555574
182.90927478555574
182.90927478555574
182.90927478555574
182.90927478555574
182.91130477051777
182.91182125559283
182.9118910942383
182.91179328299705
182.91179328299705
182.91179328299705
182.91179328299705
182.91179328299705
182.91179328299705
182.91179328299705
182.91179328299705
182.91179328299705
182.91179328299705
182.91179328299705
182.91392715521198
182.9137759017991
182.91372956970739
182.91477229207786
182.91477229207786
182.91477229207786
182.91729447652654
182.9172386916262
182.91683143940173
182.9169053118116
182.9169053118116
182.9169053118116
182.9169053118116
182.9169053118116
182.9169053118116
182.9169053118116
182.9169053118116
182.9169053118116
182.9169053118116
183.12099352057902
183.11909105870407
183.1203188454001
183.12077549492008
183.12077549492008
183.12228593262859
183.12294488869213
183.12330394290126
183.12328495907198
183.1261718224133
183.12735294586284
183.1271447782016
183.12717526121952
183.12717526121952
183.12717526121952
183.12717526121952
183.1295510693118
183.1289631711822
183.13263284557326
183.1327139737152
183.13233018431228
183.1332742085276
183.1332742085276
183.1332742085276
183.1332742085276
183.1332742085276
183.1332742085276
183.1332742085276
183.1332742085276
183.1332742085276
183.1332742085276
183.1332742085276
183.1332742085276
183.1332742085276
183.1332742085276
183.1332742085276
183.13546169989877
183.1353588982778
183.1357308990698
183.1356962382347
183.1356962382347
183.1356962382347
183.13883200732374
183.13898570111718
183.14101445686566
183.14197160716645
183.1419127800799
183.1424061195022
183.1424061195022
183.1424061195022
183.1424061195022
183.1424061195022
183.1424061195022
183.1424061195022
183.1424061195022
183.1424061195022
183.1424061195022
183.1424061195022
183.1424061195022
183.1424061195022
183.1424061195022
183.1424061195022
183.1424061195022
183.1424061195022
183.1424061195022
183.1424061195022
183.1424061195022
183.1424061195022
183.1424061195022
183.1424061195022
183.1424061195022
183.1424061195022
183.1424061195022
183.1424061195022
183.1424061195022
183.1424061195022
183.1424061195022
183.1424061195022
183.1424061195022
183.1424061195022
183.1424061195022
183.1424061195022
183.1424061195022
183.1424061195022
183.1424061195022
183.1424061195022
183.1424061195022
183.1424061195022
183.1424061195022
183.1424061195022
183.1424061195022
183.1424061195022
183.1424061195022
183.1424061195022
183.1424061195022
183.1424061195022
183.1424061195022
183.1424061195022
183.1424061195022
183.1424061195022
183.1424061195022
183.1424061195022
183.1424061195022
183.1424061195022
183.1424061195022
183.1424061195022
183.1424061195022
183.1424061195022
183.1424061195022
183.1424061195022
183.1424061195022
183.1424061195022
183.1424061195022
183.1424061195022
183.1424061195022
183.1424061195022
183.1424061195022
183.1424061195022
183.1424061195022
183.1424061195022
183.2109091612424
183.21148726919404
183.21141800853508
183.21173708604883
183.21173708604883
183.21173708604883
183.21173708604883
183.21173708604883
183.21590541686555
183.21659589219556
183.2166291690594
183.21695652128162
183.21695652128162
183.21695652128162
183.21695652128162
183.21695652128162
183.21695652128162
183.21695652128162
183.21695652128162
183.21695652128162
183.21695652128162
183.21695652128162
183.21695652128162
183.21695652128162
183.21695652128162
183.21695652128162
183.21695652128162
183.21695652128162
183.21695652128162
183.21695652128162
183.21695652128162
183.21695652128162
183.21695652128162
183.21695652128162
183.21695652128162
183.21695652128162
183.21695652128162
183.21590541686555
