with mode=1, handoff cost coefficient = 1.0
168.0155889081914
168.1095659166326
168.15223857026945
168.21367711108178
168.23024829882905
168.29563850860873
168.33129541087564
168.35629438592787
168.4532964856109
168.53984993385723
168.6038295534605
168.64096067422662
168.68676961349837
168.74777896336323
168.7975101847713
168.8642734996169
168.8821283777844
168.90544027769675
168.93678402586104
168.96667874526722
169.08087753758315
169.08560305304496
169.09984133939378
169.18983636550573
169.20051569247764
169.25595903232616
169.26569835942408
169.27492707034088
169.3397392972681
169.34783416285552
169.36355840023654
169.3651184333718
169.386452800463
169.4328084204343
169.491887720493
169.49484857460024
169.54976766088862
169.59952237782903
169.6110965763309
169.6263371735861
169.63794074238768
169.64796936563596
169.67686603387287
169.69638331258736
169.78221802678547
169.79748059297478
169.85784204329443
169.87813854280697
169.8798727009472
169.91929230908153
169.9202523004599
169.92580937392293
169.9688943897262
170.01736120934467
170.0730084620998
170.11765584608457
170.21088840940365
170.2394925523546
170.26330541425014
170.2635401833746
170.2701375538019
170.29114676215937
170.33532774631377
170.33998725584038
170.3421579932247
170.35982993419083
170.38320922920576
170.39013210436062
170.45863242102868
170.46631763828816
170.47067990411858
170.4844280098927
170.56761788431493
170.67589457658482
170.68646917734247
170.73170085417522
170.73519060238135
170.752397220278
170.81321961777368
170.8141515017963
170.8636648829908
170.86739022035192
170.88464020538865
170.8913822775478
170.8946653859037
170.89931262961102
170.96492331189978
170.97793942863032
171.0350795958014
171.07846115086917
171.08330336748344
171.08172839439683
171.1053723252973
171.10513789099812
171.2003851995625
171.20021124809554
171.20356861483867
171.20825254594712
171.20598144283133
171.21721070640913
171.27767275522075
171.29544764319525
171.34483278636526
171.34797434650514
171.42524954215185
171.43142949214524
171.4358673527289
171.47570527585782
171.47724438419883
171.55847695655808
171.5720382704318
171.57552768686443
171.58922800061697
171.60457818252848
171.6830588193164
171.69684428798857
171.70653517799443
171.7217728893279
171.72847042462178
171.7388266074222
171.77009180419574
171.79709187036588
171.8022447502581
171.85952841030507
171.91747875987753
171.94794268365754
171.95086060272087
172.00479160144397
172.00302465026985
172.0009823959353
172.05165785524287
172.053974905428
172.0537557243174
172.05710998294833
172.0985131522622
172.13171895286362
172.15168615256695
172.2019448538252
172.20713050009277
172.38720515794768
172.39494657859998
172.4372559734256
172.4492465895021
172.45180918352384
172.50354005859867
172.55419781341607
172.59566809881414
172.59685632993342
172.60552758265072
172.65460437186354
172.65929589194738
172.65345417650383
172.65894329415605
172.65853230938296
172.66847335162277
172.67308262957067
172.67702001405974
172.6790142214608
172.68013256345364
172.6871128597109
172.68663915711448
172.68756151853628
172.68678259831546
172.68679096701575
172.70303259303506
172.72717867880286
172.77515699212023
172.77968708271743
172.79526329773262
172.80898501907757
172.81415030693157
172.87366010242366
172.92283909778502
172.93188227102462
172.95567388840757
172.99333475919448
173.0482922188145
173.05325977133768
173.05113977611347
173.06112066325863
173.06322970486835
173.07302186898204
173.07798901055259
173.12784956824504
173.13119185029265
173.14455475957882
173.1593981981554
173.20693472391088
173.25493980410866
173.28194850294727
173.32770530285288
173.35438754343855
173.40097348276404
173.45122951697462
173.44907891927434
173.48922566143438
173.51517087037436
173.51630646298497
173.5370268545951
173.53820901282265
173.55088439447115
173.54959347215654
173.6060004229488
173.61525923220157
173.64486992055333
173.64538363450518
173.6490749684915
173.71419537971045
173.71099216144952
173.74573254612886
173.7476064191184
173.74858378066983
173.7489831662082
173.79465556900692
173.80204848468767
173.80258080142235
173.80216580171322
173.82049882938074
173.86195091004177
173.86372148392022
173.86716678222328
173.86503570209965
173.87233071956476
173.94086093139012
173.9708243439578
174.01098244966713
174.0117947904534
174.05959143893662
174.0594858998575
174.0786782355675
174.0782527631449
174.0870543618367
174.08702606740675
174.0854323954723
174.11082014229433
174.15174079288238
174.18576400503997
174.22981640576225
174.2311047697896
174.23067435357717
174.2370722442921
174.24312380437865
174.24133559397802
174.24152320496205
174.2488457882818
174.28880040310867
174.3428759407572
174.34376557464844
174.34543252617704
174.3456706585035
174.34657040672437
174.35550468841132
174.35527666510472
174.35383230973122
174.40137251403647
174.4125558037656
174.41155020823302
174.42084073919986
174.4722318157695
174.47263911918623
174.48758878428342
174.48760604016363
174.5256694403867
174.53049591527179
174.54713157991296
174.55448711090406
174.55531584508896
174.60575053019636
174.60937108691928
174.61181012896054
174.68207927133835
174.68419189917407
174.684682112863
174.76045334232845
174.79761388074616
174.79715819427014
174.90762932982477
174.9186912059634
174.92915790232428
174.9707779742309
174.99644833872168
175.03534051575744
175.03505947285876
175.03664614380654
175.05754842044848
175.10642864451853
175.11684870089144
175.11549803088033
175.11688235868826
175.12500654597343
175.17116847002438
175.18340147205555
175.20439213338852
175.2173245262417
175.21801596473415
175.26407617945816
175.27934063552712
175.27856446335292
175.2759842109382
175.2781888640973
175.27751020626354
175.27934063552712
175.2791922797165
175.2865315229877
175.31244531519823
175.313360258126
175.31385220640112
175.32299289088905
175.32272027256934
175.34270510051186
175.34403131661932
175.3443607545592
175.35689121523257
175.35675715029197
175.35756558128975
175.36761650030778
175.37842462293503
175.38337816411607
175.39188833066711
175.3919086584268
175.4395765958665
175.4441700794948
175.44471481233836
175.47164567049322
175.47113779904606
175.4954636999228
175.49901298436384
175.4992138874752
175.5266736732696
175.5261883341533
175.5262275740638
175.52702520315492
175.5311308847549
175.54222899596277
175.54221466441578
175.5458342400417
175.5659098550021
175.57126123276373
175.5767761254732
175.57989686742457
175.60021203053913
175.60410454706755
175.60411107838988
175.60874979033935
175.60952769153872
175.61390467671538
175.63609078723604
175.64808863543698
175.65486139556484
175.65533730703928
175.65581411435275
175.68118658223045
175.69784920242782
175.69792153907392
175.6981616997124
175.70615884747335
175.70631730494176
175.70652189432323
175.71079133136044
175.7108640783565
175.71156665267551
175.73533521054964
175.73540516710653
175.75909731738244
175.75991905512137
175.76428226992013
175.7681271415914
175.77171697959312
175.77160530176138
175.7756764597405
175.77512233649404
175.77597321139717
175.77552201812944
175.77682298758185
175.79830047225548
175.809358035973
175.81905391938082
175.82274772757034
175.84539179255526
175.8452222861327
175.8451701546023
175.8533695267037
175.8958699858611
175.89983029725113
175.89990286683835
175.91960201835158
175.91956090271623
175.92071319882342
175.92107715392385
175.9215728945049
175.95677347801688
175.97349054307102
175.97356864453053
175.97402958563814
175.98226022706262
176.00186492273713
176.01357844847544
176.01458489851697
176.01458556081147
176.0301431156775
176.03126422787128
176.0313205930047
176.03158100506212
176.03219812942314
176.0360140847227
176.0360327892467
176.0357862714568
176.03968974685873
176.0554579608455
176.05537267880084
176.07525844608202
176.0946171716864
176.1060750672352
176.13381074678978
176.13697328899565
176.1371494675452
176.14904315779063
176.18009297701093
176.18053501984082
176.20018705004725
176.23594505325963
176.23661598869924
176.23641340532254
176.24010297697606
176.2407469759683
176.24141399189187
176.24163943995666
176.24166361927146
176.24170969807014
176.24118210327572
176.26035770385622
176.28927931278255
176.2887000597476
176.2890190569314
176.2949477944773
176.29450053027205
176.30071379269535
176.3158009327175
176.33727305947147
176.3441732086958
176.3443971294429
176.34393794024768
176.36785319487805
176.37809063822675
176.38954464809342
176.3884835831304
176.39042544260792
176.39102157338402
176.39091220636445
176.39542170247515
176.3961006876604
176.3961016979504
176.40082032020396
176.41797642911095
176.4190691688546
176.41995170903215
176.4211370524596
176.42857912078304
176.4291765447689
176.4568244617764
176.46715151052658
176.4673682745791
176.4710029875206
176.47115537066458
176.47607935005104
176.48163098061596
176.48212217351727
176.4828607892741
176.48260449270785
176.48322761839313
176.4828152882373
176.48307622318106
176.4940058150858
176.49406356911106
176.50928091088605
176.52874870536684
176.53362112321727
176.54492080702965
176.55276849788166
176.55281422160897
176.55294924681704
176.58164640957668
176.5811809143269
176.585109992991
176.59552701686513
176.6147245664294
176.62111044981884
176.62910530962216
176.63008673196327
176.64031629171325
176.64022324593486
176.65163300807617
176.6528009567463
176.67643532166372
176.68000128038102
176.67972513334416
176.68069239748598
176.68839331411
176.69813036055666
176.69811679724586
176.70504438356826
