with mode=0, handoff cost coefficient = 1.0
168.0155889081914
168.3965571583945
168.3965558878282
168.39646891770673
168.39647036642097
168.3958551812317
168.43896740320278
168.47144786007468
168.47941513077433
168.47941607034494
168.4794173274615
168.4790761838478
168.7421349916377
168.74215214299568
168.74243489731347
168.7398472996556
168.7398964133818
168.74689499460297
168.72571833495718
168.75499478146278
168.75499528009863
168.76179176583702
168.80312318664414
168.80312319460788
168.85090304167264
168.8589429266851
168.85894250517353
168.87261522951846
168.8677022634732
168.8677213921446
168.8677214564493
168.8670223289271
168.87261522951846
168.90171129178069
168.90452343473842
168.90801979694385
168.90945452353418
168.91046768842162
168.90744747010316
168.91046768842162
168.91524628224417
168.92616827866382
168.9272638623953
168.92432531410896
168.92758452824364
168.9288680418433
168.92888095675855
168.93225994416449
168.949118613865
168.94921588303922
168.9553617341525
168.95787179210342
168.96089009654202
168.96899554779375
168.98181067194935
168.9818109041519
168.9818116369231
168.98406557956443
168.98409055937285
168.97999984571
168.97936988603473
168.9793729551912
168.99031379617327
168.99031407127165
168.99556867483363
168.9976818327561
168.99768197181123
168.99989835061177
169.007652431179
169.00930781109986
169.00080213421745
169.0054363248775
169.00455435727906
169.00500577938055
169.01427053117075
169.01490167480165
169.023497577073
169.03773414235047
169.04337200794885
169.0451390892547
169.04590949350904
169.05155369619746
169.2191022104721
169.21557709925054
169.41002827893146
169.53144772569973
169.53492056563118
169.53492042657604
169.53492056563118
169.5345354201402
169.55598382152124
169.55682625532285
169.5854338249471
169.5854598608858
169.60794790900476
169.60817728898232
169.60817721158892
169.60533360994526
169.60780700633492
169.6078071098182
169.60828691807066
169.8008577165808
169.79953621370004
169.8022780146198
169.80274862839778
169.80420718212306
169.80373751144498
169.81826561229678
169.81945076808
169.82050145550056
169.82193171396403
169.8233374018369
169.82307213651796
169.8580626026582
169.85809093380286
169.8606409913493
169.86082655828415
169.86069648218515
169.86084250929596
169.86050840376598
169.86005537844173
169.86005531308527
169.859562496239
169.90903406837683
169.90949810493836
169.9095025982757
169.90375455488763
169.90375489153888
169.90371895673346
169.90949810493836
169.90984422483533
169.92307632361454
169.9254098246176
169.9268601371681
169.92882558148983
169.9292230382067
169.93494004007434
169.9352380999437
169.9364546350719
169.93815740152033
169.93815741522386
169.93815812039438
169.9382154279104
169.9455493829417
169.9457011903993
169.95792858111207
169.9595191352229
169.959519294619
169.9636058991074
169.96392614121297
169.96406995286708
169.96711978944845
169.99179867741032
169.991800047898
169.9918082798935
170.01636911460193
170.01690899916386
170.0178648592775
170.01816906470387
170.01713061467638
170.0165616445567
170.01656333025193
170.0165638258384
170.01816906470387
170.01849253522934
170.01890794329938
170.01890892071393
170.01891948224727
170.01906302291655
170.020975967129
170.0212215080444
170.0282749402364
170.0285924416232
170.02911416677463
170.02913106368203
170.0291311974438
170.02919586394
170.02954101713036
170.02951737453347
170.02976599576002
170.02976608028968
170.0301615458453
170.03016420569804
170.0301559737138
170.04238459346442
170.042385017067
170.04940164648724
170.0512512832401
170.0567865059037
170.10565761505774
170.10565944679004
170.10586921908083
170.1538600983778
170.15386021296283
170.15947873500346
170.16096671183516
170.1664440394925
170.16641229070353
170.1665909775178
170.16659149666626
170.1666014944842
170.19658862504522
170.19665137986217
170.1966517109019
170.1966659201642
170.1966376942658
170.20747197065424
170.20753031060124
170.21004566807926
170.2100461233638
170.2102746801523
170.2104985372253
170.2162992162958
170.21600607843953
170.24474187938614
170.24475616047692
170.25177703099953
170.25203284092956
170.2520338088223
170.25902752146038
170.2590508571848
170.25903428875898
170.25917940112433
170.25928436296547
170.28864307167973
170.3304020548006
170.3412136661175
170.34124993618548
170.3416274592476
170.34162763244166
170.34237742084957
170.342385371438
170.3423936923457
170.34254721578338
170.34259432741476
170.34259927738356
170.34255989738614
170.3425194407306
170.34252243797982
170.34259432741476
170.34260687240476
170.34262628927425
170.34612400218666
170.34612414202869
170.34612415835184
170.34625451468176
170.34862267889454
170.3486597448279
170.35402406268864
170.35402850253683
170.35402864060535
170.3540919682584
170.37495370256127
170.37495402869803
170.37495512836085
170.3749659721716
170.395798669366
170.3958935438527
170.3960791368284
170.39607411515442
170.39927363849597
170.39943290771208
170.39953719571514
170.40024144189454
170.40024728422378
170.40241691295148
170.40241690585955
170.40241249321122
170.40248106472117
170.40258261396548
170.40259276979933
170.40274194655748
170.40274687548907
170.4031443510849
170.41730163050568
170.41731125680383
170.4191298308338
170.4191300258982
170.41913257541506
170.41913278349043
170.41916695903953
170.4192010103898
170.42051073316728
170.42052007221093
170.42050553736235
170.44135172523286
170.4413560709592
170.4414781591049
170.44147829977246
170.4415303780561
170.44153047195107
170.44153050397068
170.44166318873658
170.44170052550496
170.44170054547035
170.44170057733268
170.44178016331537
170.44183561504374
170.44183429529076
170.44183835804824
170.44192925575203
170.4419311413098
170.4419737398662
170.4480709188364
170.4484000722214
170.4490071731192
170.44914948900626
170.44946060262788
170.44975367629587
170.449782287357
170.44980293859481
170.4504641535097
170.45052528055322
170.45053096156084
170.4505670479707
170.45058826507403
170.45058851293388
170.4505886421047
170.45071642970407
170.45081601527772
170.45083248095378
170.45083255942356
170.45083335444264
170.46510753920134
170.46516265935944
170.46516272455244
170.4652722797182
170.4671391626777
170.46715522632854
170.46819138826655
170.46830144700482
170.4685416161777
170.4685720430756
170.4894145353663
170.4929279128611
170.49293008297076
170.49322872394683
170.4932352901973
170.4935203405361
170.4944338343922
170.49449855971997
170.49449867279938
170.49454211323757
170.49463649637897
170.49489101318778
170.49490624854423
170.4951916910144
170.51602110872537
170.51605002844772
170.51618409387078
170.51618415511885
170.51618431316362
170.51618438853916
170.51618440359533
170.51627224661115
170.51980067805798
170.51984258838746
170.51984264660507
170.51984930059763
170.5207110747903
170.52071121821047
170.52072956273028
170.5207697040454
170.52072987164377
170.54402110290897
170.55012041082168
170.5502154191943
170.5503397867135
170.56502654780456
170.56502666574113
170.56508285023628
170.56628361560865
170.5663966659428
170.56640397781337
170.5664217171089
170.5664874607635
170.56665955018798
170.5672844916406
170.5672845922083
170.5673108362756
170.56731090496885
170.56833686259847
170.56836303382048
170.56836969076386
170.5683818814688
170.5684024093353
170.56851177022406
170.5923712843174
170.5923738767158
170.59587962793947
170.59588770612052
170.59588776127276
170.60119022639074
170.60178126611166
170.6017816534311
170.60432914926173
170.6096958496709
170.609695952236
170.63048605500728
170.6305742340231
170.6305742792828
170.6305334832477
170.65131987021877
170.65137213721724
170.65664875894782
170.65878613871746
170.6588031105288
170.65876894820587
170.65878613871746
170.65875130616928
170.6587525865997
170.6588031105288
170.65881923994343
170.65881530390553
170.65882320095912
170.65887585909584
170.65890249744567
170.65890726027598
170.66195640449038
170.67210753738473
170.67389283420917
170.6741856994298
170.67536924284633
170.6754033299953
170.68764781767126
170.6876478407703
170.68765520256733
170.68775007320386
170.68803936451096
170.68801229325345
170.6882244012352
170.68869705838424
170.68960102404932
170.6896101908722
170.68959027897566
170.68959039856705
170.6895695946607
170.68960102404932
170.6896010339186
170.6896027732446
170.6896034697224
170.69112756847505
170.69471284945752
170.69471285258106
170.69471389094855
170.69471730451968
170.6947205330177
170.6949370711894
170.694938591999
170.69844997019305
170.6984499732522
170.698450390407
170.6984553316328
170.69847060848892
170.69865387996984
170.69868073032467
170.69911646938607
170.6991209468802
170.69914013581396
170.69914014513057
170.699147910155
170.69987328790864
170.70139697210425
170.7019896432752
170.70199029766664
170.70199078710937
170.70201987599478
170.70814306035064
170.70814351018456
170.70819908380648
170.70834125645314
170.70834240832284
170.70922092199532
170.70922973141876
170.70923716814033
170.70938361916325
170.7093836868373
170.71026178526537
170.71026515888335
170.71026621579458
170.7104101407496
170.71041035822233
170.71043421611463
170.71043423882801
170.71043634599155
170.71064689875215
170.7106614585736
170.71069538299562
170.71069637914874
170.71069660937115
170.71070108009891
170.7107237862178
170.71072379460955
170.71098425670462
170.71097931412248
170.71097933663538
170.710980880613
170.7125039054718
170.71266066387375
170.71268472621256
170.71268472621256
