with mode=3, handoff cost coefficient = 1.0
168.0155889081914
168.78566981487535
169.44527243800408
169.4452631199276
169.60999611733206
169.90662769380594
170.039784578653
171.37124275993034
171.38343101175883
171.38371080166786
171.65451461751098
172.08318599737407
172.38699663808396
173.44800409235802
173.4480053205667
173.4823273042397
173.51220340260127
173.52775422694629
173.5791640190356
173.57505212702677
174.5764101352044
174.57640758923247
174.84036024344857
174.84035860829147
175.0672557204631
175.1159519697567
175.11595918726934
175.1271237518406
175.13216786640962
176.25215820586476
176.25216212721853
176.2611467351073
176.256732002132
176.2567412566432
176.25691297241568
176.3203508155763
176.47378032587855
176.47378796574327
176.48043331096778
176.4858187659169
176.49006356649087
176.49166378601495
176.870957644662
176.87809100004839
176.92271727988583
176.9627302899248
176.97594248107205
176.97593086896634
176.97591130483488
176.97850197655634
176.98917818089492
177.146641942353
177.14666122787636
177.16670080316163
177.16811256417358
177.17234868457717
177.16838697652489
177.1708736694366
177.17087919273698
177.17087919273698
177.17087919273698
177.17087919273698
177.17087919273698
177.17087919273698
177.185182225108
177.1865683476102
177.18662242069036
177.18657834659592
177.18657834659592
177.18657834659592
177.18657834659592
177.18657834659592
177.19598311950142
177.19793172077004
177.19793325051643
177.19687553568642
177.19687553568642
177.19904152236418
177.19904152236418
177.20119193105697
177.1992923084594
177.20862533560444
177.2086271230933
177.20894585912237
177.20895053486566
177.20895053486566
177.20895053486566
177.20895053486566
177.20895053486566
177.20895053486566
177.2105041202285
177.2105041202285
177.2105041202285
177.21590219423962
177.2150151650543
177.215018498888
177.21395455532218
177.21395455532218
177.21395455532218
177.21395455532218
177.21395455532218
177.21395455532218
177.21395455532218
177.21395455532218
177.21395455532218
177.21791879412197
177.21791879412197
177.21806299000573
177.21965141825893
177.21965141825893
177.21965141825893
177.21965141825893
177.21965141825893
177.2234774320045
177.2254688325716
177.22544917180406
177.226776833338
177.22677366912225
177.22677366912225
177.22677366912225
177.22677366912225
177.23063224039194
177.2304895912642
177.23050749201758
177.23834506847464
177.23835074789696
177.23584210085275
177.23866451840485
177.23866451840485
177.23866451840485
177.23976283800062
177.23976283800062
177.242947785325
177.2437276400545
177.24373027926725
177.24388230189896
177.24388230189896
177.24388230189896
177.24388230189896
177.24388230189896
177.24388230189896
177.24388230189896
177.24388230189896
177.24388230189896
177.24388230189896
177.24388230189896
177.24388230189896
177.24388230189896
177.2455630614214
177.24558083303108
177.24558083303108
177.24583633367573
177.24583633367573
177.2483057189329
177.24834870947964
177.24835439633634
177.25185300528034
177.25053166922683
177.25053166922683
177.25053166922683
177.25053166922683
177.25053166922683
177.2532252297871
177.25322265367663
177.25322265367663
177.25321700151096
177.25321700151096
177.25321700151096
177.25321700151096
177.25555630935983
177.25557662853032
177.2554312495178
177.25544515999235
177.25544515999235
177.25544515999235
177.25544515999235
177.25544515999235
177.25544515999235
177.25544515999235
177.25544515999235
177.25544515999235
177.25544515999235
177.25544515999235
177.25544515999235
177.25544515999235
177.25544515999235
177.25544515999235
177.25544515999235
177.25544515999235
177.25544515999235
177.25544515999235
177.25544515999235
177.25544515999235
177.25544515999235
177.25544515999235
177.25544515999235
177.25544515999235
177.25544515999235
177.25544515999235
177.25544515999235
177.25544515999235
177.25544515999235
177.25544515999235
177.25544515999235
177.25544515999235
177.25544515999235
177.25544515999235
177.25544515999235
177.25544515999235
177.25544515999235
177.25544515999235
177.25544515999235
177.25544515999235
177.25544515999235
177.25544515999235
177.25544515999235
177.25544515999235
177.25544515999235
177.25544515999235
177.25544515999235
177.25544515999235
177.25544515999235
177.25544515999235
177.25544515999235
177.25544515999235
177.25544515999235
177.25544515999235
177.25544515999235
177.25544515999235
177.25544515999235
177.25544515999235
177.25544515999235
177.25544515999235
177.25544515999235
177.25544515999235
177.25544515999235
177.25544515999235
177.25544515999235
177.25544515999235
177.25544515999235
177.25806809967054
177.25817202550508
177.25817202550508
177.25976682312864
177.25976682312864
177.25976682312864
177.25976682312864
177.25976682312864
177.25976682312864
177.26027899704576
177.26040215895074
177.26040215895074
177.26040215895074
177.26040215895074
177.26040215895074
177.26040215895074
177.26040215895074
177.26040215895074
177.26040215895074
177.26040215895074
177.26040215895074
177.26040215895074
177.26040215895074
177.26040215895074
177.26040215895074
177.2738305779036
177.2702419031737
177.28222824938854
177.27939453017555
177.27939550276037
177.28258623593166
177.28258623593166
177.28369020275395
177.28503034153118
177.284618423522
177.28463950590333
177.28463950590333
177.28463950590333
177.28800883157922
177.2881213941166
177.2870653185447
177.2871546251231
177.2871546251231
177.2871546251231
177.2871546251231
177.2871546251231
177.2871546251231
177.2871546251231
177.2871546251231
177.2871546251231
177.2891019511071
177.2891019511071
177.289105232552
177.28912069642956
177.28912069642956
177.28912069642956
177.28912069642956
177.28912069642956
177.28912069642956
177.28912069642956
177.28912069642956
177.28912069642956
177.28912069642956
177.28912069642956
177.28912069642956
177.28912069642956
177.28912069642956
177.28912069642956
177.28912069642956
177.28912069642956
177.28912069642956
177.28912069642956
177.28912069642956
177.28912069642956
177.28912069642956
177.28912069642956
177.28912069642956
177.28912069642956
177.28912069642956
177.28912069642956
177.28912069642956
177.28912069642956
177.28912069642956
177.28912069642956
177.28912069642956
177.28912069642956
177.28912069642956
177.28912069642956
177.28912069642956
177.28912069642956
177.28912069642956
177.28912069642956
177.28912069642956
177.28912069642956
177.28912069642956
177.28912069642956
177.28912069642956
177.28912069642956
177.28912069642956
177.29008621861644
177.29008621861644
177.29008621861644
177.29008906942428
177.29008906942428
177.29008906942428
177.29008906942428
177.29008906942428
177.29008906942428
177.29008906942428
177.29008906942428
177.29008906942428
177.29008906942428
177.29008906942428
177.29008906942428
177.29008906942428
177.29008906942428
177.29008906942428
177.29008906942428
177.29008906942428
177.29008906942428
177.29008906942428
177.29008906942428
177.29008906942428
177.29008906942428
177.29008906942428
177.29008906942428
177.29008906942428
177.29008906942428
177.29008906942428
177.29008906942428
177.29008906942428
177.29008906942428
177.29008906942428
177.29008906942428
177.29008906942428
177.29008906942428
177.29008906942428
177.29008906942428
177.29008906942428
177.29008906942428
177.29008906942428
177.29008906942428
177.29008906942428
177.29008906942428
177.29008906942428
177.29008906942428
177.29008906942428
177.29008906942428
177.29008906942428
177.29008906942428
177.29008906942428
177.29008906942428
177.29008906942428
177.29008906942428
177.29008906942428
177.29008906942428
177.29008906942428
177.29008906942428
177.29008906942428
177.29008906942428
177.29008906942428
177.29008906942428
177.29008906942428
177.29008906942428
177.29008906942428
177.29008906942428
177.29008906942428
177.29008906942428
177.29008906942428
177.29008906942428
177.29008906942428
177.29008906942428
177.29008906942428
177.29008906942428
177.29008906942428
177.29008906942428
177.29008906942428
177.29008906942428
177.29008906942428
177.29008906942428
177.29008906942428
177.29008906942428
177.29008906942428
177.29008906942428
177.29008906942428
177.29008906942428
177.29008906942428
177.29008906942428
177.29008906942428
177.29008906942428
177.29008906942428
177.29008906942428
177.29008906942428
177.29008906942428
177.29008906942428
177.29008906942428
177.29008906942428
177.29008906942428
177.29008906942428
177.29008906942428
177.29008906942428
177.29008906942428
177.29008906942428
177.29008906942428
177.29008906942428
177.29008906942428
177.29008906942428
177.29008906942428
177.29008906942428
177.29008906942428
177.29008906942428
177.29008906942428
177.29008906942428
177.29008906942428
177.29008906942428
177.29008906942428
177.29008906942428
177.29008906942428
177.29008906942428
177.29008906942428
177.29008906942428
177.29008906942428
177.29008906942428
177.29008906942428
177.29008906942428
177.29008906942428
177.29008906942428
177.29008906942428
177.29008906942428
177.29008906942428
177.29008906942428
177.29008906942428
177.29008906942428
177.33327093356618
177.3338434342003
177.33384162594413
177.33384002044264
177.33384002044264
177.33384002044264
177.33384002044264
177.33384002044264
177.33384002044264
177.33384002044264
177.33384002044264
177.33384002044264
177.33384002044264
177.33384002044264
177.33384002044264
177.33384002044264
177.33384002044264
177.33384002044264
177.33384002044264
177.33384002044264
177.33384002044264
177.33384002044264
177.33384002044264
177.33384002044264
177.33384002044264
177.33384002044264
177.33384002044264
177.33384002044264
177.33327093356618
