with mode=3, handoff cost coefficient = 1.0
185.61847426157178
185.7402959507578
186.48080605938375
187.70478513922072
187.7457358649489
188.0845810282395
188.70152865919746
188.75700365165886
189.4333351566422
189.5435929777238
189.66794056897754
189.6874374778638
189.97459718705275
189.986108213318
189.98800245298204
189.98848578198056
189.9884425020653
190.06096842302603
190.06098815178038
190.98362699439255
192.12006908450334
192.12255237298046
192.98218981631808
192.99790503100766
193.3062252825238
193.90172970164497
194.0336895770098
194.029896248944
194.03234770087494
194.03369207937828
194.0732397218821
194.07835924824002
194.355025304324
194.36431133171908
194.55018756141257
194.55016992359376
194.64539044124396
194.64505728394374
194.64529717975896
194.70996384925908
194.71003688452163
194.71453195342679
194.90553883652942
194.91708097537557
194.96774209659117
194.96856536099517
194.97669715070754
194.99007760399923
194.99654857613575
194.99635985783073
195.03980302207424
195.04921523740524
195.04912808735543
195.06540579946943
195.07169308240657
195.0706384185047
195.47470615225907
195.47477425902434
195.66357950644922
195.67079116597688
195.67343617221576
195.67169779032767
195.71102500294018
196.07666469173577
196.0779022181808
196.0784738867216
196.0752590632265
196.07925028415448
196.07925028415448
196.07925028415448
196.07959976121796
196.0823884904801
196.09144953373075
196.0859862882615
196.08576625402827
196.08576625402827
196.08576625402827
196.08576625402827
196.0883913656402
196.08859631760512
196.11622814709312
196.11565634758983
196.12422951005243
196.12768142011583
196.12763942816855
196.12768753532845
196.13519430919
196.13504627996284
196.13396576298888
196.13483133430935
196.13483133430935
196.13483133430935
196.13483133430935
196.13483133430935
196.13483133430935
196.13483133430935
196.13483133430935
196.13483133430935
196.13483133430935
196.13483133430935
196.13483133430935
196.1444792591007
196.1463024303433
196.1497904976125
196.14632579639178
196.14632579639178
196.15308697384896
196.15977029699178
196.15916417077895
196.1594715830011
196.15782045683193
196.16449632998805
196.1643836481829
196.1657501275088
196.16844733187324
196.1690717043668
196.16653176237617
196.16939957655867
196.17117034185475
196.17117034185475
196.17152619954692
196.17152619954692
196.17152619954692
196.17152619954692
196.17152619954692
196.17772385483275
196.17772385483275
196.18014945546975
196.18038973412507
196.17978695430838
196.1868010090209
196.18713120605028
196.18742457381384
196.18889336291696
196.18889336291696
196.18889336291696
196.18889336291696
196.18889336291696
196.18889336291696
196.18889336291696
196.18889336291696
196.18889336291696
196.18889336291696
196.18889336291696
196.19018421779674
196.19018421779674
196.19018421779674
196.19018421779674
196.19018421779674
196.19018421779674
196.19018421779674
196.19018421779674
196.19018421779674
196.19018421779674
196.19018421779674
196.19018421779674
196.19018421779674
196.19018421779674
196.19018421779674
196.19018421779674
196.19018421779674
196.19145853522758
196.19145853522758
196.19145853522758
196.19145853522758
196.19145853522758
196.19145853522758
196.19145853522758
196.19145853522758
196.19145853522758
196.19145853522758
196.19145853522758
196.19513888440216
196.19513378757455
196.19432100402065
196.19483631597222
196.19483631597222
196.19483631597222
196.19483631597222
196.19483631597222
196.19483631597222
196.19483631597222
196.19483631597222
196.19483631597222
196.19483631597222
196.19483631597222
196.19483631597222
196.19483631597222
196.19483631597222
196.19483631597222
196.19483631597222
196.19483631597222
196.19483631597222
196.19483631597222
196.19483631597222
196.19483631597222
196.19483631597222
196.19483631597222
196.19483631597222
196.19483631597222
196.19483631597222
196.19483631597222
196.19483631597222
196.19483631597222
196.19483631597222
196.19483631597222
196.19483631597222
196.19483631597222
196.19483631597222
196.19483631597222
196.19483631597222
196.19483631597222
196.19483631597222
196.19483631597222
196.19483631597222
196.19483631597222
196.19483631597222
196.19483631597222
196.19483631597222
196.19483631597222
196.19483631597222
196.19483631597222
196.19483631597222
196.19483631597222
196.19483631597222
196.19483631597222
196.19483631597222
196.19483631597222
196.19483631597222
196.19483631597222
196.19483631597222
196.19483631597222
196.19483631597222
196.19483631597222
196.19483631597222
196.19483631597222
196.19483631597222
196.19483631597222
196.19483631597222
196.19483631597222
196.19483631597222
196.19483631597222
196.19483631597222
196.19483631597222
196.19483631597222
196.19483631597222
196.19483631597222
196.19483631597222
196.19483631597222
196.19483631597222
196.19483631597222
196.19483631597222
196.19483631597222
196.19483631597222
196.19483631597222
196.19483631597222
196.19483631597222
196.19483631597222
196.19483631597222
196.19483631597222
196.19483631597222
196.19483631597222
196.19483631597222
196.19483631597222
196.19483631597222
196.19483631597222
196.19483631597222
196.19483631597222
196.19483631597222
196.19483631597222
196.19640045773141
196.19700857354306
196.19700857354306
196.19700857354306
196.19700857354306
196.19700857354306
196.19700857354306
196.19714876805548
196.19714876805548
196.19714876805548
196.19747126860003
196.19747126860003
196.19747126860003
196.19747126860003
196.19747126860003
196.19747126860003
196.19747126860003
196.19747126860003
196.19747126860003
196.19747126860003
196.19747126860003
196.19747126860003
196.19747126860003
196.19747126860003
196.19747126860003
196.19747126860003
196.19747126860003
196.19747126860003
196.19747126860003
196.19747126860003
196.19747126860003
196.19747126860003
196.19747126860003
196.28096957213756
196.2834633037778
196.2826771695596
196.28331876407083
196.283598521109
196.283598521109
196.283598521109
196.283598521109
196.283598521109
196.283598521109
196.283598521109
196.283598521109
196.283598521109
196.283598521109
196.41556219006225
196.41964484616727
196.42130844956546
196.42070594756825
196.42166271593476
196.42174709565802
196.42174709565802
196.42174709565802
196.42174709565802
196.42174709565802
196.42174709565802
196.42174709565802
196.42174709565802
196.42385915701277
196.42545715636174
196.42585137266735
196.42623723965943
196.42621484816738
196.42621484816738
196.42621484816738
196.42621484816738
196.42621484816738
196.42621484816738
196.42621484816738
196.42621484816738
196.42621484816738
196.42621484816738
196.42621484816738
196.42621484816738
196.42621484816738
196.42621484816738
196.42621484816738
196.42621484816738
196.42621484816738
196.42621484816738
196.50006124463965
196.5016544104813
196.5017673462546
196.50173585850462
196.50226429722568
196.50226429722568
196.50226429722568
196.50226429722568
196.50226429722568
196.50226429722568
196.50226429722568
196.50226429722568
196.50226429722568
196.50226429722568
196.50226429722568
196.50226429722568
196.50226429722568
196.50226429722568
196.50226429722568
196.50226429722568
196.50226429722568
196.50226429722568
196.50226429722568
196.50226429722568
196.50226429722568
196.50226429722568
196.50226429722568
196.50226429722568
196.50226429722568
196.50226429722568
196.50226429722568
196.50226429722568
196.50226429722568
196.50226429722568
196.50226429722568
196.50226429722568
196.50226429722568
196.50226429722568
196.50226429722568
196.50226429722568
196.50226429722568
196.50226429722568
196.50226429722568
196.50226429722568
196.50226429722568
196.50226429722568
196.50226429722568
196.50226429722568
196.50226429722568
196.50226429722568
196.60412410484543
196.60448458620476
196.61530797348274
196.61537340057322
196.61472689444417
196.61433344058332
196.61433344058332
196.61433344058332
196.61433344058332
196.61433344058332
196.61433344058332
196.61433344058332
196.61433344058332
196.61433344058332
196.61433344058332
196.61433344058332
196.61433344058332
196.61433344058332
196.61433344058332
196.61433344058332
196.61433344058332
196.61433344058332
196.61433344058332
196.61433344058332
196.61433344058332
196.61433344058332
196.61433344058332
196.61433344058332
196.61433344058332
196.61433344058332
196.61433344058332
196.61433344058332
196.61433344058332
196.61433344058332
196.61433344058332
196.61433344058332
196.61433344058332
196.61433344058332
196.61433344058332
196.61433344058332
196.61433344058332
196.61433344058332
196.61433344058332
196.61433344058332
196.61433344058332
196.61433344058332
196.61433344058332
196.61433344058332
196.61433344058332
196.61433344058332
196.61433344058332
196.61433344058332
196.61433344058332
196.61433344058332
196.61433344058332
196.61433344058332
196.61433344058332
196.61433344058332
196.61433344058332
196.61433344058332
196.61433344058332
196.61433344058332
196.61433344058332
196.61433344058332
196.61433344058332
196.61433344058332
196.61433344058332
196.61433344058332
196.61433344058332
196.61433344058332
196.61433344058332
196.61433344058332
196.61433344058332
196.61433344058332
196.61433344058332
196.61433344058332
196.61433344058332
196.61433344058332
196.61433344058332
196.61433344058332
196.61433344058332
196.61433344058332
196.61433344058332
196.61433344058332
196.61433344058332
196.61433344058332
196.61433344058332
196.61433344058332
196.61433344058332
196.61433344058332
196.61433344058332
196.61433344058332
196.61433344058332
196.61433344058332
196.61433344058332
196.61433344058332
196.61433344058332
196.61433344058332
196.61433344058332
196.61530797348274
