with mode=1, handoff cost coefficient = 1.0
185.61847426157178
185.640276791831
185.6854485996443
185.75022385360273
185.7925096782106
185.88370974516903
185.88935963566252
185.94179743926875
185.99070214126002
186.006123964334
186.02250382802845
186.0361043762295
186.07722800627434
186.1063297596748
186.14931614759132
186.24826227898504
186.30389772529662
186.33540103348588
186.36037970399892
186.4415231259699
186.50150489165006
186.52626850479527
186.5259920611984
186.53074517887114
186.5338181345967
186.55127556765905
186.5628651259766
186.61060154525782
186.68976316462684
186.70667444768924
186.70988951731135
186.75911812170756
186.78236193785358
186.79107790839953
186.814963080536
186.85028720019432
186.97498814411452
186.99158665046954
187.02878656477276
187.08034505471772
187.09818928307774
187.13345133266802
187.18311834249346
187.2204661362793
187.2276826572016
187.26649759438348
187.2671899142146
187.2838446867999
187.32181288309548
187.40126374812567
187.4015270808074
187.46709564655237
187.58193383578933
187.61519201779447
187.61855061774236
187.71379057957077
187.7157633027355
187.75446827837362
187.80227616396064
187.80569889022811
187.80511188218514
187.80566718241886
187.8124424065419
187.83932858651937
187.87065225529014
187.90476213212952
187.91438331061437
187.93860867750584
187.97151370972725
188.01236921300995
188.01157810028548
188.01235169522263
188.03106207718164
188.0498685489246
188.05321287749226
188.0701244556395
188.1233475787804
188.13940291620344
188.16604885869108
188.26411775285627
188.2938649854294
188.29886675601432
188.32758815734545
188.3299015386399
188.33715452786092
188.42205568435256
188.4510429135531
188.46003668944692
188.4788411160694
188.4788971146281
188.48251860258875
188.48980840392636
188.49830564803534
188.49792581218577
188.53635668569927
188.53507317448657
188.53493299034957
188.53695728643996
188.63412018272822
188.63873790123594
188.68845940952008
188.68725937105094
188.68754999437053
188.7256815246199
188.7266843224127
188.76543368967035
188.8168894378993
188.8524153223596
188.95515136259166
188.9993249334059
189.009792849316
189.01718816597673
189.06559734524296
189.0771499171436
189.07913144922864
189.0967915918112
189.10307285705352
189.10402500819214
189.1057555795688
189.12853875809526
189.12485272201445
189.16002698680214
189.1816652882348
189.20737611379306
189.2105335266047
189.23641783296313
189.26708096389223
189.29065489998007
189.35384426359803
189.3522872732691
189.3756818863142
189.42287356020415
189.50940401786477
189.5852199569933
189.59213717204113
189.5945019368553
189.5990061334128
189.6351650552252
189.64997150457103
189.65856229199937
189.6954306387833
189.76761916070478
189.77326287403554
189.7731662413903
189.79777144102172
189.89010825492363
189.92093488958506
189.96493786234444
189.96343701856907
189.96325290042947
190.07143249829568
190.07710184943986
190.07797911329826
190.09241843705271
190.16032107699147
190.16626551166007
190.19782272673055
190.19701065126876
190.20330646792954
190.20154919630522
190.22582469954884
190.25888663649255
190.25838667165436
190.27447571050826
190.34839677393745
190.43164846627866
190.47032443936453
190.53183442129688
190.60769521504702
190.61106025200706
190.61693766316085
190.63461539613797
190.66252786819229
190.6763131075076
190.68984728309044
190.68893707728296
190.68797219920438
190.69617134856406
190.7348286671741
190.73590251207116
190.77987415572983
190.79401544136402
190.79915721579388
190.84767895960243
190.86512908548053
190.8877882277489
190.8915101605385
190.92427875260648
190.9357082755334
190.96414325603715
190.96282051769515
190.96080412679942
190.95927196757717
190.98774549607728
191.04105885901575
191.1182566417859
191.1194308099715
191.13489656148403
191.13702848430478
191.16041937370602
191.20035751785272
191.2242179336499
191.31012407813935
191.35118445354306
191.3507344818894
191.3991591191956
191.403449853526
191.4608963462334
191.4645933093577
191.5050986499703
191.50404937851465
191.51755778970812
191.5192044701009
191.56602181437825
191.5794113130258
191.61750598455183
191.61931646489674
191.64372232325044
191.71963881994964
191.72207109198632
191.72459019213386
191.74489412027106
191.7425276528424
191.74732630117254
191.83300366276563
191.8368432105063
191.84088181411914
191.8455896907061
191.84549661367967
191.84269237415984
191.84202952082364
191.88204426213912
191.88219330762664
191.92823644327052
191.9421539234304
191.9933173137836
191.99557357980103
192.05810480154025
192.10656163620905
192.1334902294778
192.17973404129643
192.2210357021627
192.22073423678313
192.22204522972908
192.2709715515262
192.29766247697222
192.38493889860484
192.387325739042
192.48760136609752
192.5039832196345
192.5550664503355
192.65293147701655
192.70189367704066
192.7038213341048
192.70387807864523
192.70267669802456
192.70087324056698
192.73917414157864
192.741378861718
192.80330411040188
192.82583896355158
192.863209399194
192.88660410419777
192.88840386742024
192.8880464370254
192.88993768727994
192.89213865886063
192.94185979840228
192.93938041884604
192.97857391785942
193.02897936765223
193.02870527617134
193.07531707291108
193.0940628398551
193.09541559779228
193.12317534505092
193.13959859461562
193.14257642288646
193.1810221057156
193.18195419463794
193.1963045596241
193.20769877807462
193.22550471793193
193.2242946017467
193.2878193163067
193.35155278470387
193.35040102200873
193.3691879171322
193.4429645621539
193.48371333414963
193.4831373589201
193.50439410872602
193.50384467758192
193.5023059021819
193.50266928167687
193.57289800848056
193.56965102094796
193.6534818311053
193.72000599515707
193.7197383037617
193.76064199015067
193.76074302264686
193.7761491240551
193.80068030760413
193.8425724410289
193.83928859401186
193.83838819489267
193.84020247572943
193.88120657369035
193.87600055359778
193.87304752245618
193.87197380581722
193.88794471884606
193.89206213785306
193.8949678932252
193.9426910717694
193.95997973994523
193.97489641417377
193.97819103683685
193.99116744824823
193.99245392390313
193.99011005740317
193.98892828599378
193.99061850402435
194.01154279572154
194.01252686650793
194.01359362859566
194.05181946429167
194.05394976260772
194.05426606260193
194.12250812499047
194.12310505319414
194.1444839420054
194.1448903128981
194.20338352493138
194.20479067142168
194.20527423974747
194.21775724332562
194.29870341708988
194.31053476103412
194.31062962531905
194.31389659754868
194.37934332320782
194.42982788300776
194.43198053754654
194.50155650470592
194.52086585864106
194.53654469953526
194.59553230645878
194.59327388876437
194.63002482758523
194.69032052987046
194.70201259573903
194.70165820551637
194.71777048629065
194.71915615583362
194.7381836874484
194.74152941666742
194.75714546788475
194.78315979422962
194.78236523909487
194.7807771251137
194.77989341364244
194.82532175832847
194.82574484933798
194.82655116769754
194.83982631455575
194.85545651940038
194.85815049107813
194.85689321224604
194.8571454383425
194.85827945862883
194.85406837563346
194.85151638074575
194.84974700279744
194.8832105268104
194.93752534367542
194.94950042962776
194.94848794550788
194.95152908232086
194.95555953479044
194.95611193274829
194.95691964849755
194.95753352082846
194.98293559863615
194.99247948751974
195.0370074410146
195.07036813536058
195.08400293669246
195.08424596439622
195.08711265086748
195.08749314374964
195.08711281967643
195.10208354444111
195.10559388757636
195.1312322816126
195.13095823259562
195.1505924577362
195.17581110536003
195.17471255784676
195.172737242788
195.19257340717616
195.19146332537463
195.21309591237576
195.2145823634341
195.2136406163242
195.2276479306013
195.22793861856238
195.24869978969446
195.24975776767184
195.26595664594666
195.31275281992473
195.36153007877772
195.38492295358907
195.38557590266356
195.38456946688518
195.4617813189271
195.49159975409805
195.48936748769182
195.51752216331894
195.51775916151794
195.58317846070062
195.63180934461067
195.65865875554368
195.6577788006164
195.65693896901007
195.65799701665526
195.65730640094634
195.65865875554368
195.6661988826905
195.66566077195475
195.6759583450975
195.6866912204656
195.69509740660567
195.70104990316605
195.71337132747442
195.7140799408676
195.71487331938886
195.7162857915156
195.71606405327708
195.73019615878718
195.73050506582666
195.73094917264837
195.73638007859532
195.73632305177767
195.74944263740613
195.75002024515587
195.74969162730122
195.77395017696247
195.77401637446977
195.77400309844666
195.77405154137278
195.77525704246978
195.78914895771163
195.78958825071766
195.79572242422034
195.81909850913382
195.819939224824
195.8304768900861
195.8366223095318
195.83659224269513
195.8372597548049
195.86188668889434
195.8610841355182
195.86178114854962
195.86165662458407
195.86161188682735
195.87398688192388
195.87361997155233
195.89337687763336
195.89361929617084
195.89379378508892
195.89377919055593
195.90642573908556
195.9276873151823
195.92742852626498
195.92796378726683
195.94028294255367
195.93996946268146
195.9405622551044
195.94687813436624
195.95727629646476
195.96360611951823
195.96345769399355
195.96348039392439
195.96414640344221
195.9638898365212
195.97956414901984
195.98503701912455
195.9992126056843
196.00027047429077
196.0004605736928
196.00074447601787
196.03631392983388
196.0490372122844
196.04832142346243
196.07203542992912
196.07209347384244
196.0721066912158
196.07262907752477
196.078666609843
