with mode=0, handoff cost coefficient = 1.0
185.61847426157178
185.63696788975435
185.63696248733947
185.6368909699782
185.68774878356678
185.67217087993575
185.67679086154538
185.893463048647
185.89806255345934
186.27834161373048
186.27789990364087
186.33264324926532
186.34426946568698
186.3445459187065
186.34908352242087
186.34935332207968
186.34160013511308
186.34116130946444
186.40917795015235
186.40925891394792
186.41301218537302
186.41303939849354
186.42873344548707
186.42865248169153
186.43041047987293
186.42509504738922
186.4282316658352
186.43734703978893
186.4373153436898
186.437004021554
186.4376095036294
186.44255135039487
186.67411109266288
186.67403560481011
186.6914092970997
186.99745319564533
186.98608967760345
186.99745319564533
186.99134769936614
186.99296502343367
186.99745319564533
187.00450013594974
187.01081084556955
187.02219302014566
187.031791511473
187.0275930580686
187.03236025967152
187.03238849900265
187.032316451894
187.03196656226459
187.03369401765042
187.03332849864887
187.03252025348746
187.0336754785532
187.03467572515294
187.02994521787386
187.03891172710541
187.03996079590405
187.04284487439827
187.04343863841558
187.2347865073425
187.24284356870177
187.24287405699494
187.24287456665343
187.30334189129334
187.30296747033975
187.4043813710454
187.4043839419758
187.41582592859626
187.4143703403047
187.4148370431325
187.52828816864474
187.71899496271521
187.71748504571977
187.71766797909777
187.71796436325482
187.71889887641044
187.71899496271521
187.7191018212681
187.7214123771006
187.79746422942023
187.7980783208568
187.8740581402853
187.87423621591793
187.87438740867708
187.8748166029975
187.87708939514994
187.8776571141932
187.89137038971842
187.90613059931553
187.9060855132001
187.90641508806894
187.90929317737113
187.90930693353818
187.9098951801497
187.90985082621938
187.9099105215791
187.9233886292055
187.92490218667834
187.92439795910565
187.92440325085136
187.9257152598685
187.9247934395273
187.9245339597924
187.92616770958216
187.92885174574042
187.95850128831472
187.95854538202593
187.97231565506758
187.97231788201185
187.97522543278575
187.974530902957
187.9745316068179
187.97895510364134
187.98152950077403
187.9832444203392
187.98835731175546
187.98962342696154
187.9913931457932
188.04201957840172
188.0420372051673
188.04269388947884
188.1365904818957
188.13599779323908
188.13619540614837
188.13858722413377
188.13862735933714
188.14069702842633
188.14120341716702
188.14149564947928
188.14156758584394
188.14140497881482
188.21726010038512
188.22944132209287
188.22961184376814
188.2306256532095
188.2344596411504
188.23488489349214
188.2647585227776
188.26476564698817
188.2745678288324
188.27456637775683
188.27536373311128
188.2779275954566
188.27864314991768
188.2792860763787
188.27951148434443
188.27876609620785
188.27885165887463
188.30839330661138
188.36447546497544
188.3644883108686
188.3652796417593
188.42096390039575
188.42095606423868
188.42004343802628
188.42039174551874
188.42065385401605
188.421996345546
188.42324527080962
188.4232507307753
188.4232515752343
188.427331732472
188.42784184797816
188.42795942633384
188.42869321406735
188.42737820404827
188.427972822959
188.42805658059856
188.46733301785585
188.46733671496722
188.54274421733535
188.54333278103812
188.54556906619766
188.54541468188873
188.60082655483532
188.6013850837523
188.60133850597643
188.63013890624566
188.632420548548
188.6325113055786
188.63251185561674
188.6327443938469
188.63494290350351
188.6369086983246
188.63723338211568
188.6376318724152
188.63837842018106
188.63898182197985
188.6399497830253
188.63996641602048
188.71552961390833
188.7156304480444
188.7159714360842
188.71594517097196
188.71640624466755
188.71666244161992
188.71714680211232
188.71664802484617
188.71638110981257
188.71722822570587
188.71724285662958
188.71733688409353
188.7185505875185
188.71981520209192
188.7198449037112
188.72813866607527
188.72814588852947
188.72801967962408
188.73025425970968
188.73025867144395
188.7431390471658
188.74279453774096
188.74336578877518
188.74343300019
188.7434335269379
188.74369452994569
188.74369907178686
188.74365869452078
188.7437237873473
188.74393932308178
188.7433737189623
188.83650854131986
188.83652176072525
188.83808117821997
188.83808176969413
188.89290089083195
188.89506639521855
188.89549287769188
188.98875513185934
189.0408353601991
189.0412258532638
189.04126118215817
189.0403136461784
189.0410547735854
189.04144919672885
189.05308404571198
189.05363459421443
189.0536235485157
189.05164715102165
189.05237062898487
189.06296433029115
189.0631203440439
189.06301012194245
189.06304083953495
189.06162401804903
189.06163666492392
189.0631203440439
189.0639703824397
189.07830320790586
189.0785120132577
189.07799581156374
189.07815656863946
189.07816546260676
189.1158256060404
189.11554467998639
189.11570980282875
189.11785059113055
189.11795989081338
189.11799522808707
189.1188904036796
189.1192684505752
189.14467313844872
189.14502725524454
189.19285698950048
189.19289713486586
189.19283480514972
189.19329628909793
189.1942939828712
189.1940078670269
189.1940105330119
189.19474327787526
189.20083027445364
189.20084010060918
189.2021295178436
189.20214440706079
189.20217372135733
189.20220768233085
189.22951560937102
189.22956876534664
189.2300693160266
189.23631922810088
189.2826713639114
189.2826755198767
189.3190587148021
189.32409889043367
189.32488871299236
189.3248892473705
189.3248953077006
189.32489810165578
189.3249253199523
189.3250013985186
189.32501784380267
189.35144374846155
189.351641812892
189.3516978254767
189.35202046049875
189.37922289475114
189.37903971857745
189.3790477603542
189.37915370267956
189.37929286176947
189.38023993564246
189.37969922233265
189.3797111279958
189.37977531518197
189.3797734304965
189.38055105627595
189.39188248230832
189.39278699999286
189.39284096036772
189.39356527753054
189.3939598994384
189.39395880528878
189.39395890438885
189.3939604165275
189.39396642380547
189.41315350902477
189.41315372135233
189.4318616809799
189.4319541173707
189.4324333995729
189.4327344309741
189.43317578995448
189.43322983208688
189.43326665981752
189.43328627792906
189.43322200656414
189.4331904491581
189.43436921504858
189.43426220117132
189.4343090670466
189.43450803895482
189.43450698476812
189.43539356818545
189.43540008086006
189.44965932986324
189.4496168249582
189.44965932986324
189.46391398318104
189.46397979443736
189.474872005223
189.47496971590084
189.474869728214
189.47486979899065
189.47487680314447
189.4748741428586
189.50198898591213
189.5062477173605
189.50652673268434
189.50670964371756
189.50709691935475
189.50736765008816
189.50748830711004
189.50749165938305
189.50750202252084
189.50748579649206
189.50727561726524
189.50732336810165
189.53277086864279
189.53320188558095
189.57088337396456
189.57093892684483
189.57183596395828
189.58602112740937
189.58603935633278
189.5860911960642
189.59713465459308
189.59715061150453
189.600461745036
189.60047859592618
189.60335982265417
189.60337951575713
189.60339805361028
189.60309977622933
189.64885762398313
189.6487158896812
189.65139819491077
189.65138233771256
189.65137924169971
189.65138262336984
189.6514104955744
189.6516273661831
189.65175340216751
189.65194002390768
189.65195032504624
189.651971191955
189.651991804597
189.6995673938914
189.69962658035965
189.69994514902618
189.69992777255905
189.6999398646948
189.70003474474643
189.70145186437537
189.7390070202528
189.7390048557802
189.73934072095904
189.7393819510392
189.74025000836417
189.7402595552673
189.74026495544013
189.7403470725932
189.74045780915256
189.74046140283875
189.7404723968887
189.74134549052184
189.74149774453986
189.7556722007714
189.76649875176275
189.76657200383553
189.76661338228973
189.76662130817527
189.76635594554756
189.78046242418287
189.78045461684832
189.78094286864516
189.78094287391986
189.78092466612088
189.78099872321616
189.78124382796744
189.7999647131213
189.79996196229922
189.7999633106724
189.80002146828775
189.79999972639934
189.80010974238058
189.8002652123273
189.80040209738834
189.80043369296823
189.80043470048778
189.80027342322228
189.80026937057812
189.80026831682176
189.80043369296823
189.80044058693423
189.80060534591368
189.80061690116204
189.80061561451814
189.80296927247397
189.80297248835788
189.8029726033295
189.8122606459286
189.81223903748295
189.81524445098077
189.81524564301432
189.81524033930455
189.81517845063186
189.81523117906386
189.8152946163735
189.81525371455783
189.8245041282099
189.82451200339457
189.8245327647004
189.8245035129861
189.82450170281993
189.8258883548152
189.8259232302171
189.82819752888605
189.8281769161642
189.82856695456
189.83111484405165
189.83111756526216
189.83358974205512
189.83358975486712
189.83358879400822
189.8335926213183
189.83359360186495
189.83358974205512
189.83361469001298
189.83363876836384
189.8363075103665
189.83886661573507
189.839533166095
189.84062065983153
189.84062162690572
189.84062350888388
189.84062468197686
189.8406250027739
189.84062065983153
189.84076127727016
189.84080551094058
189.8415380735769
189.84153858990712
189.84385076565258
189.84385374512638
189.84385454944422
189.84385462029837
189.84418120467686
189.84423949062383
189.84424430635838
189.84428353280464
189.84489950227857
189.84494548681207
189.8467294652511
189.84673260237747
189.84673439642063
189.84673442385144
189.84673459146723
189.8498498833734
189.8498498833734
