with mode=3, handoff cost coefficient = 1.0
173.78696467095477
174.01958620407964
174.10080949367634
174.16531826090392
174.16607490681866
174.50321704925594
174.62005448718836
174.6397553671926
174.6565513301686
174.65648928584878
174.6298977582583
174.66137866146585
174.8000911813895
174.8273030332666
174.79098119326363
174.93175282222774
175.24811189394794
175.25893076633167
175.23938258563092
175.23901224423125
175.2433698623896
175.3040514469432
175.46873990101508
175.4685448133635
175.94316527559596
176.13020654179377
176.1300605227936
176.16490938839976
176.16513195814616
176.16503253876778
176.33220620597587
177.39964124543994
177.58685441874252
177.58733379972165
177.5874466193045
177.5810349504313
177.5810349504313
178.01051467692818
179.07025706269948
179.091492288288
179.25683226325287
179.25698769834204
179.25709399997143
179.27690229809676
179.30416775155808
179.3074416734815
179.3074743935921
180.38229249557475
181.4322785286944
181.45723383442362
181.46471354968645
181.46482715575033
181.46476955088923
181.4691249650357
181.4797850146926
181.48005757221637
181.4800900191047
181.4800900191047
181.49820132002955
181.49812058213809
181.50445679409273
181.50449799605582
181.50449799605582
181.50450922391775
181.50450922391775
181.50450922391775
181.50450922391775
181.50450922391775
181.50450922391775
181.50450922391775
181.50450922391775
181.50742071542487
181.873602224671
182.19346150360815
182.1934233984071
182.16973160359214
182.17576920972027
182.17576920972027
182.17576920972027
182.17580668678517
182.17580668678517
182.29171145534528
182.29777580827962
182.2978069494435
182.31523801763123
182.31521259170069
182.3393424251656
182.34708709326017
182.34709734563816
182.34713060831677
182.34705779403734
182.34705779403734
182.36184587636
182.36533678476664
182.36823980018457
182.3603541083909
182.3603541083909
182.3790061153755
182.37874224841767
182.38275486836574
182.37498534882576
182.38245490121093
182.38271868844458
182.38271868844458
182.38269130772957
182.3919823469789
182.3919900387919
182.39218897241298
182.39223454494956
182.41541546601994
182.41475297952888
182.41503890846087
182.41497587728853
182.41497587728853
182.41497587728853
182.41497587728853
182.41497587728853
182.41497587728853
182.41497587728853
182.42784023650714
182.42143834906088
182.41785146948226
182.41788705687256
182.41788705687256
182.41788705687256
182.41788705687256
182.41788705687256
182.41788705687256
182.41788705687256
182.41788705687256
182.4245430499793
182.4245430499793
182.42450067678305
182.42424486740344
182.42424486740344
182.42424486740344
182.42424486740344
182.42424486740344
182.42424486740344
182.42424486740344
182.68553645783885
182.68744051263985
182.68899872537764
182.6926583069564
182.69266088649385
182.6897335866869
182.69103366284205
182.69103366284205
182.69103366284205
182.69103366284205
182.69103366284205
182.69103366284205
182.69103366284205
182.6952655506389
182.6958094463041
182.6958094463041
182.7027190568227
182.70274362721221
182.70274606792196
182.70281663996397
182.70281663996397
182.70281663996397
182.70281663996397
182.70281663996397
182.70281663996397
182.70281663996397
182.70281663996397
182.70281663996397
182.70281663996397
182.70281663996397
182.70281663996397
182.70281663996397
182.70281663996397
182.70281663996397
182.70281663996397
182.70281663996397
182.70281663996397
182.70281663996397
182.70281663996397
182.70281663996397
182.70281663996397
182.70281663996397
182.70281663996397
182.70281663996397
182.70281663996397
182.70281663996397
182.70281663996397
182.70281663996397
182.70281663996397
182.70281663996397
182.70281663996397
182.7127959060989
182.71279115742146
182.71274394383494
182.71267513806072
182.71267513806072
182.71267513806072
182.71267513806072
182.71267513806072
182.71267513806072
182.71267513806072
182.71267513806072
182.71267513806072
182.71267513806072
182.71267513806072
182.71267513806072
182.71267513806072
182.71267513806072
182.71267513806072
182.71267513806072
182.71267513806072
182.71267513806072
182.71267513806072
182.71267513806072
182.71267513806072
182.71267513806072
182.71267513806072
182.71267513806072
182.71267513806072
182.71267513806072
182.71267513806072
182.71267513806072
182.71267513806072
182.71267513806072
182.71267513806072
182.71267513806072
182.71267513806072
182.71267513806072
182.76686581416936
182.76507163299303
182.7671036147198
182.76709878214842
182.76709878214842
182.7685924019539
182.7704410308255
182.7704410308255
182.76997901528296
182.76997901528296
182.76997901528296
182.76997901528296
182.76997901528296
182.76997901528296
182.76997901528296
182.76997901528296
182.76997901528296
182.76997901528296
182.76997901528296
182.76997901528296
182.76997901528296
182.76997901528296
182.76997901528296
182.76997901528296
182.76997901528296
183.26628073730035
183.26634788278892
183.26633482676579
183.26622555221394
183.26622555221394
183.26622555221394
183.26622555221394
183.26622555221394
183.26622555221394
183.26622555221394
183.26622555221394
183.26622555221394
183.26622555221394
183.26622555221394
183.26622555221394
183.26622555221394
183.26622555221394
183.26622555221394
183.26622555221394
183.26622555221394
183.26622555221394
183.26622555221394
183.26622555221394
183.26622555221394
183.26622555221394
183.26622555221394
183.26622555221394
183.26622555221394
183.26622555221394
183.26622555221394
183.26622555221394
183.26622555221394
183.26622555221394
183.26622555221394
183.26622555221394
183.26622555221394
183.26622555221394
183.26622555221394
183.26622555221394
183.26622555221394
183.26622555221394
183.26622555221394
183.26622555221394
183.26622555221394
183.26622555221394
183.26622555221394
183.26622555221394
183.26622555221394
183.26816410785278
183.26816410785278
183.26816410785278
183.26820696424562
183.26820696424562
183.26820696424562
183.26820696424562
183.26820696424562
183.26820696424562
183.26820696424562
183.26820696424562
183.26820696424562
183.26820696424562
183.26820696424562
183.26820696424562
183.26820696424562
183.26820696424562
183.26820696424562
183.26820696424562
183.26820696424562
183.26820696424562
183.26820696424562
183.26820696424562
183.26820696424562
183.26820696424562
183.26820696424562
183.26820696424562
183.26820696424562
183.26820696424562
183.26820696424562
183.26820696424562
183.26820696424562
183.26820696424562
183.26820696424562
183.26820696424562
183.26820696424562
183.26820696424562
183.26820696424562
183.26820696424562
183.26820696424562
183.26820696424562
183.26820696424562
183.26820696424562
183.26820696424562
183.26820696424562
183.26820696424562
183.26820696424562
183.26820696424562
183.26820696424562
183.26820696424562
183.26820696424562
183.26820696424562
183.26820696424562
183.26820696424562
183.26820696424562
183.26820696424562
183.26820696424562
183.26820696424562
183.26820696424562
183.26820696424562
183.26820696424562
183.26820696424562
183.26820696424562
183.26820696424562
183.26820696424562
183.26820696424562
183.26820696424562
183.26820696424562
183.26820696424562
183.26820696424562
183.26820696424562
183.26820696424562
183.26820696424562
183.26820696424562
183.26820696424562
183.26820696424562
183.26820696424562
183.26820696424562
183.26820696424562
183.26820696424562
183.26820696424562
183.26820696424562
183.26820696424562
183.26820696424562
183.26820696424562
183.26820696424562
183.26820696424562
183.59564285003577
183.59804457491012
183.59853462867994
183.59659044623385
183.59659044623385
183.59659044623385
183.59659044623385
183.59659044623385
183.59793816293458
183.59793816293458
183.59793816293458
183.59793816293458
183.59793816293458
183.59793816293458
183.59793816293458
183.59793816293458
183.59793816293458
183.59793816293458
183.59793816293458
183.59793816293458
183.59793816293458
183.59793816293458
183.59793816293458
183.59793816293458
183.59793816293458
183.59793816293458
183.59793816293458
183.59793816293458
183.59793816293458
183.59793816293458
183.59793816293458
183.59793816293458
183.59793816293458
183.59793816293458
183.59793816293458
183.59793816293458
183.59793816293458
183.59793816293458
183.59793816293458
183.59863994847524
183.59863994847524
183.59863994847524
183.59863994847524
183.59863994847524
183.59863994847524
183.59863994847524
183.59863994847524
183.59863994847524
183.59863994847524
183.59863994847524
183.59863994847524
183.59863994847524
183.59863994847524
183.59863994847524
183.59863994847524
183.59863994847524
183.59863994847524
183.59863994847524
183.59863994847524
183.59863994847524
183.59863994847524
183.59863994847524
183.59863994847524
183.59863994847524
183.59863994847524
183.59863994847524
183.59863994847524
183.59863994847524
183.59863994847524
183.59863994847524
183.59863994847524
183.71321625502284
183.71325288075147
183.71325404914813
183.7130130977881
183.7130130977881
183.7130130977881
183.7130130977881
183.7130130977881
183.7130130977881
183.7130130977881
183.7130130977881
183.7130130977881
183.7130130977881
183.7130130977881
183.7130130977881
183.7130130977881
183.7130130977881
183.76499645715424
183.76341693233888
183.76313356370753
183.7631383485429
183.7631383485429
183.7631383485429
183.7631383485429
183.7631383485429
183.7631383485429
183.7631383485429
183.7631383485429
183.7631383485429
183.7631383485429
183.7631383485429
183.7631383485429
183.7631383485429
183.7631383485429
183.7631383485429
183.7631383485429
183.7631383485429
183.7678738486203
183.76615366760217
183.76615366760217
183.76517380718303
183.76517380718303
183.76517380718303
183.76517380718303
183.76517380718303
183.76716956105665
183.7688040996266
183.76848273859108
183.76826992712827
183.76826992712827
183.76826992712827
183.76826992712827
183.76826992712827
183.76826992712827
183.76826992712827
183.76826992712827
183.7678738486203
