with mode=0, handoff cost coefficient = 1.0
173.78696467095477
173.78587658827166
173.78267463172483
173.84595650712345
173.87672035824068
173.88958400240315
173.88949011506608
173.93530139561418
174.00018141607887
174.04324421505206
174.03936244585725
174.14506483289293
174.13268961720175
174.14267865547987
174.1312036382751
174.13167463027582
174.14506483289293
174.14506830073643
174.14507489401186
174.15397575220896
174.19179106174604
174.1892067279118
174.18921036610567
174.19454608525282
174.20011819377402
174.20135416070104
174.20184823273152
174.20368281815334
174.20567001266053
174.2192755358938
174.2319385075949
174.2486066049764
174.25823335523603
174.25694367498107
174.2596454800779
174.26301953691757
174.26302109981242
174.26159059460608
174.2986330195031
174.30201645591293
174.30952580989552
174.33640223791886
174.35550311354407
174.355506956943
174.35505031547595
174.5530196926968
174.55196406005976
174.557296751257
174.55735395319996
174.59449640347017
174.59507033630666
174.59655767907276
174.6055994098498
174.7888936375772
174.8141137101704
174.81411323341354
174.82275090864894
174.821933809235
174.82296902823728
174.82689948748538
174.82700441539635
174.83107386098482
174.83077923053116
174.83051874978543
174.83052142154085
174.83052125309626
174.83107386098482
174.83177366716922
174.83177463538217
174.83551123541702
174.85346486817787
174.85346514003533
174.85661696261204
174.85780969230285
174.8568129872203
174.85780422055979
174.86078743371013
174.86077600557942
174.87459774455036
174.87806331517342
174.87995270452487
174.88724150913006
174.88724192367968
174.88913148583347
174.8891253816702
174.8889716479214
174.89168285097261
174.89172990870097
174.89257352993468
174.8927453998034
174.892958788654
174.99287807734368
174.9981288673801
174.99812959987457
174.99864140613454
174.99949217606547
175.0028681992017
175.00286968370077
175.0119780372062
175.01374717332783
175.01374695462727
175.01419903296437
175.02211201075036
175.02263767040395
175.02263843776288
175.0226396461573
175.0221139865037
175.06358457242737
175.07822951831423
175.07892258201431
175.07818972528983
175.07918310380734
175.0789918585021
175.0789955615354
175.0785366814591
175.08081574244997
175.09094539218225
175.09093913819748
175.09636835223077
175.19656693224874
175.19628240772323
175.2134535586298
175.21523859354102
175.2152418463551
175.21606852758404
175.21606982318022
175.21611360415807
175.2172164633475
175.21704542991793
175.21713063577943
175.21713610178546
175.21741130180447
175.2171840451811
175.21736866780893
175.21923667036927
175.21830426871293
175.21793072358392
175.21753121096674
175.23351670583355
175.23414536580879
175.23446182831822
175.23556411481587
175.23621661787715
175.27587348908742
175.27594160718485
175.27597837268723
175.27597842720095
175.2763362883011
175.2754344398416
175.27550726048753
175.27685644176842
175.27814619285766
175.27746638543886
175.27810734830368
175.27804796810346
175.27760760374053
175.2783143495708
175.37882932958365
175.37896525181628
175.37936020677282
175.379799060968
175.3798339795334
175.38005007612495
175.3783739004606
175.37837736249423
175.37838982528382
175.37852928371504
175.42064757620182
175.42016999800796
175.41928402924484
175.42111260990714
175.4200134050451
175.41954636839733
175.42052537109285
175.42052571480204
175.44746944574567
175.44762049929932
175.44785812390123
175.45070251612094
175.45673769924363
175.45662421880579
175.49670650368225
175.49678452637087
175.53753897650992
175.53691150011892
175.53707027016713
175.53690584368505
175.6298757640601
175.6321637360914
175.64865498973978
175.66302289213024
175.66315947368878
175.66427081670753
175.66473968555567
175.66621816038457
175.6662998130817
175.67123472325673
175.68049213196724
175.68049148609737
175.68049134219484
175.68395391867168
175.68455156550405
175.68484645244655
175.72531541823955
175.72636690825817
175.72743043259732
175.72775331601548
175.73181594756537
175.73293882605293
175.73281531032865
175.73274078189988
175.7364406720054
175.73644532647526
175.73618492851645
175.83671781472185
175.83783608677822
175.83828552584743
175.8411574430377
175.84129626574526
175.84300112388712
175.8426610841635
175.84258071939007
175.93426384137004
175.93425895124298
176.03477099413092
176.03447735889233
176.03456124874904
176.03562224391277
176.03632780811552
176.03596301167144
176.0360787163583
176.036187109721
176.0356628347246
176.07731820286875
176.07665724772843
176.0772536617235
176.0772539745524
176.07825837580432
176.07881944848037
176.0788021103209
176.0784716772132
176.07861255561062
176.09463669945276
176.09822491123631
176.09902520096233
176.10007928055472
176.10162727953357
176.117436961933
176.11782384003024
176.11945108069935
176.11971316103484
176.12043317386244
176.12390872150306
176.1239815797118
176.12401320845183
176.1240176774774
176.12413822631592
176.12413317435767
176.13894632400184
176.16616983601205
176.1672546514675
176.16760956983344
176.16758329000623
176.16697096188062
176.16765912316956
176.1672391288436
176.16634029372915
176.16625230911637
176.16715114423081
176.16765912316956
176.16778824449537
176.16970676507484
176.16991903317663
176.1697183624923
176.17125603011817
176.21865817990084
176.21861436976178
176.21882511756598
176.21904256563278
176.21904058259435
176.21923500344278
176.2190497470092
176.21955586246466
176.24020053954732
176.24033045651205
176.2538897902003
176.2536108955659
176.2535364902766
176.253537790977
176.25363666830597
176.26095491282183
176.26128119846635
176.2612129753839
176.26133262292308
176.26133489717384
176.26142309885626
176.28200944919263
176.28277737902127
176.28277755801514
176.2825456632661
176.28233931950754
176.2823451806226
176.28277737902127
176.28277577024298
176.28277609575278
176.28276811563586
176.28286354106018
176.2828638754766
176.28288970259297
176.2828902559374
176.2829397675363
176.28300600659682
176.2833907559466
176.28357247190004
176.28363755001877
176.28365152676807
176.30619683981126
176.30622556674592
176.30618625937993
176.30622467529858
176.30625059409877
176.3061807066886
176.30631525890232
176.30632132611407
176.3064038467523
176.30654919279107
176.30664929795267
176.30666307751773
176.30673551685078
176.30671670041875
176.3068369463664
176.3068371136021
176.30901261758555
176.31577743730793
176.31590851415496
176.31609483730517
176.3160888611717
176.31608909274337
176.3160951498512
176.3160954363737
176.31609483730517
176.3180864351811
176.31816627448177
176.32313394476188
176.3231601266853
176.32329155238668
176.32330127940816
176.3237564596733
176.32574274056586
176.3257427302358
176.32575107751154
176.32578070634716
176.3258464706516
176.32584672304222
176.326213959364
176.32627657452957
176.32635211892938
176.32635234391768
176.32640842568213
176.32647063466067
176.32647064249431
176.32647082318596
176.32647247447204
176.32647254351605
176.32648591758402
176.32647879777457
176.3264975940991
176.32649750113507
176.3265123403193
176.3265230493623
176.3265701766251
176.33154152817337
176.3315441691792
176.33154792308278
176.33165648714441
176.33186014064898
176.33187540296547
176.33187904977223
176.33386028687127
176.33386679058552
176.33724904697706
176.33725321159815
176.337270254118
176.33727044759303
176.3375033013819
176.33750733848186
176.3375033013819
176.3375208557657
176.3375315102787
176.33755838839156
176.34253472287895
176.34254298712665
176.3425557879073
176.34255588080657
176.34261074738163
176.3426252434818
176.342625260034
176.34263182706408
176.34276100876437
176.34276101569424
176.3427575709145
176.34282481896076
176.34284232834102
176.3428457395326
176.34284592959776
176.3462277661799
176.34644768803219
176.3464624067247
176.3465067734125
176.3464730574887
176.34652511787232
176.34653413232763
176.34653421714006
176.34651472346917
176.3467297500418
176.3467420931505
176.34681350570708
176.3468151925087
176.3468571848744
176.35945451462823
176.3594786021839
176.3596371528671
176.3613112334649
176.36131146004044
176.36151751495055
176.3615174157515
176.36170533591797
176.36170594010014
176.36171336276226
176.36687561595295
176.36687571047446
176.36686546057427
176.36686552654623
176.36686134508844
176.36687561595295
176.3668756275336
176.36687566369
176.3669491867248
176.366949074336
176.36698724917784
176.36699396815857
176.366993403488
176.3672013629327
176.367202525302
176.36720287084063
176.367202525302
176.36727032926223
176.3672924926124
176.36729253930164
176.3672937848712
176.36729580431947
176.36733741781924
176.367337820823
176.36734244937966
176.36734437512578
176.3674330733737
176.36795941891344
176.36795976334304
176.3679716138563
176.36797348347602
176.36797354214258
176.3680398131796
176.36803981391373
176.36804411872518
176.3680529068246
176.36808170976192
176.36810730979985
176.36820122348377
176.36822420864598
176.36822429521746
176.36826236755513
176.36831678475247
176.36831533184062
176.3683466681784
176.36835019652682
176.36753613650055
176.36922844463533
176.36925187714212
176.36925196792333
176.36927043215007
176.36929192613502
176.36932081224927
176.3693775963837
176.37036191973834
176.3704323228734
176.3713504806607
176.37765168296409
176.37765332376003
176.37765819927554
176.37789365138013
176.37789543998434
176.37791273750688
176.37787329410222
176.3779247703154
176.3779419751466
176.37794197415667
176.37797950937306
176.377992067441
176.3779921498995
176.37799586807103
176.377992067441
