with mode=1, handoff cost coefficient = 1.0
173.78696467095477
173.8252556301212
173.83837298539805
173.89252246670026
173.90689922569345
173.9658541016548
174.0010498313547
174.05352821312198
174.0642276049187
174.13702127103517
174.20901133497586
174.2718009779524
174.34102044056883
174.39607724223936
174.41285020304682
174.47312704452852
174.4834734434481
174.50496792003997
174.51649873453417
174.52328629011566
174.57966924724795
174.648018217198
174.70719193056874
174.77199729356417
174.85396834415192
174.87650865388068
174.88345240612068
174.89014618929696
174.9029899199608
174.9807933894075
174.99179605201556
175.03123655229703
175.11618065691684
175.14920305811668
175.16508945492717
175.18214227284136
175.18613932592245
175.1911933250216
175.2143817956228
175.21522946392435
175.23785271570412
175.254048046306
175.26123565813583
175.26163576921522
175.32113027475464
175.33219693484384
175.39875440734224
175.40947780774712
175.4663880113712
175.47962466521776
175.53723058050304
175.56107294177906
175.57505039481072
175.5811247868701
175.59352679430208
175.6469925242626
175.66732915428557
175.66689871082502
175.6734399691572
175.72193402203936
175.72141053386042
175.82118902805365
175.82157794602932
175.8236373525462
175.8327298669114
175.86046558678677
175.923677715259
175.95167569638187
175.96728340387892
175.9717756587172
175.97677362689515
176.03502099263113
176.092672910265
176.11730270135112
176.15783775891114
176.20809065792656
176.20638159135868
176.2344697640693
176.23681936101113
176.26430553877248
176.27505026342516
176.28061060397096
176.30926684020613
176.37398377678116
176.41928460625317
176.49823290038302
176.50170490235325
176.51280736079863
176.52371565065533
176.52972771741372
176.5905073501693
176.6407245824315
176.64044134652988
176.65538952551924
176.66171511323205
176.66424821975056
176.68571345129922
176.68684194316492
176.70539054518048
176.76139387679285
176.76419478904003
176.77191491077426
176.84677907737205
176.84679818804358
176.86603152984384
176.93327257513636
176.9364057196336
176.93801249598914
176.98533751192565
176.998583041933
177.02289752915127
177.0532139252443
177.09117602792676
177.11007991691872
177.1306460526063
177.14429071849256
177.14673944691427
177.1487730911614
177.15345623059002
177.19703430679266
177.200536659102
177.20699183920786
177.23027554430828
177.24071254291044
177.2555828479287
177.30781270505284
177.3569273482341
177.38525224060965
177.39442224631046
177.4595019404386
177.50615441257216
177.56771225965525
177.57707895807815
177.59154745384365
177.59955230430486
177.61029011267775
177.6207379652994
177.62037084207654
177.61973159772657
177.646497200889
177.65120179536586
177.65534565591915
177.70773564092323
177.72547401754082
177.73260215575218
177.73396954858714
177.73617337614888
177.78282442331866
177.83595143919723
177.8589112406756
177.9286511504327
177.9323526987538
177.93868734677974
177.94643369883366
177.9461958709319
177.94793167423765
177.94835202234506
177.95334879955965
177.97236347422984
177.97351573370722
177.99932832263917
178.00595598678692
178.06104861599778
178.05972939326364
178.06062600648062
178.10856985063552
178.1102124181462
178.10988716474247
178.11964078055908
178.1225447766283
178.135483148698
178.15761119547756
178.2057306421185
178.26423573907596
178.27801910968546
178.33776254388653
178.34588658129977
178.47356324801507
178.52435461993264
178.54571389039813
178.59457201573562
178.59413891538162
178.5982268392844
178.6689690716113
178.6759145599091
178.67964535110426
178.72535640105232
178.73169191194492
178.7810841917459
178.83011666949764
178.83758617971358
178.88682628571482
178.91011214714695
178.91048630731981
178.9836510761842
178.98429944035496
178.9855570886696
179.0050789438356
179.055934773417
179.10692939635405
179.120346188197
179.143700545238
179.1474697667989
179.16700749237685
179.21588764843722
179.22161943768594
179.2266731570496
179.24165438202098
179.245200390655
179.30520448350805
179.30851551416353
179.35865510049572
179.3617344536441
179.4134346752789
179.43728104091133
179.50237207388454
179.5827657627758
179.59232758961448
179.64142089266994
179.64233202427147
179.64435291395841
179.64401248391496
179.643502639527
179.69056158773688
179.75233431500777
179.79603909833696
179.79644339479748
179.79812830634728
179.81702062537698
179.82278818031352
179.82432583233475
179.825375225482
179.83157660786108
179.837830295702
179.85151833743282
179.86403542596415
179.86333211013394
179.8877990956073
179.88588183513696
179.89349517105197
179.89822671388066
179.89932621699512
179.90346841651393
179.9649019116184
180.0165322171562
180.0165025263584
180.06577704926414
180.1135418844622
180.1277485971198
180.13016267571248
180.22661247065497
180.23712003274125
180.23626245217395
180.2577786864146
180.2613424505205
180.30538326978873
180.3545586045651
180.35549841839116
180.4012953991411
180.40267133057708
180.40627046141105
180.4395266247271
180.49405059530176
180.53998575163845
180.56199753596476
180.55981328655082
180.57139892788985
180.57122756201426
180.5932222264694
180.59687449397683
180.65421953223267
180.66772371486633
180.67271853461082
180.7229210338911
180.7221577663325
180.72303487306874
180.72536837071124
180.78316655881483
180.83771792367668
180.84734009206923
180.85252890661616
180.85092966441084
180.85413948000829
180.85413427585812
180.85332050895664
180.8520589783304
180.850345388852
180.85413948000829
180.86109159218657
180.88222719551032
180.88439372364607
180.8883997743271
180.89516971770362
180.90049998864598
180.9053654114222
180.93656004651166
180.96802341286514
180.97581667081158
180.97711277734714
180.98349484245088
181.03398574699796
181.03995338113327
181.0648662661113
181.0912454364093
181.1141134978014
181.1139192697383
181.11433781639948
181.1143844268396
181.1205355832338
181.1242990617627
181.18009386400902
181.18137211316198
181.20783903864412
181.23673725169942
181.27806109890426
181.28271704048154
181.28451200227877
181.28508727124125
181.30517309151935
181.33033871522682
181.38082085419683
181.39261486194562
181.40684588328904
181.43313696875947
181.4627881368251
181.46295832235472
181.47899258603107
181.50897521570573
181.5098323123393
181.51775990980593
181.5186902662803
181.5191884682129
181.5198991092441
181.51903134339025
181.52072869033896
181.53195350215927
181.53873022308125
181.5384658010313
181.54233567429006
181.5434023203518
181.55181390852974
181.57961205276914
181.58079061750811
181.60635089555987
181.6068052061782
181.60802665585473
181.61510813804452
181.6433375352597
181.64307905547165
181.64773272199582
181.64807015757916
181.66549255344404
181.66730697605317
181.6665161111613
181.69183898036457
181.6932057264589
181.7008464560354
181.71508974119658
181.7165904679478
181.725793662822
181.7461195237353
181.74847392684887
181.74779290543722
181.74819032176026
181.7485678562544
181.77368367991573
181.77406843362823
181.7743549178566
181.77419917950868
181.80555400310743
181.81540122244172
181.8435308005644
181.84418234524776
181.86866366322826
181.8689735594384
181.87013826509457
181.8706915181971
181.87471713988396
181.87966559407113
181.88295223301867
181.9075910378476
181.92043933870326
181.9413231411798
181.97658205576602
181.97666741141043
181.97917975353414
181.97941056590992
181.98224414013578
182.0037408271338
182.0256311335024
182.02586157669
182.02630628125462
182.03736073917997
182.0474463170758
182.04986799648262
182.07457987588555
182.07484876049514
182.07591245624565
182.08239792378603
182.08895017098365
182.09236319339072
182.09205715075424
182.09797105239002
182.10724731132433
182.1079611845283
182.10952649437675
182.10868928566714
182.11603258860163
182.133831262248
182.13380768685082
182.13711044669458
182.14665300047866
182.14921517745373
182.15066798908518
182.15111084750686
182.15672533085848
182.1579343560087
182.1823988434608
182.18313041650217
182.1852557649703
182.18570356951994
182.18731705302923
182.22105864232893
182.25944890549678
182.25965221009128
182.26057045792174
182.2607487169912
182.26148409849813
182.27239795643786
182.28184727245255
182.28219589250642
182.31103351193465
182.321476305265
182.32289529106873
182.32655911855352
182.32789472737636
182.3279513874797
182.32884130498923
182.33980136948404
182.34244577434674
182.34294719181887
182.35338736554255
182.3636395525486
182.3634764613151
182.36400919627204
182.38111634111607
182.38197874947758
182.3980127264229
182.4014423186674
182.4107486579601
182.41053388012043
182.43055117669172
182.44387034425017
182.44405558258984
182.4441995937158
182.4441881193358
182.46667979025793
182.4667600002777
182.50332225168677
182.52372464368315
182.52513302437572
182.52493512785998
182.52466898029357
182.52550965465736
182.52631080737305
182.52617460583963
182.54366231914804
182.5439212927219
182.5474283205545
182.5473415667455
182.54791957789624
182.5680210082064
182.5676727019811
182.57396700303008
182.5751650688891
182.5741889209413
182.57441730390906
182.58584319282113
182.58609069545105
182.59730748195983
182.5975235971581
182.62681262204254
182.62703744373434
182.62774102738507
182.62834648344707
182.62867579888885
182.64890478778418
182.6498679307466
182.6534668843877
182.65373745678104
182.65659481809257
182.66164096828234
182.66104103293412
182.66084974756794
182.66011180603337
182.67148072638412
182.71121764941986
182.72101298517237
182.74731043992293
182.7581890204331
182.78059456617555
