with mode=3, handoff cost coefficient = 1.0
185.93381053094473
185.93381053094473
186.08675252389608
186.09550211097647
186.17834013579943
186.6896574271953
186.87378994071503
186.87788751725185
186.87217995286966
186.8717000687735
186.89459512453155
187.3880849573911
187.38835870125908
187.42614635644335
187.90520286619164
187.90221204269048
188.435438899242
188.95760072830845
189.621383530278
189.6096974897198
189.6043445380819
189.59965313701716
189.98254593040147
189.98502829990042
190.78011909484295
190.73778212436386
190.83932010725064
190.851440735063
190.86201078460792
190.87945381337644
191.49129142893437
191.49309489880034
191.49847362248832
191.49846927466967
191.83555776043727
191.8445255101833
191.84457898025
191.84162291700397
191.85326213485862
191.9252808005864
191.92450919089384
191.94875639090387
191.94879781693734
191.95969634049888
191.9616693192124
192.2419777082118
192.24205705177067
192.24114780706017
192.2428330194566
192.26913600084052
192.32296872236282
192.32882677168618
192.32786478973236
193.04240459100637
193.38144493242206
193.39660556719852
193.36348551506438
193.37097505522308
193.37404376347558
193.37404376347558
193.41015315837896
193.4155316072649
193.42927374200806
193.4242689431113
193.42704096226515
193.69281208710476
193.70297241013367
194.00046543935244
194.01340898741884
194.01709306351347
194.01792515696815
194.08044217609438
194.08340874878763
194.08145454818808
194.07738433808277
194.07738433808277
194.0999520301151
194.1069089243656
194.1097339380113
194.11024625755908
194.11125587294933
194.1165148939683
194.11681894514604
194.1141151797775
194.1161504305939
194.1161504305939
194.1161504305939
194.1175391186244
194.11928365776396
194.11924733416157
194.12438345680835
194.1199242994334
194.1199242994334
194.1218756062327
194.1218756062327
194.1218756062327
194.12214471301277
194.12214471301277
194.12214471301277
194.1240306108723
194.1240306108723
194.12398122742434
194.12633945223104
194.13714784685993
194.13657533294898
194.1378143910299
194.14091927742365
194.1403818511305
194.14040087096726
194.14040087096726
194.14040087096726
194.14040087096726
194.14040087096726
194.14355673596302
194.14356110905533
194.14356110905533
194.144073372404
194.144073372404
194.144073372404
194.144073372404
194.144073372404
194.144073372404
194.144073372404
194.1458330050489
194.15008571467484
194.15256704910135
194.14758536642105
194.15085885678647
194.15085885678647
194.15085885678647
194.15195862378164
194.15195862378164
194.15195862378164
194.16050144239895
194.1612091659174
194.1612091659174
194.15985378243425
194.16884662605574
194.17018940403918
194.17281472705486
194.17174880534571
194.17174880534571
194.17174880534571
194.17174880534571
194.17174880534571
194.17174880534571
194.17352168075058
194.17352168075058
194.17404822427181
194.35415990724266
194.3537151275059
194.35469125368144
194.37691153821186
194.3760295983417
194.37687022104512
194.3779413142183
194.3779413142183
194.53857390305737
194.54584838993063
194.54646019282802
194.5467029298285
194.54646125723937
194.54874266961778
194.55235658060946
194.5525983477515
194.54996597078937
194.55248299730962
194.5592446053561
194.56038983227313
194.56105284129276
194.55629047282804
194.55629047282804
194.55629047282804
194.55897084927906
194.55938720022613
194.71075378279545
194.71022324891112
194.70965201149667
194.71029559028028
194.71029559028028
194.71029559028028
194.71029559028028
194.71029559028028
194.71029559028028
194.71029559028028
194.71029559028028
194.71029559028028
194.71029559028028
194.71029559028028
194.71029559028028
194.71029559028028
194.71029559028028
194.71029559028028
194.71029559028028
194.71029559028028
194.71029559028028
194.71029559028028
194.71029559028028
194.71029559028028
194.71029559028028
194.71029559028028
194.71029559028028
194.71029559028028
194.71029559028028
194.71029559028028
194.71029559028028
194.71029559028028
194.71029559028028
194.71029559028028
194.71029559028028
194.71029559028028
194.71029559028028
194.71029559028028
194.71029559028028
194.71029559028028
194.71029559028028
194.71029559028028
194.71029559028028
194.71029559028028
194.71029559028028
194.71029559028028
194.71029559028028
194.71029559028028
194.71029559028028
194.71228603957883
194.71246294655822
194.71236328505617
194.71295565340708
194.71295565340708
194.71295565340708
194.71295565340708
194.71295565340708
194.71295565340708
194.71295565340708
194.71295565340708
194.71295565340708
194.71295565340708
194.71295565340708
194.71295565340708
194.71295565340708
194.71295565340708
194.71295565340708
194.71295565340708
194.71295565340708
194.71295565340708
194.71295565340708
194.71295565340708
194.71295565340708
194.71295565340708
194.71295565340708
194.71295565340708
194.71295565340708
194.71295565340708
194.71295565340708
194.71295565340708
194.71295565340708
194.71295565340708
194.71295565340708
194.71295565340708
194.71295565340708
194.71295565340708
194.71295565340708
194.71295565340708
194.71295565340708
194.71494673092573
194.71688789800373
194.71699646021546
194.71724778329684
194.71702131705376
194.71702131705376
194.71702131705376
194.71702131705376
194.71702131705376
194.71702131705376
194.71702131705376
194.71702131705376
194.71702131705376
194.71702131705376
194.71702131705376
194.71702131705376
194.71702131705376
194.71702131705376
194.71702131705376
194.71702131705376
194.71702131705376
194.71702131705376
194.71702131705376
194.71702131705376
194.71702131705376
194.71702131705376
194.71702131705376
194.71702131705376
194.71702131705376
194.71702131705376
194.71702131705376
194.71702131705376
194.71702131705376
194.71702131705376
194.71702131705376
194.71702131705376
194.71702131705376
194.71702131705376
194.71702131705376
194.71702131705376
194.71702131705376
194.71702131705376
194.8161822269738
194.81018620650025
194.81134151922885
194.8114659474351
194.8114659474351
194.81654416783778
194.8144423603726
194.81382569764017
194.81382569764017
194.81382569764017
194.8204716768201
194.82065923253634
194.83111589001942
194.83133026113467
194.83094054102503
194.8308917938515
194.8308917938515
194.8308917938515
194.8308917938515
194.83295079659712
195.11410743684752
195.11388115882977
195.1178022233484
195.11824276405275
195.11871790309453
195.11892508422932
195.11892508422932
195.11892508422932
195.11892508422932
195.11892508422932
195.11892508422932
195.11892508422932
195.11892508422932
195.11892508422932
195.11892508422932
195.11892508422932
195.11892508422932
195.11892508422932
195.11892508422932
195.11892508422932
195.11892508422932
195.11892508422932
195.11892508422932
195.11892508422932
195.11892508422932
195.11892508422932
195.11892508422932
195.11892508422932
195.11892508422932
195.11892508422932
195.11892508422932
195.11892508422932
195.11892508422932
195.11892508422932
195.11892508422932
195.12024817094596
195.1216238211036
195.12181016181052
195.12229192466395
195.12224118417106
195.12224118417106
195.12224118417106
195.12224118417106
195.12224118417106
195.12224118417106
195.12481961818094
195.12461160792105
195.1248171826084
195.12501179342416
195.12501179342416
195.12501179342416
195.12501179342416
195.12501179342416
195.12790331203428
195.12734939984125
195.1273756536603
195.12878655289927
195.12878655289927
195.13271687957288
195.13281242240058
195.13285864429386
195.1348333904999
195.13568013211625
195.13555926170193
195.13568692429345
195.13568692429345
195.13568692429345
195.13568692429345
195.13568692429345
195.13568692429345
195.13568692429345
195.13568692429345
195.13568692429345
195.13568692429345
195.13568692429345
195.13568692429345
195.13568692429345
195.13568692429345
195.13568692429345
195.13568692429345
195.13568692429345
195.13568692429345
195.13568692429345
195.13568692429345
195.13568692429345
195.13568692429345
195.13568692429345
195.13568692429345
195.13568692429345
195.13568692429345
195.13568692429345
195.13568692429345
195.13568692429345
195.13568692429345
195.13568692429345
195.13568692429345
195.13568692429345
195.13568692429345
195.13568692429345
195.13568692429345
195.13568692429345
195.13568692429345
195.13568692429345
195.13568692429345
195.13568692429345
195.13568692429345
195.13568692429345
195.13568692429345
195.13568692429345
195.13568692429345
195.13568692429345
195.13568692429345
195.13568692429345
195.13568692429345
195.13568692429345
195.13568692429345
195.13568692429345
195.13568692429345
195.13568692429345
195.13568692429345
195.13568692429345
195.13568692429345
195.13568692429345
195.13568692429345
195.13568692429345
195.13568692429345
195.13568692429345
195.13568692429345
195.13568692429345
195.13568692429345
195.13568692429345
195.13568692429345
195.13568692429345
195.13568692429345
195.13568692429345
195.13568692429345
195.13568692429345
195.13568692429345
195.13568692429345
195.13568692429345
195.13568692429345
195.13568692429345
195.13568692429345
195.13568692429345
195.13568692429345
195.13568692429345
195.13568692429345
195.13568692429345
195.13568692429345
195.13568692429345
195.13568692429345
195.13568692429345
195.13568692429345
195.13568692429345
195.13568692429345
195.13568692429345
195.13568692429345
195.13568692429345
195.13568692429345
195.13568692429345
195.13568692429345
195.13568692429345
195.13568692429345
195.13568692429345
195.13568692429345
195.13568692429345
195.13568692429345
195.13568692429345
195.13568692429345
195.13568692429345
195.13568692429345
195.13568692429345
195.13568692429345
195.13568692429345
195.13568692429345
195.1348333904999
