with mode=1, handoff cost coefficient = 1.0
185.93381053094473
186.0070596194047
186.03683740864207
186.0651715128057
186.07708364806473
186.11998432920578
186.13999630530657
186.2163308839216
186.28418539731453
186.35340682368994
186.40296406994918
186.4118262678017
186.42054744239272
186.485165227827
186.4990659168242
186.52751417298364
186.5354339774508
186.56343680048025
186.57378062189645
186.59011138671488
186.59626315609222
186.6212503451259
186.6418670852582
186.647313830086
186.67340295399117
186.75001752763418
186.78564611456616
186.7915468502334
186.79971646247765
186.83793859833608
186.8437600027969
186.8478657671098
186.86833780069895
186.8874067845537
186.90635647165377
186.90608421795042
186.9113527687412
186.93256683956162
186.96497508737335
186.97015355020392
186.99906875869908
187.00466894907427
187.03860950468993
187.0633805510658
187.08713655125484
187.09025108506805
187.09590700630503
187.14869463422355
187.16953445246196
187.17355590452854
187.17330049595077
187.17471682081091
187.17565469496475
187.19464900659833
187.2698702022439
187.31342913579073
187.3583620422316
187.38356749962736
187.43057402397017
187.45122561976007
187.47564744323594
187.4965651719997
187.50418794952216
187.53139262161534
187.5374968951365
187.55934700214902
187.57736521309977
187.57561523212752
187.5977104910515
187.63650719780244
187.65847000999906
187.6803342241792
187.69998333592474
187.698332004025
187.6987679022282
187.74868720712152
187.79056801830077
187.81024147489518
187.8513104200954
187.85003012713253
187.8704708217889
187.88317689128814
187.90553433995711
187.92555164442268
187.94549775520613
187.96813199574925
187.98664780226318
188.01694709950974
188.05560469838417
188.07420114778114
188.11496597742024
188.1549960026739
188.17896681688467
188.20616646357365
188.21097509303792
188.2450260182179
188.2869972540366
188.30701069198352
188.3415131630241
188.34531477437795
188.34611862716045
188.35159664083574
188.38848106815493
188.40996584383328
188.4131911684075
188.43366555831705
188.43401951261154
188.48319071851816
188.48480608233942
188.49146237256355
188.50794468657102
188.5432056501689
188.54728340249991
188.57605162525834
188.5752936945152
188.57937757032806
188.60745643371175
188.60644009926278
188.60828312835048
188.6173653133678
188.62421116709814
188.62633906403093
188.64312480083385
188.74500200125337
188.7460337784777
188.74562924542278
188.76872191425892
188.78829206304312
188.80867396765868
188.8440019539594
188.8613423687316
188.8810359868486
188.92225442825944
188.9488198609337
188.9540102385286
188.9840546349432
188.98903707628122
189.0030295245541
189.0550606666024
189.09462002162948
189.12413943284574
189.12357871188283
189.16152313098442
189.16387013074922
189.1884145242954
189.2359669469307
189.2811778800713
189.2816933791756
189.32011620413445
189.3255702655427
189.3748534275021
189.4028409866354
189.40043071427354
189.4017854289581
189.429188004543
189.44800902899945
189.4738540571587
189.5056113307675
189.56430248035286
189.56357519190698
189.62527793075307
189.6252666003649
189.62883331553462
189.64319309473683
189.6961059968616
189.73346220513466
189.76431270072854
189.7867687449753
189.78759608772586
189.8163440320352
189.8213315017709
189.83937297730674
189.85475170556143
189.88810454880294
189.9079246307514
189.9856826340869
190.04701282416994
190.0475427561497
190.0989617811581
190.1393169878193
190.1408702394333
190.15820079245674
190.16186126463663
190.16255736939974
190.180289960488
190.20492565979796
190.23090314322494
190.2695230844429
190.32284438533117
190.32305343652072
190.34115391330204
190.36697366820513
190.36697891097586
190.38675525494833
190.40550955135922
190.4364493201088
190.43841598070432
190.43809655201994
190.459434059912
190.46041513928554
190.4641643157479
190.46718061710442
190.4654064788596
190.49242625383576
190.49261944834328
190.49314305843563
190.57483052391765
190.5943655594051
190.59972935055313
190.6007869434885
190.66002124614326
190.68019645951472
190.70466627921743
190.73336815987867
190.78894261460778
190.78832410194616
190.78747530371234
190.79060292853165
190.7905500504164
190.80874597747933
190.8311015761821
190.83061545210475
190.86448056929737
190.90318247773263
190.96985696380943
190.97023308539664
190.97061538654117
191.02455427722774
191.02308344738984
191.05233778361415
191.05290979107917
191.1064367741877
191.1103053591728
191.12596360848516
191.15361102066333
191.15607958072866
191.18503547114315
191.1835393477709
191.19765407965266
191.20207940571004
191.20167428697786
191.20065487770006
191.21701748942323
191.2440982262212
191.26526836035103
191.3155573996616
191.31503286644045
191.31881111455792
191.31960671986536
191.31847626699798
191.31311176202772
191.34760190451001
191.3676301564788
191.38299131800784
191.38745178913322
191.45141719582077
191.4521483389729
191.45727579018788
191.50157017236845
191.5212012620518
191.54966846472345
191.57733788985573
191.5850593112854
191.6202960205323
191.65547074582224
191.67511776428503
191.67675647506636
191.68148702103431
191.71732475405082
191.73727277925772
191.73496226746352
191.76985005932391
191.76894535093118
191.78571775670866
191.78900513767053
191.7893217404638
191.79485426444046
191.79616629231717
191.82565058025355
191.8226158549652
191.82171697277744
191.81991630584326
191.83770380364518
191.83738323370076
191.89972896568136
191.97748447812404
191.97708917136714
191.9807256612801
191.99712904521562
192.04761682019475
192.04959822091328
192.08447984284163
192.10007697594602
192.11685579232972
192.1171220055325
192.1143858548097
192.11966144393793
192.12489100345763
192.12501903688212
192.1225003134084
192.12229022099805
192.16100132420837
192.17815525213442
192.1931937832484
192.19118687301366
192.19181259420674
192.19392966207846
192.22407370878815
192.24477990092024
192.24114550304935
192.2889453873319
192.28990357811736
192.30547063013802
192.32383898534405
192.32147775045897
192.3256867847087
192.3619006843285
192.39716667953851
192.41399173483418
192.4324158946463
192.43512050556583
192.43373367129513
192.50066069963566
192.52902185722405
192.52945579364263
192.55353650570808
192.55332654022666
192.5536296526388
192.57369266323042
192.5730140715677
192.60548860214735
192.62964894453773
192.648211304712
192.64748005371587
192.67052646005473
192.70074645250386
192.70055776642025
192.71504438278453
192.7295655263837
192.73116333143648
192.74722292320058
192.75902210334027
192.7584785351178
192.77507663115568
192.77666917839562
192.7759815457716
192.77664501183926
192.80613807231163
192.8082724352435
192.80585847476314
192.82092671632955
192.84086268830734
192.8639048032366
192.86707710544903
192.86435955214836
192.89215591959137
192.89160043759153
192.8920660366752
192.9071199650123
192.90514398412225
192.9094112232522
192.90868076150292
192.90958425212636
192.91471237017967
192.93186915356077
192.95449073987248
192.955474086395
192.98590333149346
192.98387141696242
192.9845774240811
192.98838754717417
192.98765069418053
193.0301358685209
193.03177085954232
193.03380788769903
193.03221173601548
193.03070079963595
193.06657228364924
193.0666468688982
193.06679399949368
193.11470681316453
193.15031223133488
193.15178357344627
193.15092159580726
193.17185732948647
193.17175547373327
193.17502506108283
193.20722987353423
193.21964175743364
193.261710491392
193.2597739512024
193.28774399122443
193.28811082846124
193.33211056591722
193.33216696987404
193.35958391318087
193.41061683544834
193.43972038781007
193.4720674877371
193.5376468145447
193.54086613812993
193.5768855909631
193.62237690426363
193.62174448082524
193.6552854052641
193.6522793468345
193.65459911731926
193.6719055339052
193.6925272195166
193.6928105699808
193.69045535511177
193.6935204022882
193.69302717125677
193.73972969798484
193.74006114953082
193.75544285161155
193.75732326162958
193.7572483340455
193.80322583541104
193.80142658122338
193.8024162459153
193.80527406223297
193.80515956287277
193.80377205245657
193.83796941272686
193.83669516670224
193.83453650414862
193.83555290952512
193.8623797118611
193.91895626367383
193.93447040255984
193.93500797831032
193.9385125491969
193.93158647902138
193.94502612285632
193.9480685675406
193.94899169356654
193.99531277122094
193.99520117782475
193.99896120307315
193.9980278959439
193.9983241775035
193.9995904982655
194.03069053033877
194.035503931597
194.03235913811642
194.03090798589483
194.07296413740275
194.0736482508801
194.0708430708012
194.10696427490186
194.10655321880594
194.10358571445119
194.1334129672431
194.13124620347787
194.16422390746354
194.1639361675713
194.16319294685945
194.18055337416988
194.21288225797554
194.2131216748788
194.2113481972457
194.2316270437261
194.24901353276144
194.25018692455836
194.29172312491534
194.29057451893058
194.288959033268
194.2867784722185
194.28767846557037
194.3032599397335
194.34932578111741
194.39313608629627
194.4343214856668
194.45039037683668
194.450436659369
194.4485421997264
194.4726506647448
194.49694780738977
194.4979219833846
194.53021146193964
194.53597752599006
194.53793035728728
194.53670518569606
194.53802337217738
194.53772865681907
194.53852971929012
194.55541983260966
194.55555556244744
194.6181140925156
194.64984486099937
194.649943117732
194.66337412450247
194.71117141433027
194.71274511622826
194.7611938911165
194.77533886865476
194.77267256707256
194.7729463478963
194.7744626042653
194.7762107823382
