with mode=0, handoff cost coefficient = 1.0
185.93381053094473
185.92657924062837
185.97847843583114
185.97685738293234
185.97720206542667
185.97508388729338
185.96985022409
185.97847843583114
186.01722955076042
186.01920622101224
186.02004765667746
186.10255516984734
186.1130543713741
186.1485423450674
186.14901456969005
186.15079454932626
186.1918733174184
186.18954691686048
186.190837462969
186.20330099957752
186.20562740013543
186.21441408995824
186.21435860152945
186.23826409798684
186.23752229929872
186.23747121124927
186.26864961782445
186.2794713327607
186.28342767615385
186.3647315907728
186.3724256516063
186.38679425210103
186.3795129648708
186.38842040232288
186.39713804708566
186.40142757987866
186.40160821462803
186.42037303900736
186.4232387327362
186.4225015453178
186.42042475273672
186.42011296903138
186.4204826678935
186.4516298983672
186.45164053054327
186.45147923046667
186.4517328902136
186.45374370352062
186.4584654108877
186.46029448856007
186.46037037014167
186.46370236065616
186.4639922441247
186.47206948832303
186.4707448886711
186.4723246582113
186.47250513735696
186.47639773989414
186.47667421204855
186.49509428400302
186.49749665235797
186.50019280288095
186.50039422157786
186.50047187581697
186.62942196080965
186.63062821407212
186.63178440539517
186.6371800040227
186.6402290871853
186.63962290435956
186.6374197592432
186.6342459309574
186.63081893960256
186.6402290871853
186.6398345830164
186.63988655956882
186.7037365957817
186.70356954875928
186.70230819397526
186.74194487417665
186.74223166100856
186.74194487417662
186.7430065594913
186.80096706764235
186.80104812894785
186.80117959955476
186.86538408092318
186.8645122404706
186.92803528652658
186.92807921551923
186.92809053305254
186.96739965879868
186.96742948368103
186.96762404955768
186.96776454730818
186.98272862538772
186.98274048748812
186.98236660585422
186.9824122702292
186.9825671467276
186.99668233732592
186.99679972721077
186.99696547989595
186.99695556517338
186.99697645837705
187.01929040829538
187.0192941185113
187.03996032613804
187.0426627218523
187.04304140365576
187.04309874933242
187.0430882571511
187.04364458772685
187.08501283629957
187.0848453986024
187.08466688555353
187.12585350015758
187.16758087143882
187.1671995419099
187.16889531380343
187.16868522854708
187.20839293541985
187.20861342897177
187.20839831610095
187.2084175075933
187.20851768778505
187.20829819369573
187.20861342897177
187.2092388586927
187.20928665925322
187.20928312283573
187.20930874060895
187.20939639708757
187.2093274316472
187.20924675932469
187.20928430213257
187.20924112005605
187.20939639708757
187.21289649440178
187.2129230602699
187.21309597048233
187.2131302450061
187.21319430653423
187.22270618200685
187.22296932529972
187.23255206538414
187.23268495348555
187.23272960715258
187.2346592318907
187.23467162290925
187.2346809184841
187.23470302763351
187.25098475711047
187.25091584785974
187.2509532758426
187.2512976676963
187.25123002236168
187.25126336166116
187.2511901870029
187.25119409109092
187.2512976676963
187.25130585115627
187.25396691552865
187.25398307447142
187.2539753935115
187.26137535823005
187.26844102628138
187.26845455543108
187.26851991054053
187.2730746506778
187.2730809627446
187.27312627003505
187.27315716925435
187.27318606711398
187.27321580353455
187.2732429621759
187.27578305577154
187.27578685091126
187.27578891224462
187.2757831823917
187.28283122418398
187.2828321512905
187.28283115108968
187.2828431035681
187.282845425077
187.2844410981185
187.28448406550686
187.2846243352136
187.2846244547837
187.2846546162414
187.2846956774518
187.2896470537549
187.28964717719361
187.28965017743752
187.29460402974834
187.29462948329885
187.29469463594629
187.29479028737296
187.29479367174727
187.29488193934108
187.29490847563952
187.2998620233373
187.29985378702307
187.29986880636892
187.30481709838827
187.30484217938374
187.3048459946205
187.3048564302681
187.30491966593917
187.30491971809857
187.30495283804817
187.305299437622
187.30530210243353
187.3059093050477
187.30590615436864
187.31113113603038
187.31586293500868
187.3208146982604
187.32082246338103
187.32083629955068
187.32084747563644
187.32087540685225
187.32104172928476
187.3210425917003
187.32609605927365
187.32609606489507
187.32609659843988
187.32610004467813
187.32610727781693
187.32700720994316
187.32712045180335
187.3271212544301
187.334502689347
187.3345158235835
187.3345355760788
187.3345664370899
187.33626617814764
187.3363231721434
187.33632326594932
187.33632933159828
187.3417136174445
187.34172007163215
187.3498588291389
187.3498526047013
187.34988803408925
187.3498882915539
187.34992555087763
187.34993424958685
187.34992495691841
187.3499839342
187.34997717314366
187.3499779930886
187.3499773187943
187.3508684087165
187.3508901103375
187.3508973546568
187.3509091286672
187.35586095981228
187.35604462021863
187.35605227861086
187.35605502485606
187.35606441560512
187.3562083210441
187.35621560694588
187.356220535078
187.35863031022612
187.3586403977286
187.35864190978975
187.35878348565853
187.35878476169194
187.35879107380165
187.35880768489446
187.35887970704783
187.3588867420085
187.36411369874043
187.3641225910171
187.36418525588692
187.36421971273134
187.36422758767364
187.36423403553252
187.36424025064036
187.36424567055633
187.36426330414437
187.36426209484046
187.3643223775529
187.36432570473954
187.36432174758764
187.36936071810766
187.36937452909038
187.3693783909929
187.36938399012013
187.3693919987801
187.37677542799833
187.38199745702644
187.3820065231463
187.3820134323638
187.38204047114115
187.38207618372564
187.38211070922236
187.38213970222057
187.38212504624275
187.38212777325006
187.38213777460092
187.38214967937634
187.38687725219532
187.3870801872749
187.38723572516778
187.3872424361671
187.38782257645116
187.38782651343706
187.39285825162986
187.39287324566254
187.39288599065725
187.39289306693271
187.39792062300037
187.39792901800112
187.39793294301896
187.39796158205104
187.39796850352644
187.40291949568166
187.40544656834214
187.4077597403828
187.40833114281077
187.4083606015613
187.41307040606705
187.421224548625
187.42124564891412
187.4212530821144
187.42139678433077
187.42158863154367
187.42171785950694
187.42172420970496
187.42151729991733
187.42166213924253
187.42165268732168
187.42171785950694
187.42171841503477
187.42172374703534
187.42433788152798
187.42435398453202
187.42436443067498
187.42465489460417
187.42466467760508
187.42466559184493
187.4246539157332
187.42873437599746
187.42874798330723
187.4287571788641
187.4287565225956
187.42876289162908
187.42876621788517
187.42905007191513
187.4290516201551
187.42905853293368
187.42906899000303
187.42907110719645
187.43276348449214
187.43279007838416
187.43279269208887
187.43687170602405
187.43687553392581
187.43691245263037
187.4369162345825
187.4369266143351
187.43693578375536
187.4369345402221
187.43693736865853
187.44045014760857
187.44045900560582
187.4413946501965
187.44139500375005
187.4413941275428
187.44145420865675
187.4414532168749
187.44145877818661
187.44145011133853
187.4414903944548
187.44156229438718
187.44184699778307
187.44185329497273
187.44186695056808
187.44186927506982
187.44291647547945
187.4429124465759
187.44291874130832
187.44292193633962
187.44292370317854
187.44294977561864
187.44295220153762
187.44295684153064
187.44295657603462
187.44295406993862
187.44294977561864
187.44295143340904
187.44295418843643
187.44295936129635
187.44295969895268
187.44295990835252
187.44299775493988
187.44423479880084
187.444237654323
187.44425889941797
187.44426108229123
187.44426360168092
187.44427139475457
187.44427087413712
187.44427303522093
187.44427528727664
187.4455809999984
187.44558508530972
187.44558525691667
187.4455872725774
187.44561114482548
187.44561043367455
187.44561130445302
187.44561714708396
187.44561630721782
187.44561114482548
187.44561231488538
187.44623079129943
187.44623577045422
187.44623841497668
187.44624529526692
187.4471676758976
187.44717068677824
187.4478235239429
187.44782353289614
187.44884331131308
187.44884957181225
187.44885012700576
187.44885020869754
187.44885930409995
187.44886353002943
187.44886322414797
187.4488803570962
187.44888068744126
187.4488977607385
187.44889939298795
187.44890038722318
187.44982268526908
187.4498381866919
187.44983859547412
187.44983891973706
187.44991120829934
187.44991129784663
187.44991604898726
187.45093439487752
187.4509507030494
187.45096938728364
187.4509723610654
187.45098768379356
187.4509879482902
187.4509882616814
187.45200789784013
187.45200907106147
187.4520097919606
187.45201272488202
187.45201339954815
187.45200789784013
187.45200828338395
187.45251739334273
187.4528118441647
187.45281323528226
187.4528133860524
187.45281557578372
187.45281872525402
187.4528118441647
187.45286523109786
187.4528652943079
187.45286752754586
187.45312208206408
187.45317448912633
187.45317452649644
187.453174703699
187.45317695789407
187.45317855358755
187.45317448912633
187.45317468049396
187.4531747117947
187.45317484313816
187.45317486243445
187.45317448912633
187.45317449441967
187.45317466904072
187.45317467325677
187.45317567833024
187.45317448912633
