with mode=3, handoff cost coefficient = 1.0
297.65924167774756
298.42024203771246
299.02531084721113
299.4169205103903
299.806221638238
299.90763190090695
299.94026875284715
299.91709159750116
300.8076781204589
300.79221846431017
300.7971058088827
300.932154779318
301.46117161601626
301.5691882561029
301.9337494194882
302.20578279612215
302.84155911104597
303.0049735634782
302.9342265454773
302.9907562057138
303.5000423170138
303.5628206894541
303.5722285090475
303.6190207831367
303.9191203481111
303.93166239196626
304.10492106736757
304.2415817972649
304.37409090425376
304.59141740164756
304.5277185871157
304.5550424697507
304.5625191035852
304.63679338293997
304.66013440970954
304.8057025019949
304.82029493106955
304.81679509118857
304.8799461848922
305.8062693897381
305.8576723920558
306.80466116233947
306.8895048467922
307.14765665767055
307.13414449938523
307.30430468365245
307.37082266876916
307.36086784337857
307.37121843974074
307.3762690882497
307.3810735085905
307.3780130347614
307.3780130347614
307.40119714854643
307.40119714854643
307.4060889883231
307.39222282031176
307.4191221765691
307.4837784075452
307.4511833457866
307.48156650991945
307.47384677503
307.47384677503
307.4829887162929
308.2692844705078
308.3137300101841
309.09612097494164
309.10196369404144
309.29822952055497
309.28773192254033
310.044418933021
310.6079448265597
310.5922134121989
310.6036974798369
311.24380294164797
311.26746420438513
311.27900351720746
311.7374733684913
311.7531565207213
311.8240983860276
311.8231519274081
311.79921239514874
311.96573992156436
311.99473518220685
312.10631303068226
312.47729170870895
312.96064425430274
313.1793990303243
313.17774165409054
313.1682546105789
314.1526625069815
316.19659229192973
318.3289984195349
318.38769507381284
318.3925652805514
318.39004098770033
318.35304793152153
318.697600357811
318.7276393948691
320.2430205912613
320.2118127040008
320.230514239022
320.7610896244383
320.76223581027705
321.4725722019076
321.55829291360436
321.59593237369654
322.3821544894309
322.3843700944114
322.3767795526789
322.374137687578
322.374137687578
323.5302909730164
323.54055817252157
323.5336935771313
323.5580263488812
323.64070600353523
323.6862184052564
323.68559593751473
323.6893837257978
324.37301897528886
324.3798507263122
325.92266836579586
325.88222943995817
327.065268089398
327.0697478001332
327.24147435543784
327.3504024294044
328.1336264879352
328.33323384011055
328.34907967568324
328.447612722333
328.62790674392727
328.81242722883144
328.84107016131327
328.8091588272216
328.82570027789154
328.9132660501557
328.984353409507
329.024558934265
328.9846635327932
329.2084702351568
329.21928436090354
329.2277267868325
329.3257537253287
329.3242089497053
329.4011740550221
329.5240838226214
329.556472386102
330.2893557912946
330.2299800219724
330.24627641530265
330.27016604385085
330.39371450190765
330.3921046015136
330.40894581825853
330.4839332920468
330.50249859126774
330.5084256038232
330.8805141237367
330.8883784921057
330.9076263929842
330.8993069559767
330.90761274073446
330.92613861909757
331.2900689855866
331.5191110139611
331.50903827910724
331.5887302859968
331.5848951691127
331.60332491763785
331.5877366976782
331.5990858735579
331.87029682069533
331.89602365503004
331.90594233809173
331.9350253394084
331.93127148312016
331.92399207514563
331.92399207514563
331.9405069354059
332.47369762104347
332.48463606596545
332.47127848077974
332.49579072854965
332.4831556986036
332.4831556986036
332.4798265215589
332.4798265215589
332.49251486580806
332.6268018673544
332.62225484208227
332.6335534881029
332.6391495141072
332.64532502408616
332.65198861821005
332.6561169835276
332.70545779844485
332.70420288831895
332.7101904576453
332.7267235968721
332.7598437062918
332.75683810150923
332.7724116623024
332.7744051780282
332.8085620215166
332.80182708898093
332.81388290134555
332.79990670952924
332.888757141696
332.87929367929183
332.85558058282817
333.0518780664691
333.0476160523055
333.0700897116288
333.0620282908676
333.07000989699816
333.0767472083041
333.1078995981007
333.15994411339847
333.1579840065527
333.2966496799923
333.31055553704414
333.29832963101046
333.30081540516056
333.30203478052573
333.3216058402732
333.32621848581914
333.3518766814971
333.3740840618829
333.55225522615774
333.55620711296706
333.5428435109393
333.5446283818467
333.5830377576264
333.68698777861
333.6849009578523
333.69962071926636
333.69984273629774
333.693979326987
333.7230612183037
333.72901458930187
333.7421500699222
333.732139352266
333.732139352266
333.745526266373
333.74881313232646
333.74881313232646
333.81217486675723
333.90423497762725
333.8975132869801
333.8997930677685
333.89713369620506
333.89713369620506
333.89713369620506
333.89713369620506
333.89713369620506
333.9747725905606
333.97366143053455
333.9893067469328
333.9974355750543
334.0368173900791
334.03826281591387
334.2108088355916
334.2112062465106
334.2175554264445
334.2219552216429
334.3043307541136
334.372427232299
334.37414538345575
334.57611763798434
334.6068987935554
334.6206107713184
334.6205630348643
334.618676866491
334.6201580918496
334.6320004524266
334.6656212539117
334.6672660034451
334.64886186586887
334.6400732710373
334.6535922426875
334.6535922426875
334.6614954105039
334.72534556567825
334.72765311634566
334.7216453932083
334.7294200758013
334.7521766707097
334.7322321760149
334.749148983342
334.74604457365064
334.74604457365064
334.74169104080755
334.78214448979156
334.7944148541625
334.8170048284472
334.8171958037912
334.8134448363143
334.8200330013162
334.8443158937272
334.91424927570847
334.89614965237496
334.92447590568577
334.92025427656176
334.92025427656176
334.92028388273394
334.92028388273394
334.92028388273394
334.92028388273394
334.92028388273394
334.92028388273394
335.02987855030045
335.03107912017316
335.02629631324237
335.0427000763509
335.0427000763509
335.05265811675974
335.1648185254749
335.16159052715244
335.15748710334276
335.15446940050293
335.159716220301
335.1772945712842
335.1902514567905
335.191854556327
335.20477768982244
335.20409903476855
335.20418947061466
335.23421313343886
335.2471552083034
335.26178489982544
335.2612259707375
335.2674026824194
335.2651215039468
335.2651215039468
335.3058601036731
335.30878751892783
335.30872779870117
335.33562001821565
335.33687436860953
335.33314353496826
335.3237449828207
335.3300803645549
335.3463183965076
335.3508820630062
335.3497160297086
335.3540071306643
335.3792420966461
335.4325714302583
335.4373434643797
335.4366519285799
335.4345942272825
335.43615648581255
335.46113975965255
335.45845033967777
335.45891942564157
335.4906992949127
335.50219492154395
335.50360290229924
335.50076624064786
335.51929406459374
335.5395606082176
335.5446700066004
335.55116265867997
335.57182335157233
335.5729234709749
335.57382545339215
335.5856718566752
335.5978021322749
335.593306723648
335.59634468802363
335.59555530819046
335.59555530819046
335.59555530819046
335.7232943962218
335.70355214178
335.68050878615946
335.6836870010317
335.6836870010317
335.69955495434016
335.6958654104821
335.69638454263605
335.69638454263605
335.69638454263605
335.70293511918004
335.713203253588
335.72310162474236
335.7225652686762
335.71476076176947
335.71692804878325
335.7656977062249
335.7876267073165
335.78234641873934
335.8039443426798
335.80909795687893
335.82951495405854
335.8282156332155
335.829476671438
335.8346818579827
335.87657006896507
335.87448562804457
335.88117357969975
335.89800503241963
335.89978521511625
335.89819296537735
335.95538923732875
335.9570253523301
335.95669737300875
335.9647769398206
335.966021056837
335.966021056837
335.9675305751722
335.97474365383835
335.97925957426617
335.9868580083362
335.98099791028574
335.9801474063429
335.98819373897754
336.0412939566103
336.03880270866796
336.030753256563
336.03258129632684
336.03258129632684
336.03258129632684
336.03258129632684
336.03972070975476
336.03972070975476
336.03972070975476
336.0497677989646
336.0474771414432
336.0474771414432
336.05755582871217
336.05335476286984
336.05335476286984
336.0513922398807
336.14812520393184
336.15679196575746
336.15426238265076
336.15465574299753
336.15854323277273
336.17384637712615
336.2460572848974
336.246983842303
336.2503166706335
336.2466321594267
336.2466321594267
336.2466321594267
336.2466321594267
336.25141032622463
336.25435911414047
336.273780604508
336.2662392232553
336.25923969179473
336.2577761869102
336.2577761869102
336.27713906751876
336.2776292062361
336.28640027778187
336.2862041483195
336.3010762616128
336.3101181900596
336.3331977741676
336.3265243405478
336.3214048567999
336.3275111312573
336.3275111312573
336.33282929117223
336.33596871076287
336.356059939587
336.3647919257307
336.36393223851627
336.35575012899415
336.3595888311499
336.36492409890025
336.36744013849034
336.37190740960074
336.36366981587184
336.37298010246525
336.37792799786837
336.38769526516165
336.3901566619949
336.39468137004144
336.3964562481623
336.4021195580184
336.4503974042742
336.44744324850836
336.44363113565714
336.44035205297655
336.44035205297655
336.44035205297655
336.44035205297655
336.44664279906567
336.44664279906567
336.44664279906567
336.44664279906567
336.44664279906567
336.44664279906567
336.44664279906567
336.44664279906567
336.5023506735055
336.511119694918
336.5082348078947
336.507123406836
336.50623824956415
336.50623824956415
336.50623824956415
336.51099950220157
336.5116060187918
336.5626622083087
336.56821015592226
336.5655558645497
336.5607818150281
336.5658502843524
336.5658502843524
336.5658502843524
336.5658502843524
336.5688479314947
336.58031254161654
336.5783934101368
336.5767415066782
336.5901560143205
336.59209114150997
336.59115400346445
336.5908212892057
336.60249584441533
336.6066992574981
336.60153097852964
336.60153097852964
336.6144442674024
336.6269320677161
336.63034423924887
336.62891778943447
336.6798133896414
336.6784335670805
336.6835646671464
336.6820347579489
336.6820347579489
336.69067128185617
336.69576834200507
336.69396123739267
336.7020463696035
336.70720316673055
336.70237544855013
336.7030065233405
336.7054192884591
336.7054192884591
336.71287825155275
336.71673481681063
336.71420673163067
336.71409006162384
336.71409006162384
336.71409006162384
336.72060745280265
336.71807227380094
336.71807227380094
336.72703104294294
336.72402825782666
336.72402825782666
336.72402825782666
336.72402825782666
336.72402825782666
336.74785479390204
336.7478824470663
336.73823619834434
336.7459442712962
336.7459442712962
336.7459442712962
336.7417742998366
336.74964672851286
336.74964672851286
336.75725180296274
336.75725180296274
336.7638978996918
336.7666196421197
336.78288391689586
336.7816260152746
336.7762985765793
336.78333729014764
336.78333729014764
336.7887076661126
336.79626344050473
336.7940216482888
336.7973609137007
336.7970617247338
336.7970617247338
336.79798162021336
336.8109009905746
336.8009994580174
336.8009994580174
336.81477919122636
336.8149743713038
336.81034721309464
336.8045621245943
336.81076106734906
336.81076106734906
336.8333315513529
336.83855369463606
336.836790345321
336.83724378367083
336.8368173297898
336.8415320568283
336.8485818195127
336.8954081402678
336.9025855177864
336.9029229999784
336.90328891689717
336.90328891689717
336.9094725103523
336.9120956224142
336.9144620074874
336.91920963561404
336.9697778528159
336.97876324005887
336.97957498910506
336.9773670733646
336.97683077887405
336.97683077887405
336.98050342558633
336.98451611684743
336.9980267909699
337.01595340612215
337.014329733885
337.0131951065561
337.0177366528645
337.0177366528645
337.01814766495755
337.0270666785687
337.02781779385555
337.0294335263489
337.0299901796177
337.0299901796177
337.10295269876616
337.09754200079755
337.10013664775437
337.0968608189121
337.0968608189121
337.0968608189121
337.0968608189121
337.0968608189121
337.0968608189121
337.0968608189121
337.0968608189121
337.0968608189121
337.0968608189121
337.10295269876616
