with mode=0, handoff cost coefficient = 1.0
297.65924167774756
297.94117135065267
297.84723238963403
298.1861764863058
298.59597843431646
298.7933107234814
298.7933107234815
298.87163376150824
298.89893849420395
299.1017026347187
299.3859367725571
299.75006130443103
300.2267174635502
300.2574874494652
300.28855619215057
300.34120451747924
300.36465681797495
300.52485800469213
300.677569047296
300.88747345103377
301.37881413002816
301.31507331270467
301.3460757765867
301.5907494167699
301.61220809207185
301.61604591638445
301.6207229311197
302.11326355740357
302.0859311373579
302.08143323940527
302.09068754888426
302.0870825527997
302.5188128433576
302.5166773428886
302.7108601470493
302.8813591367438
302.87877048151944
302.99436931993233
303.16398258914734
303.1452909035271
303.9641561843416
304.0065454207924
304.0301144013824
304.1189818736251
304.1225120926179
304.2856103602257
304.2407117469183
304.3556103509583
304.36134733664306
304.35448172239313
304.45341384181455
304.4631144058861
304.67190019326296
304.62199468235025
304.68750327066533
304.690601531434
304.6926659977251
304.7187679073529
304.71169350512224
304.66858188801893
305.592573695228
306.1379376534011
306.13861965720173
306.18173127430504
306.5937807134643
306.7250016214676
306.7128798934411
306.7374969372482
306.8122933088211
306.79611701057195
306.86195816637377
306.81131142709785
306.6929287256867
306.6957657353537
306.7293020183121
306.86195816637377
306.9363551486021
306.93706730575974
307.05387832058426
307.0561591920418
307.0561591920418
307.0864620400398
307.13711011197535
307.16807994204345
307.2010046590841
307.3111665530277
307.3671456756125
307.4371242715141
307.42342120335394
307.4216742058727
307.42115890636836
307.4336096079251
307.44616182762155
307.4479088251028
307.4455255695842
307.44598684433277
307.5187040857856
307.69778796222175
307.81686153735956
307.81891452495944
307.8179901026995
307.9427303577074
307.951318947603
308.0324045816117
308.0434323988837
308.0437957929831
308.3103230276751
308.37953097897764
308.8194598401515
309.1780774196718
309.23000492659986
309.2599260324316
309.3101305294077
309.31039638792424
309.3120148450984
309.3769368624228
309.4240758318397
309.4232294305702
309.5908855228267
309.60918199708595
309.61034654870866
309.8993734921721
309.89939357109097
309.89403100464233
309.89403100464233
310.1409352370175
310.33338248144423
310.48907916805524
310.50724840165503
310.49612987688477
310.4866756409151
310.4866756409151
310.51111290391145
310.5224026769122
310.6805042245389
310.67601774256485
310.67430071933967
310.786564002371
310.77080065840636
310.99980030748003
310.9903744937847
311.00351374949736
311.12569442275407
311.1537576029076
311.1537576029076
311.16050495640013
311.36370769372354
311.3638907007264
311.3943383007961
311.40466585617736
311.4559407858103
311.61822118769214
311.6347077241113
311.63560200499364
311.6393232723983
311.6470612779349
311.64831980989857
311.67083907311485
311.6644670996925
311.6637878252834
311.6637878252834
311.6668584463182
311.67893761452206
311.9135779833777
311.9270860189463
311.94565756595244
311.96460160001567
311.9970736385265
312.1824771162802
312.3591843549148
312.36081637466606
312.37201774457515
312.37294415351954
312.3674946727103
312.37929085342773
312.3784728557099
312.3796119865915
312.3879156107073
312.3789872062831
312.4010250193996
312.405375267404
312.5083563467613
312.56157877619984
312.58211922998663
312.5930527758849
312.593399432842
312.6643540169848
312.8937647732639
312.9024385573127
312.90373903004416
312.90652651195694
313.0468455265078
313.0701827110083
313.0674023103673
313.0814513599618
313.09273899865474
313.08511939965894
313.08653954499385
313.05684186783486
313.05368636077884
313.0985742730501
313.1369885602517
313.14296956624725
313.1560702815676
313.162291619786
313.1323720925607
313.13347900187784
313.10345146284885
313.1148666508915
313.162291619786
313.1624448139075
313.16595371609685
313.16629174109573
313.1951596576109
313.19909405310796
313.20281696127495
313.30966731821445
313.3093746253003
313.3393855168764
313.3434222124123
313.3645327705764
313.37026364245696
313.3717059969059
313.3741533524585
313.40773878469383
313.4128974577456
313.41608442109685
313.4960956633593
313.61718946506005
313.61756762595576
313.61995841973214
313.6201882262674
313.6201882262674
313.64304663845974
313.64301713658233
313.6432899885348
313.6761877614938
313.6767311345368
313.6762918400592
313.7015760356777
313.8041835078096
313.80420542164757
313.8046498486849
313.803840780467
313.80487904540587
313.8149085714245
313.83394921417
313.83422452749204
314.03853816957525
314.0410412385506
314.0358110343104
314.0288591985757
314.039293769609
314.0494793153386
314.0541394036196
314.1597998209707
314.19425261252115
314.19517285073067
314.20547753087925
314.409088511992
314.4060146712535
314.40619828784133
314.4163190292587
314.41895920490407
314.41891501453523
314.4153151367974
314.4167851862196
314.4435795601924
314.4435795601924
314.55179696668824
314.62138023410074
314.62182791577703
314.62375341089233
314.71263040458285
314.72850828936896
314.7316596214192
314.7420483854321
314.7324945370193
314.7747171159233
314.7776993737531
314.8073591410229
314.8073591410229
314.83388305521913
314.83388305521913
314.8401941449748
314.94022073065787
314.9914645601187
315.07813152514035
315.0879360193914
315.1105629094324
315.11319178877903
315.11977381571836
315.2762004136281
315.29453681702034
315.29507305037265
315.3189815748119
315.31894825377225
315.33109171928953
315.3332537922974
315.48962533610387
315.48884825510225
315.48906506074024
315.49332079279816
315.49341737903444
315.49341737903444
315.49872469109016
315.4962602282898
315.49700780679535
315.56406786929455
315.6710946969988
315.82696969925047
315.827187541078
315.827187541078
315.8282243656988
315.8406881947957
315.84343958645957
315.8415974543152
315.8560562027636
315.86750512959225
315.8786977770352
315.8786977770352
315.89337035538415
315.90750824861806
315.9670253284525
315.96545080438904
315.9678528890495
315.9686967128908
315.9730697188879
315.9736380833286
316.0240161107537
316.03603203781216
316.0461431932911
316.0977507460565
316.1453365036259
316.14419532552233
316.14384954705844
316.17107720743223
316.17272637249334
316.1798603173062
316.17963452583274
316.3808704482413
316.4020748633875
316.40370028303806
316.40628456889425
316.43305416565937
316.43314997972107
316.4378270180366
316.44310054639806
316.4450065774356
316.45081989373256
316.4533700337041
316.48181025667003
316.48578398913907
316.48571919585663
316.4808052042615
316.4849111637392
316.4849111637392
316.4911589376358
316.56037937220515
316.77640162531515
316.7754353932936
316.77734903003943
316.77734903003943
316.8478803631507
316.8998453473021
316.8973586176176
316.9185533338881
316.91867378133765
316.92961570857386
316.9376599656537
316.9465814309186
316.9460679696008
316.9527549415826
316.9660051206868
316.96839616943583
316.9684511567471
316.96870476741464
316.9783161566395
316.9804023047306
316.9804515260165
316.98749761014886
316.989429420087
316.98983896341167
316.9845682466801
316.97969806671074
317.2060069347827
317.2060069347827
317.2066228633296
317.21158623001276
317.2275344480173
317.2320290535989
317.23310473742015
317.23251424197485
317.2412439730243
317.3030020782121
317.3081229290736
317.30445735440026
317.29630852887766
317.2955772423874
317.2953916714636
317.3332490158231
317.4095625251514
317.41586003276245
317.5260258270925
317.5250602196531
317.52590934594247
317.5264324120857
317.52619597293904
317.52628001589045
317.527801715361
317.5792374399892
317.5784245947487
317.578269340523
317.622062319072
317.6221700794623
317.6213705772587
317.62159906926837
317.71389518152944
317.7165502174267
317.7466151924685
317.74679396175856
317.9525416227685
317.9509006033826
317.9555746595987
317.9587232921006
317.9593240402417
317.96019184650595
317.9672522303308
317.99343439948996
317.9947334774697
318.02252181449273
318.09615702430443
318.1061041188501
318.3029790084664
318.3058254044956
318.31034920889084
318.31437463042886
318.5203276235444
318.68629417458544
318.69502527148217
318.70775855132905
318.72105659532025
318.7214902139038
318.7406643779362
318.83533637658036
318.8379080206972
318.8391148204568
318.83776462160625
318.90403505303397
319.023674579703
319.02401821618986
319.0820310510958
319.0837045854978
319.10132426784764
319.09861509021533
319.09965454602855
319.20231692851036
319.20228760777513
319.2088134688919
319.3119123755507
319.3212203463004
319.3248058298752
319.3453425809874
319.3524706973676
319.3569555864961
319.3705494858274
319.36748172194996
319.3688687605777
319.3677882893227
319.3712226298174
319.3703226231165
319.3703226231165
319.37335744434927
319.37649584777506
319.37127702873863
319.3964353672236
319.39665096975153
319.40976497569466
319.4051230437257
319.405701836125
319.40704447943097
319.4072496325597
319.45932230632894
319.459438342331
319.4594573685468
319.46025911187337
319.46025911187337
319.45569261106095
319.4622424175246
319.46143306413984
319.47555124247646
319.48095367539025
319.48584730068484
319.4839278164878
319.55136777236265
319.56606539463826
319.57066635667076
319.56733927084156
319.6640124944214
319.6561614106744
319.6640124944214
