with mode=1, handoff cost coefficient = 1.0
297.65924167774756
297.80988635835706
298.17569664390874
298.4630757831427
298.7209772285475
298.99204489825127
299.13835599887403
299.3434793226944
299.4655099467552
299.61305919966463
299.88349992980596
299.92872003895326
300.25899010746036
300.3959914095478
300.54533678622795
300.6492748500871
300.83994128531555
300.94915985296046
301.1325689513105
301.19380967849133
301.41689069966213
301.6190342742604
301.7672580861687
301.88622971183395
302.12925100128336
302.37984934922446
302.50426355994944
302.67849917470113
302.78461503170246
302.8639033409254
303.03604984363864
303.1813284586136
303.38003995568675
303.6596573302559
303.69377142956444
303.7250450427659
303.81730774857124
303.9163523850224
303.9710916277448
304.1780776430536
304.3328195342655
304.5103662528967
304.5894615741691
304.7170268868588
304.8690955938389
304.9708137584474
305.0916824731611
305.3945553210104
305.66342524315826
305.74812513800026
305.822483701741
305.9075033161157
306.13383589789146
306.14451387222823
306.23393057414603
306.326818016267
306.4192398889504
306.532403770689
306.6810210034522
306.87434343259156
307.0867267980692
307.38878931234063
307.4886223025279
307.5665078255611
307.65286675158285
307.69407499669734
307.7469251121451
307.8134306618935
307.9120287960888
308.09641086226236
308.1752280946768
308.3779151658065
308.5925789260719
308.85214071506283
309.0585021007935
309.1343132666909
309.28362610258495
309.42185667578025
309.4940078769509
309.58734834033413
309.7072777673837
309.9034058050534
310.12783841328445
310.294578933202
310.3196887308972
310.65476845331125
310.7815100503688
310.8642066643136
311.1194739988017
311.36884166448226
311.47005430676825
311.5949958048679
311.8940562820169
312.08445666294944
312.106963021612
312.2053549284488
312.3214988085636
312.46785544013693
312.59696715231775
312.70682034582535
312.7156777971451
312.90586066762523
313.0504673900474
313.2139537166356
313.321334533181
313.4297362249081
313.46895602504526
313.4613546234575
313.61396106521624
313.67704720830164
313.74537035853984
313.9265776033827
314.029782152574
314.240835077519
314.51907209292904
314.63202298684257
314.69749459213494
314.74970198017246
314.78231033932775
314.8106660463578
314.85089876161015
314.93234529658116
314.95341294530675
314.9565570618133
315.03043460230026
315.19930224374946
315.28468248614087
315.35572065182913
315.4450577681256
315.6291270789403
315.63182002834066
315.88475072579195
315.98279190112265
316.0053526156216
316.0164277544969
316.1102270518932
316.20346702000984
316.32318280585366
316.45936735921674
316.56146853536876
316.69170458172107
316.7170935046695
316.91379282469245
316.98230187243547
317.01190814942436
317.24093679502687
317.2992916132686
317.3965476913539
317.4055260653638
317.48865742873136
317.77537495221736
317.8316370241965
317.91929907367427
318.0200818766946
318.0949263091626
318.2394290414787
318.29283050636434
318.34728804815535
318.43057897587505
318.5439400284552
318.5632609610964
318.72431980359954
318.8367911113148
318.8560925834315
318.9371683162647
318.98190960172093
319.21231420201536
319.2479344215234
319.3042416069558
319.52239994344546
319.57361329519966
319.59352794255756
319.6369397978664
319.6212022514063
319.69475310635414
319.8492427596317
319.9024181516838
319.9672673520236
320.0087218718087
320.044607861361
320.18437987917144
320.3254395199876
320.4041055755791
320.52219122750967
320.5248761291025
320.530395279762
320.58174189381185
320.650898357678
320.7598410671093
320.77676238241446
320.90103278734256
320.92172338209554
321.0815868881003
321.18638899628814
321.19423738560323
321.3289802826916
321.3670778806821
321.3973513105324
321.49554774376287
321.6570780643092
321.67231200538595
321.75808112522276
321.83422081506393
321.89211774232234
321.9069538165952
321.9408694544529
321.97594136988914
322.1378516200278
322.2154907858761
322.3033759921784
322.4087124730196
322.4762345408076
322.55780349018306
322.6059577145894
322.6609251878649
322.8211537412244
322.8932985173696
322.906572269628
322.9393840613337
323.01546648255373
323.09991050178405
323.1589585070039
323.270022557761
323.3125662935718
323.3870683636242
323.3877062092173
323.4253663364033
323.52295052868124
323.56955569745236
323.6092444957265
323.62657411022155
323.7734475204345
323.92299842440116
323.9354532933906
323.9779576493408
324.09701689473434
324.29554899430445
324.29898003256767
324.40792482973893
324.41141896615267
324.42598303639727
324.4527205536914
324.45987866745276
324.5520308344949
324.5568078717531
324.56068793351085
324.61380778974296
324.6566509414527
324.6926351195387
324.75414347831054
324.7924282364587
324.83542110905665
324.85637787660306
324.9695383949172
324.9853802709227
325.0192241284938
325.0979943127815
325.13226496688645
325.2473824380254
325.2586962644151
325.2643490581339
325.30107453252174
325.3664135478143
325.3810065185758
325.41250375668375
325.47215469790075
325.51202454387527
325.6075513091729
325.6103628738729
325.63288868554076
325.6374762941608
325.64372866619516
325.64536030965473
325.7808783864972
325.8624415557817
325.94150826439466
325.9576110894247
325.96188208780455
326.0941925047982
326.186215857263
326.19868058114145
326.2053217035019
326.277502984846
326.31246085243373
326.3431367658896
326.41780095069004
326.4411722767388
326.4813366988429
326.4916617196557
326.5201229507309
326.5557831841202
326.6733932259131
326.72820490976255
326.89910057395133
326.9144738506006
326.9659569908969
327.0417847893414
327.04411311793956
327.09059091783615
327.10346292231526
327.0936566047293
327.12011004559184
327.17404577421433
327.2396780652765
327.2411853042831
327.3487469188645
327.34647854750995
327.3931180451071
327.41511179341194
327.50718317618987
327.5169370861418
327.5495542023187
327.6534680967731
327.6500196998091
327.7801199326186
327.78579482047076
327.78154590649
327.7949012811583
327.800367471031
327.90530552017094
327.9564030458911
327.9561083998743
327.9949549746802
328.001981658408
328.0187278541816
328.0290696779828
328.0822512261202
328.1157496970208
328.227022934467
328.256272974103
328.2952670456638
328.29684047210196
328.43919124590894
328.4626064773926
328.46120640307555
328.4594402990432
328.5335077429908
328.59133540450415
328.59281621487816
328.64828762685187
328.7327977215087
328.7795304990074
328.78957485689443
328.8163062968495
328.8668395579595
328.87557845246266
328.9037472288677
328.99846441671593
329.0311328525154
329.0309033317684
329.0603672408522
329.0944600887598
329.1788810971094
329.19422287617124
329.19702012766936
329.23974578708203
329.245263015325
329.31975781250236
329.3858956277081
329.41462649903116
329.46619963427645
329.5004649293364
329.51912167283746
329.59704077417797
329.6072748931163
329.6126665664071
329.62180621277645
329.6977463544351
329.8149458153694
329.8279300120259
329.95318280778184
329.9767171340598
330.0605828693932
330.10218136196886
330.1090555506834
330.1220385383508
330.1329535829696
330.1686585605499
330.21277973152377
330.24683289481004
330.30539755239596
330.321256308154
330.34281078377677
330.4313955700665
330.442837095119
330.4727587716292
330.5018857728597
330.53178222588764
330.53767705264886
330.53323665343254
330.5575379530442
330.5809714446114
330.6041648920125
330.62718075948186
330.6720022444989
330.80512541786044
330.82833145152694
330.8391700087707
330.8506339360476
330.8588318753224
330.89482690651374
330.9143508740034
330.9536544376643
331.0021171299955
331.06692244695535
331.09991699005275
331.11697613579156
331.21662384806956
331.26291726611885
331.3180735947733
331.3299235110806
331.39974228902804
331.4418508046107
331.4390972250454
331.4769004205604
331.50876961182126
331.510130818157
331.508254340934
331.549065814186
331.6073279034406
331.66255603195094
331.742088066721
331.7781632935199
331.79753956349714
331.82354423845885
331.8351423039792
331.8353221890157
331.9474784252847
331.98342545046097
331.981408621513
332.03756769190636
332.0446314271732
332.17515711086463
332.1845384719966
332.2325389099298
332.2287139578459
332.2509262960601
332.2572085803374
332.29256110921136
332.29703964443064
332.30386984123624
332.3276254673023
332.33040863489225
332.35060963825333
332.363413136818
332.44308708295733
332.47773605030204
332.4909304310839
332.53935856482855
332.5287835980742
332.5361975777028
332.5748332169471
332.6083530920869
332.60906434670545
332.6035086748409
332.62024421629695
332.6628713810721
332.665934884146
332.6903844661133
332.7163764124087
332.740680846898
332.74248844046076
332.74689941316814
332.7719631511534
332.7893811072177
332.8066433534802
332.80516618723436
332.85213181319085
332.88427273058994
332.9139236635143
332.9122108572068
332.90687554625805
332.9382010169269
332.99896970378944
333.0287062730449
333.04496090257527
333.0556757078775
333.1021967517434
333.10906362426823
333.14181296572065
333.14814543248525
333.14389230387445
333.1480203030348
333.16755134862
333.2050305593484
333.2180921676207
333.2651968003839
333.28210862416336
333.28319534136347
333.3504491632263
333.357980812643
333.3936489246448
333.43519438716373
333.4604179939407
333.4852796635319
333.50730041149905
333.5919133328486
333.60081407821264
333.6542254614441
333.67392578924296
333.73361118153866
