with mode=0, handoff cost coefficient = 1.0
303.0895161914023
303.3005643259124
303.2985660444798
303.60273208329266
303.669852317632
304.3031069932068
304.2951726672058
304.2871554695112
304.33634952637414
304.4948423726951
304.5682741583254
305.32252631174225
305.5044267427924
305.54194659460813
305.54786249987694
306.39524162027743
306.507679269066
306.5364661437833
306.4800316382516
306.5134714956645
306.5133954212937
306.5160989513818
306.93126411241246
306.93206634936087
307.4241658202487
307.62743746325344
307.7683174021222
307.7376621510543
307.7350143180306
307.77505422325464
308.27953023558433
308.3062992191092
308.57295872044193
309.3224882748976
309.4091421731749
309.66679186707717
309.7561350164432
309.8962903940319
310.10797582367974
310.3122842343627
310.3231184728123
310.7900177253027
310.8077421931527
310.96369475122805
310.9254212036805
310.9255181870108
310.9275748247507
311.13262937214876
311.1645706765198
311.52420669209124
311.5240118650601
311.5538924176221
311.8986853297884
311.9019878161966
311.89846799242713
312.5204463399222
312.5204463399222
312.6395436318626
312.5488091718104
312.6225154312424
312.6168987316553
312.82691643790747
313.1478562656735
313.62037992063773
313.6623072664093
313.66889271853887
313.89255651357917
313.8683882160923
313.99139503051845
314.8713250688729
314.90275773834605
315.8531996699844
316.27338825038237
317.3768364878983
317.34765029831925
317.6445580960427
317.5864860425183
317.5898159667205
317.57260371291403
317.57260371291403
317.81807266650816
317.8191134286276
317.8244457923816
317.8854678886396
317.8285140827594
317.8580968062265
317.8068606089587
317.8042531269765
317.8854678886396
317.89217979893755
317.92871317999777
318.01825498236354
318.08202796251857
318.07632652548807
318.1006325459636
318.0929470177347
318.1054664057299
318.10722943171487
318.109347304652
318.1048548975015
318.12129289314146
318.12196088103246
318.1217512740451
318.1125607690995
318.1161455929124
318.1388914025255
318.14311054442646
318.12957671477966
318.18944620347685
318.2113011412978
318.2439698813323
318.26784988982337
318.26784988982337
318.31431951451043
318.31431951451043
318.31431951451043
318.3787836664539
318.56323214097046
318.5621637213949
318.56595413641645
318.71489440955344
318.8962890137618
318.90974407051755
318.91120187970756
318.92573566512374
318.99609190840744
319.01416385104295
319.0124887240146
319.0249663254587
319.0249663254587
319.026126753432
319.10181257163777
319.14093299211135
319.1521740749219
319.15951860169747
319.17275358885723
319.1735800438039
319.3472750840118
319.36433204536496
319.7439577375773
319.7555953897816
319.77005988301227
319.83517995481697
319.86162854803615
319.8435411692018
319.81737213059387
319.83882271068006
319.84660514447995
319.863887101786
319.8788590894114
319.90787929222694
319.90685829114085
319.9300339466217
319.938259121116
319.9865293128169
319.99395411947023
320.28613404993916
320.3085297383284
320.3176120183016
320.3158996165398
320.35806532378086
320.6227234462395
320.6234790008183
320.67399619357036
320.68258220368676
320.70430281331596
321.09346779371276
321.13103192820006
321.147946594145
321.15013010594754
321.15057024170846
321.18898666674903
321.189767728523
321.20374198686864
321.5538874721379
321.5606818708282
321.73790350795485
321.7662300023305
321.80644107874883
321.83876146022465
321.8761907028819
321.88898688021175
321.899410568508
321.9062744140076
321.94143054306426
321.94040312249
322.0279705997178
322.0279705997178
322.0279705997178
322.0578050837222
322.05425594319024
322.2213528868209
322.21916497075824
322.39442958824884
322.3944471807682
322.4127941139209
322.4277103964705
322.4252841013253
322.4293434761904
322.4285715836577
322.43573890244437
322.44256151494733
322.4431930471186
322.4249707613205
322.4312786480705
322.4246735161675
322.42807957851244
322.5805093958523
322.5812419183412
322.57799552720724
322.5780134974119
322.5789257717266
322.6474147170359
322.6491161500764
322.62964582538683
322.62964582538683
322.64626933207944
322.65044179546504
322.92998513962084
323.02184239869615
323.0165030209942
323.01495709745853
323.0186838420073
323.0289790247428
323.04960279377946
323.04978855178166
323.2694932944745
323.4497407108027
323.45679578942486
323.4901558391174
323.50709700424954
323.8833280255484
323.887823395916
324.05943324438323
324.0618714388836
324.08408608049956
324.08216819885484
324.2244351548307
324.24818635313557
324.267802589773
324.267802589773
324.30790535047424
324.31199250725973
324.3247154628482
324.36741093158724
324.61706372555363
324.6142454091324
324.61198033653307
324.7664963413737
324.7603060508578
324.7603060508578
324.76023433689375
324.98011150366204
324.97291870562833
325.0964252955283
325.3726810216784
325.36921141110844
325.3936269763812
325.40208439390335
325.41228433212547
325.41228433212547
325.41263081278487
325.44919033112035
325.9045096726572
325.90880375538853
326.0168592104615
326.51403116849775
326.5298005100019
326.54149115686755
326.51622604888945
326.5460227389024
326.54003342638896
326.5434208653304
326.7825557283822
326.97186393868014
326.97160401022694
326.9704279103589
326.9704279103589
326.9793851434406
326.9827139320272
327.22799177092617
327.3132958796862
327.3321431486708
327.3210731757329
327.33509961220227
327.35123329395253
327.3179415098288
327.3376586518548
327.3392559165501
327.33923154810145
327.35123329395253
327.3560448066609
327.3577099279637
327.5123755196259
327.51697905255173
327.5864514899669
327.58745196808803
327.58745196808803
327.5997649009333
327.59683706671467
327.69229859369574
327.79660917565514
327.7984247403267
327.8002088580524
327.8191893407547
327.83024074767735
327.83405604727227
327.97968911513533
327.98077306035526
327.987949133068
327.9898812777441
327.99806520325956
328.0036040298022
328.0046989851858
328.0709997398225
328.0757794011046
328.0771835548873
328.16794113700126
328.17983076551906
328.25080925967774
328.25224385302056
328.25182508080826
328.25182508080826
328.25817939240056
328.26061297029275
328.2618399544248
328.3754717265497
328.3782934137046
328.3926157160282
328.38843206782394
328.3926132725494
328.3960665488809
328.49052479950865
328.4939818406484
328.4949828800783
328.50101698183124
328.50282707321475
328.50471456354586
328.5061470923087
328.5211039575261
328.52598503398264
328.53256788466393
328.54205787275777
328.5463013836124
328.54752315109454
328.55664440598014
328.5595794263712
328.5618329514466
328.5662546040821
328.5944399674275
328.5964150026377
328.64481512203855
328.646467249493
328.6929378484287
328.7094274441335
328.7356791421699
328.9332186057199
328.9332186057199
328.9355891493704
328.9411741318516
328.9502767365428
328.96061588976266
328.9580228392104
328.9580228392104
328.9542633440969
329.0689739782048
329.0684032274705
329.0756128446102
329.0759946659626
329.07714169157845
329.0775331712848
329.07607210095244
329.07775991347626
329.07798242556703
329.1130079122894
329.2302194930651
329.3421917743844
329.3443148523838
329.34491624272204
329.3472232028249
329.34950643525843
329.3794273993533
329.3794953438965
329.3820099405521
329.3814531149335
329.3884873705384
329.3940423060082
329.3926124301244
329.3900004872575
329.464964393393
329.464964393393
329.5389463955436
329.54339227726916
329.54555620587024
329.54349344040287
329.57890137188355
329.6030923848268
329.60404986041976
329.7234303373692
329.7258676381414
329.729984383062
329.72947544172365
329.72947544172365
329.7312306955371
329.7640453862815
329.76626950966164
329.76626950966164
329.7663752154784
329.7661466195883
329.7673575373145
329.7740178998677
329.77857075729736
329.87561292385203
329.98263795177036
329.9873536837349
329.9887961763901
329.98901818095976
330.00136754505513
330.08627878517774
330.08627878517774
330.0861147845997
330.0860685577499
330.09341965854884
330.1830242631716
330.17925078282855
330.17973517109687
330.1780853192773
330.17812989088253
330.18350879620033
330.1890494676704
330.2030215678512
330.20447249683843
330.20757428667815
330.295861613176
330.2953017250017
330.29557504702876
330.2938791033544
330.38854923995444
330.54085718969503
330.5459503624515
330.5524322839007
330.5524322839007
330.5521328063311
330.5520386402279
330.55800053154303
330.55713907874565
330.55905939821764
330.56519871440116
330.57208795617936
330.58025851435104
330.5857003046708
330.5868018545804
330.5868018545804
330.6799612325801
330.7119838575135
330.8020047752294
330.8059531998813
330.8081867311139
330.8103789496602
330.876457013414
330.8741495863304
330.8770838495342
330.87698840711823
330.88314717227075
330.9123880543879
330.9123880543879
330.9064306144183
330.9450488109422
330.94506445747976
330.95806138077256
330.96789440120284
330.9677201345359
330.9694872314964
331.0719630216563
331.0723097046373
331.07238218691487
331.14082894645395
331.1429692448365
331.203223864615
331.2045927294231
331.2084254864031
331.2084254864031
331.21105953991844
331.21105953991844
331.21865791048197
331.2195083072138
331.22069800418035
331.22416045173907
331.2185912177433
331.2183406625095
331.2192844848024
331.2294881416062
331.2419303897942
331.2514996515254
331.2518746595218
331.25666513632416
331.25666513632416
331.25709694874433
331.2576918143595
331.26111568400904
331.26242306282217
