with mode=3, handoff cost coefficient = 1.0
303.0895161914023
303.25946889492104
303.6933088860868
303.53967613839455
303.7310642581547
303.8121047935498
305.225474571864
305.51894940572635
305.6099245734937
306.32884365783383
306.3805097839833
306.90291487761186
307.02231444448313
307.30571403251906
307.65850433395764
307.6208384924735
307.6524235524846
307.97298832268956
309.1356622619311
309.2960231911679
309.4830809639845
309.48360330189047
309.4917146677471
309.5070175861181
309.58127395924345
309.5836340531136
311.00860701136327
311.00611580004994
310.9936657926775
311.00934324054737
311.0336075714629
311.0244336904357
311.0191409722301
311.0191409722301
311.0679717005558
312.5415394919296
312.71202411250005
312.7059831873686
312.72629529033446
312.7270936855627
312.74191804052987
312.79593252342175
312.74763585531224
312.763259829287
312.763259829287
312.763259829287
312.7623694498225
313.18302864079953
313.1767369175425
313.28727610548606
313.2828625950863
313.34687025966554
313.3553919445905
313.36157381354724
313.39288113318696
313.53363888661687
313.5497119678901
313.5099499470609
313.50663168200794
313.5807677968303
313.5958017788976
313.5955185423249
313.6114294772262
313.64218254763773
313.62384238547037
314.109439830288
314.5072918632011
314.79122892515363
314.8925831220398
314.9551720681773
315.05201934072403
315.05118331065336
316.43116959616685
316.7573570453513
316.95339502986764
317.16289916754124
317.20126195894153
318.618482345004
319.66516056765926
319.74616120286015
319.7170601518075
319.74649309361433
320.55141749281296
320.5721951297658
320.5614826710717
320.5243447540982
320.54347930694286
320.6729421961631
321.40993250169134
321.77986305997035
321.81498366518406
321.8856901139794
321.86714414932044
323.02844096422825
323.03408339545723
323.06261264638357
323.60502428310076
325.51994154700964
325.45258433485475
325.52325937630326
325.5858534470015
326.76346534574685
326.7698570823748
327.47018274111093
329.48692786111263
329.6077770940188
329.68916320285416
330.4699637048517
330.49363290248596
330.517872273575
330.6219517329406
330.59440303670385
330.89848960822303
332.3511988083707
332.3148402223451
332.3529458350134
332.3883648248031
333.3549175425301
333.3535561332388
333.66277868721085
333.7069522008828
333.7438772575485
334.41113940145294
334.6897832982748
334.6609434212022
335.0281401785314
335.0289875592602
335.5344702619304
335.6652794016388
336.0353742238191
336.11101139416564
336.3289784002914
336.34452142028476
336.3371296825188
336.327710130352
336.3462159544481
336.86000109577594
336.8244048047038
337.30040899372585
337.9796439995116
338.312493195498
338.34571898255876
338.3629846797196
339.1342729517996
339.20287577826025
339.24780765140065
339.28850742609825
339.31890778523257
339.32130320851985
339.32130320851985
339.32994353416024
339.35504403123684
339.36551451493517
339.36551451493517
339.3454533306484
339.3454533306484
340.2141029923915
340.2248320038509
340.2656216463712
340.30541607662116
340.3303670025438
340.3351706981149
340.3736801089653
340.65295957586676
340.63032646190743
340.70184609296126
340.99583929552904
341.01776181913846
340.98815093656737
341.0713300544655
341.07879105557384
341.0930706583435
341.1899193596769
341.6202427156075
341.8689722433952
341.9925075263919
342.03818878360045
342.10849340567603
342.15611946298907
342.1441647858421
342.11874942668373
342.11874942668373
342.2542199435579
342.28111742242373
342.3222683709495
342.46343792357226
342.456841760776
342.4571891509765
342.48835722731144
342.48835722731144
342.48835722731144
342.46644504792715
342.46644504792715
342.5319207570388
342.7905435842361
342.76654537473655
342.7913711567976
342.8048158771196
342.8034639514884
342.786948521895
342.9676812018881
342.9710988808501
342.9694539857799
343.00763277799086
343.0905924240192
343.1063174805104
343.1112568005958
343.1111328466467
343.1111328466467
343.12399989445345
343.1453334242051
343.139273349598
343.1943545146603
343.18319173328837
343.1986091167329
343.1983978552913
343.2369849638303
343.2135095152187
343.214878294332
343.3273615244595
343.3212936753114
343.3389868255964
343.50701488924886
343.51259910792635
343.5243712142417
343.53324436841643
343.5330462578486
343.5330462578486
343.59058598022824
343.6744521110475
343.69832553976516
344.35116543531853
344.358820134858
344.3533544869474
344.3641404710621
344.4228209502761
344.43688567186507
344.6778998950998
344.69356702757074
344.69729152681964
344.7670732170727
344.77566468555983
344.7989730488258
344.80878818606016
344.80775182151143
344.963824802427
345.1405399092919
345.12175351181855
345.11049710659813
345.1439763703703
345.15813717050145
345.17130694500844
345.1751759307687
345.198386331444
345.20099239619236
345.1939390384992
345.2015742512859
345.2061713469324
345.2157715835537
345.2273645582685
345.2151715910046
345.2151715910046
345.24172790854357
345.2590370611174
345.2562034835647
345.2521327634201
345.2499056772004
345.2577945945286
345.265528236622
345.26975387504973
345.26190941775553
345.3323788891636
345.33497060041714
345.3246962397692
345.3260554887603
345.3260554887603
345.3260554887603
345.33141694636527
345.3780344556018
345.3919307334546
345.42083801558385
345.43939425730673
345.4450304793975
345.42549749320483
345.4499543826979
345.45913450109356
345.46103713353807
345.46748014429943
345.53721106141427
345.53015919237566
345.4953371630247
345.5026528929944
345.52001320262565
345.55640515684826
345.57584312721707
345.5659085054585
345.5711825019408
345.57548905022134
345.58955120438634
345.58427822539653
345.5870162508669
345.61421563845903
345.62863040778547
345.64604917100127
345.64861839139155
345.6476797080991
345.6554220087296
345.65538038365816
345.65538038365816
345.6610341534154
345.6610341534154
345.6610341534154
345.6661120556024
345.667584042965
345.667584042965
345.667584042965
345.67315182452364
345.67315182452364
345.6871257783622
345.74865067576974
345.7433940508892
345.79927928780074
345.86134953557774
345.85026065406277
345.85348884798566
345.8505181719076
345.8505181719076
345.86074122634255
345.86074122634255
345.8622441735962
345.8622441735962
345.880259230157
346.10851689871447
346.11337113680713
346.10221632373737
346.15860776453155
346.163136705629
346.1628026322936
346.1740404010957
346.16846682977183
346.16787765918673
346.16810556937764
346.16810556937764
346.16810556937764
346.2952709735493
346.2853330564163
346.2934472040815
346.31221431952355
346.31700335494355
346.3157009268227
346.31866422339846
346.3175225091888
346.3175225091888
346.3789235444599
346.38243432200466
346.38563954133326
346.3784543182256
346.3784543182256
346.4050334462982
346.4100852786735
346.4016838428234
346.4079070229149
346.4079070229149
346.41532132245374
346.4105079876315
346.4105079876315
346.41874602525365
346.42623970026585
346.4417487515626
346.4642288361974
346.45017677252986
346.47755465462154
346.47938638300303
346.48889483670524
346.49339734864856
346.4953107743064
346.4899167900987
346.4934248009859
346.4934248009859
346.61010125444136
346.61178417076337
346.66672726266575
346.65659119754594
346.6565419327227
346.65558828102587
346.65558828102587
346.65970824029
346.6649051005092
346.678082783493
346.678082783493
346.6759698436505
346.7003222341663
346.69703565818406
346.695435909465
346.7052307788653
346.71519164348956
346.7256963660651
346.728166108288
346.7240984698586
346.7212462270768
346.8406292475501
346.85101407182987
346.8888830471571
346.89818332115163
346.9017700937368
346.896868408833
346.9136659793334
346.9191987064233
346.9241790755421
346.9235627574431
346.9889146490862
346.9993585693723
347.0228383776625
347.0358937659408
347.02703092570033
347.07063055287637
347.08537308290346
347.10316110466914
347.11301829714733
347.12077783124863
347.12525611021414
347.12638491829847
347.13215044268446
347.1408515478577
347.1483223415922
347.1554227782138
347.1522884729972
347.15000643894854
347.15509093346105
347.15509093346105
347.15509093346105
347.1559605888926
347.16501046998286
347.16501046998286
347.170436559969
347.1773835567083
347.1797833494721
347.1851045681328
347.1805296188847
347.18511390448697
347.18511390448697
347.20781359970243
347.21145404125053
347.25380355486203
347.2589387873151
347.25964943381115
347.2676541661611
347.2691982499919
347.2711166094237
347.2784372625858
347.2726832474522
347.2726832474522
347.27995433998257
347.27995433998257
347.28243781550685
347.2836894736494
347.2836894736494
347.2884530119898
347.2903971850786
347.30085608633163
347.29622554170845
347.2924404679472
347.29929521542
347.31508434506236
347.31812867859657
347.3058509516383
347.31294705573544
347.3169779489419
347.321007256115
347.32612474816483
347.3224870536853
347.32989368672236
347.32837429077574
347.33153172662617
347.3435134916085
347.33775243309606
347.3802936573972
347.37429897312296
347.361650067801
347.37045358375474
347.37045358375474
347.37443141873206
347.3735166500399
347.3735166500399
347.3735166500399
347.3735166500399
347.37718938903123
347.3786088139495
347.3786088139495
347.37911287129083
347.38319567146425
347.3889740665478
347.39044408279665
347.38815688529536
347.38815688529536
347.428255420077
347.4289492156039
347.4273657319089
347.42691246851547
347.4403703575654
347.4551261532967
347.4605058977313
347.4586096784126
347.4834260150299
347.47812038383455
347.4755634357482
347.4753892475154
347.48200554392884
347.4847419326222
347.48249355272196
347.48249355272196
347.48850463615076
347.48850463615076
347.4918597408023
347.497216518301
347.5033098808259
347.5060137308732
347.4992287217125
347.64131294842093
347.63853178747854
347.7498472561723
347.755986558436
347.76000792568163
347.7611437499005
347.7638279848263
347.7634385364345
347.7634924029469
347.7705486570038
347.7780741064788
347.78591818589473
347.93279389076224
347.93668617310243
347.9452911716172
347.95666594011675
347.99873736645145
348.0002533085368
348.00891109070244
348.00620171404717
348.00674038127556
348.00674038127556
348.00674038127556
348.00674038127556
348.00674038127556
348.00674038127556
348.00674038127556
348.1591156774799
348.1649824337388
348.17169377601056
348.1595290784286
348.1595290784286
348.1657649660648
348.1657649660648
348.17640180486035
348.1838410474397
348.185525410511
348.17945128888687
348.17945128888687
348.17945128888687
348.18660118830053
348.1903655250575
348.19222883294583
348.19222883294583
348.1902431208183
348.1954191867485
348.1954191867485
348.1993743421116
348.1975526597415
348.1997084952445
348.1968510884184
348.1968510884184
348.2368158600915
348.24023071824763
348.2716692082457
348.2659315884632
348.2676082078168
348.26940127576154
348.27506607777707
348.27316467420303
348.27699825241245
348.27699825241245
348.2842286716158
348.28570772462706
348.28264867837663
348.2828001077819
348.3248640371419
348.3277138856497
348.32642825268135
348.3108339765515
348.3156563452023
348.3263015489378
348.3263015489378
348.3226727750653
348.3226727750653
348.3273721046389
348.3273721046389
348.3285729172966
348.3285729172966
348.3285729172966
348.3285729172966
348.3285729172966
348.33407369392984
348.33246966847906
348.33246966847906
348.33246966847906
348.33246966847906
348.3411371555827
348.34290288162913
348.34304955324296
348.33867936414913
348.3435396971163
348.3435396971163
348.3435396971163
348.3479239365739
348.3534166991444
348.35286267685194
348.35263881137564
348.35263881137564
348.36328252807584
348.3621269860886
348.3602400150237
348.36594244467506
348.36594244467506
348.36594244467506
348.36490574202173
348.36490574202173
348.36845780555393
348.3992928939283
348.40456206455826
348.40473595236085
348.40617090468265
348.4065732813199
348.4065732813199
348.4065732813199
348.4065732813199
348.4065732813199
348.41042551893065
348.4114611477661
348.4428870556459
348.4488985034599
348.45055766157805
348.4787027382155
348.47349893330465
348.4696412431041
348.469147261804
348.469147261804
348.469147261804
348.469147261804
348.469147261804
348.469147261804
348.469147261804
348.469147261804
348.469147261804
348.469147261804
348.469147261804
348.47345003112275
348.47626688210534
348.47996227184814
348.479156497102
348.47962489165985
348.48271068568357
348.48271068568357
348.48271068568357
348.4846667459747
348.49037112239245
348.4878042787812
348.48967350357015
348.48967350357015
348.5081128221799
348.50995358707337
348.499366893608
348.499366893608
348.499366893608
348.499366893608
348.499366893608
348.499366893608
348.499366893608
348.499366893608
348.499366893608
348.499366893608
348.499366893608
348.5358798082905
348.54280531588705
348.5429037081148
348.54098818910046
348.54098818910046
348.54098818910046
348.56763983744634
348.573801573076
348.581608369975
348.5792905300831
348.686076078798
348.6883939898545
348.684450462193
348.68782760790526
348.690601527746
348.690601527746
348.690601527746
348.690601527746
348.690601527746
348.690601527746
348.84068358395496
348.83886654484047
348.8455665064379
348.8724465560085
348.8878756740159
348.8888518261801
348.8848894667987
348.8785374984081
348.8842116183492
348.8842116183492
348.8842116183492
348.8842116183492
348.8842116183492
348.8842116183492
348.8842116183492
348.8890557039152
348.8890557039152
348.8937059629306
348.8921783450018
348.8921783450018
348.8921783450018
348.8921783450018
348.8921783450018
348.8921783450018
348.8921783450018
348.8921783450018
348.8979384795155
348.9039902581531
348.90011585360685
348.90011585360685
348.90011585360685
349.25146598099025
349.24734579939536
349.245194686668
349.2416370204818
349.2416370204818
349.2416370204818
349.2416370204818
349.2416370204818
349.2416370204818
349.2416370204818
349.24688543513827
349.24688543513827
349.25398401395944
349.2609325293905
349.26394597254824
349.2621722560993
349.2645603958477
349.2645603958477
349.2951992535439
349.2970703262669
349.3000012750246
349.29919340711825
349.3033734034955
349.32811921209446
349.32284174300804
349.3312922144576
349.32625802679985
349.32625802679985
349.32625802679985
349.32625802679985
349.32625802679985
349.4381220320795
349.44082849179824
349.4358201129328
349.4388502936537
349.442642603874
349.442642603874
349.442642603874
349.4478544178255
349.4485023941842
349.4464391569396
349.4464391569396
349.4464391569396
349.4562371361686
349.45529397532334
349.45331148413834
349.45331148413834
349.45331148413834
349.45331148413834
349.45331148413834
349.4570193226368
349.4570193226368
349.4607025909246
349.4574719292028
349.4574719292028
349.4574719292028
349.4574719292028
349.4612385515077
349.4612385515077
349.4612385515077
349.4612385515077
349.4612385515077
349.4612385515077
349.4612385515077
349.4612385515077
349.4612385515077
349.4612385515077
349.4612385515077
349.46516456184696
349.46569941529896
349.46569941529896
349.46569941529896
349.46569941529896
349.47091972160797
349.4693815172864
349.4693815172864
349.4739515036214
349.4739515036214
349.4739515036214
349.4739515036214
349.4739515036214
349.4816801193056
349.4820234539174
349.4798936107161
349.4798936107161
349.4798936107161
349.4798936107161
349.4798936107161
349.4798936107161
349.4798936107161
349.4798936107161
349.4798936107161
349.4798936107161
349.4849789774971
349.4849789774971
349.4849789774971
349.4861353529465
349.4920108244096
349.48915062912516
349.48915062912516
349.48915062912516
349.48915062912516
349.48915062912516
349.48915062912516
349.49136775481406
349.49136775481406
349.49136775481406
349.4931935978049
349.49499876198604
349.49499876198604
349.4942526278933
349.4942526278933
349.6356181694851
349.63444614257133
349.63451988499844
349.62993913754866
349.6346501244927
349.6346501244927
349.6346501244927
349.6346501244927
349.63882412622473
349.63882412622473
349.63882412622473
349.64105560315085
349.75412760803255
349.74977948405746
349.7488557770094
349.74662154051583
349.74662154051583
349.74662154051583
349.75042443685004
349.751278204465
349.7561918324817
349.75913619395556
349.7588592601495
349.7583435052341
349.76397180224774
349.76397180224774
349.7638556304444
349.76977288537694
349.76977288537694
349.76950153347826
349.7681357827525
349.7681357827525
349.7728262048156
349.7728262048156
349.7717456427228
349.7717456427228
349.7717456427228
349.7717456427228
349.7717456427228
349.7717456427228
349.7717456427228
349.7717456427228
349.7717456427228
349.7717456427228
349.7717456427228
349.7717456427228
349.7717456427228
349.7769648768602
349.77874766676115
349.7792604126652
349.7763445123493
349.7763445123493
349.7763445123493
349.7763445123493
349.7763445123493
349.7763445123493
349.7805966988576
349.7805966988576
349.7858732021852
349.93169037174977
349.9221972790039
349.9241449991666
349.9297616120933
349.9297616120933
349.9279469806537
349.9279469806537
349.9279469806537
349.9279469806537
349.9279469806537
349.9279469806537
349.9279469806537
349.9279469806537
349.9338991224618
349.9364284405582
349.9364284405582
349.9364284405582
349.9364284405582
349.9364284405582
349.9364284405582
349.9364284405582
349.9364284405582
349.9364284405582
349.9364284405582
349.9364284405582
349.9364284405582
349.9364284405582
349.9364284405582
349.9364284405582
349.9364284405582
349.9364284405582
349.9364284405582
349.9364284405582
