with mode=1, handoff cost coefficient = 1.0
303.0895161914023
303.3068391814455
303.43607628534215
303.4805824810148
303.76439284910674
303.87656550518
304.18396397767754
304.4599055054891
304.5967446408584
304.8801200522795
305.2577366253753
305.36318482484586
305.6418529575282
305.6547277899719
305.8494532835412
306.03360191573387
306.194888494197
306.3166084020107
306.383550816198
306.51064410805736
306.736813103642
306.9699398507675
307.0917360692029
307.19558611290944
307.4107617995493
307.47373599781565
307.68457776801137
307.8457151546651
308.0339570690821
308.2479436195391
308.50269743449223
308.645823192849
308.84506287944333
308.94703449306604
309.0764840511597
309.15240297917416
309.28674845153046
309.360970042653
309.562038225007
309.77247713825176
309.89596716707814
310.10107893968393
310.25278888309623
310.43152340287776
310.4821748498907
310.4867189885537
310.65897334918856
310.84875189269565
310.98048186815817
311.09935119628784
311.28567042135927
311.45785193094207
311.61591179218004
311.99599240239337
312.12201439260195
312.1449135980989
312.19686958176686
312.3243873524326
312.4751323793975
312.6146306506428
312.6806743636093
312.9345044683479
313.04604668306865
313.3054947884705
313.3833435201305
313.5252561646463
313.91889626226157
313.96806393889267
314.02582331421826
314.1277656615098
314.1952212212919
314.3618899270441
314.4994451206571
314.50505042041004
314.69752138049034
314.7870767782068
315.13820875050163
315.2545733656115
315.3294323312875
315.46444676885596
315.56346798391587
315.59292251730517
315.7854826300445
315.9883621928127
316.07776201634914
316.20263746485745
316.36693349414503
316.5361700314973
316.703144349061
316.7237325636098
316.96463377542864
316.98965226385644
317.1454386902848
317.4791798308306
317.5456605645826
317.6205117056354
317.67505261144254
317.77097174172457
317.938984479992
318.1401513964566
318.2138839599608
318.30098514113354
318.3621955061675
318.38506675039315
318.5438960976997
318.6258109312657
318.95120937196765
318.98881360655116
319.168703035701
319.36589615723284
319.55988204471674
319.7127330825269
319.82582454281606
319.9369072624443
319.929889082763
319.9970870074716
320.0115200609569
320.14099677497455
320.38555175839565
320.47452960830464
320.5020708705054
320.60082986026146
320.80320075355746
321.0241354007825
321.08430519586346
321.17229844137825
321.19176433312265
321.2313835535745
321.4168097465916
321.4566580893861
321.4832986695426
321.67411978163847
321.6765879548185
321.76505061057037
321.9237959220839
321.9887154697641
322.02077851308013
322.1572053008122
322.28140027788254
322.354382133058
322.5058513000174
322.5455465275132
322.66418663709374
322.705040772333
322.75603780914753
322.78527335647783
322.92507288283866
323.1070126214341
323.1689237134555
323.22996594094246
323.3726786959947
323.4428780146848
323.5193521025704
323.55271185542
323.6581532873323
323.77823415526353
323.9758249190702
323.9815076917267
324.1994774634525
324.3054994800413
324.3553452681987
324.4664662219335
324.5312186341224
324.55652294169295
324.66506097862083
324.69892890808376
324.7872218113485
324.80067955374716
324.8620362643096
324.90815266420145
324.92238190115137
324.93970422379994
325.01852342659475
325.13009099735785
325.21725794576474
325.2952716013698
325.4095389648026
325.44579675161043
325.5523203630607
325.6397133264897
325.7678191682231
326.0083529641945
326.2164623141366
326.2719683976017
326.38316538049656
326.4236298820696
326.4857245687942
326.5207808186417
326.60575501058196
326.6552426136389
326.70932922883213
326.8655732465696
326.8640190168201
326.87602993564013
327.0337286038257
327.0539006506187
327.1161018807735
327.11882674983616
327.322616264731
327.32784940109116
327.5519201507773
327.70878404572386
327.8269057068473
327.8878308923477
327.97426255370954
328.1106991727638
328.2070748847072
328.2508462408535
328.3134531046392
328.37286040639793
328.4457896519618
328.4764484373064
328.7739489016005
328.8389484505106
328.8922205300037
328.89864938458857
328.9277325094878
329.12281984774444
329.3309134316699
329.5230633865485
329.64301424535694
329.7198768404883
329.81148771489313
330.0027316577332
330.0373310086692
330.244064726594
330.3035418163909
330.34428774020296
330.42633397863807
330.49516828547974
330.54865334131665
330.6412140403802
330.75531841109745
330.74927448168285
330.76412182834014
330.80320412956854
330.89057441190414
330.93329092276855
330.98046563447855
330.99592663904514
331.0591182611534
331.1068277983588
331.2347250521152
331.2595758936317
331.41543147910386
331.43984995375337
331.4571481908754
331.4476916989312
331.54590575156726
331.62219533674886
331.6215951883423
331.743386885596
331.8452851498464
331.8633282244136
331.87857898851695
331.8815883799838
331.9247626193602
332.0349338799674
332.09445513141895
332.1143649497675
332.2640114840993
332.4333470195802
332.4888640356554
332.5309129995113
332.52320962555194
332.59238818834183
332.6313201443725
332.68194504551093
332.71395081416904
332.71148443314564
332.72336354569336
332.82824185016136
332.9126041466557
332.98305283696357
332.989382404132
333.010676905944
333.09051690731894
333.11659358066004
333.1819742184354
333.27279224550693
333.4522663211316
333.47037821305656
333.4959306062158
333.55511409785936
333.70558697418534
333.7215743387413
333.6881486751983
333.7742797062547
333.8501176346795
334.0415889695259
334.14111305996175
334.1582759878574
334.20990982047385
334.2192902966846
334.2389495866786
334.4154141295985
334.47263760897016
334.56266816441325
334.5876548914186
334.707922546144
334.8118798156987
334.8864610648676
334.8996974925492
334.9692011957199
335.0026523170692
335.0596766871092
335.07544787585
335.2189831094752
335.24992247954094
335.2829556341281
335.39621763284725
335.4582473869852
335.53026843288006
335.5471096988975
335.6322690895786
335.66475927797404
335.7112518398678
335.75055108332367
335.7668754201757
335.8023657925797
335.879121816191
335.9843083819449
336.1061788559819
336.226724775389
336.3152942178475
336.4219411594578
336.4322641841956
336.4730196106551
336.48241682219594
336.5256726725019
336.57785614555803
336.57389508077125
336.62502268424316
336.65080727050247
336.77039060809756
336.8238709108414
336.86525192774457
336.864907694256
336.9527419372017
336.99623782106715
337.04713262415027
337.12052626628866
337.219807831071
337.2699533352415
337.3436810422431
337.34240983686584
337.3662205490167
337.4353588832059
337.4426951808517
337.45577112926304
337.48191540035685
337.485544450506
337.56586281662743
337.71127092873235
337.716858623755
337.73681249534053
337.8115530756247
337.81349618130963
337.87535395640094
337.91153992745615
337.9564803107638
338.0344888711987
338.07526555586514
338.14681277610714
338.1349524950834
338.17853513519424
338.2841457150225
338.40454282304603
338.4297076010194
338.5174155618778
338.51671919151113
338.55584146188806
338.6099582099482
338.61675014490606
338.6141187512421
338.61487306956576
338.70410555544436
338.7799065560546
338.85793837016286
338.9277696820284
339.0420358057346
339.0492509003868
339.12616375457594
339.1275269932296
339.16719406924767
339.1658974150013
339.16609985806934
339.16059444653047
339.20027269674597
339.1892919134612
339.25713612164867
339.34670718959336
339.35248939764404
339.3440606910966
339.4518526692086
339.4623609745472
339.4744907710249
339.490552029358
339.5521025900919
339.60766037458984
339.6316739983554
339.64878901786386
339.66770273621887
339.7212837614521
339.74145120694203
339.8294375670281
339.84110889503927
339.88262159218345
339.91285995500624
339.92091877843336
340.04431953710554
340.1193979863535
340.2088002488042
340.2093769232606
340.2409451003444
340.3462515085901
340.4148358437464
340.45625246647364
340.48037630353383
340.54412361425034
340.54433985387044
340.6073216587301
340.64708278466793
340.654255701438
340.6975030027709
340.6983432641572
340.7184035298611
340.7844773427626
340.8512974848872
340.85960029999706
340.89121509602
340.9001803352671
340.9549112180096
340.97280208184793
340.97965721385265
341.00205313777826
341.04428907556513
341.07405101315686
341.15009808132635
341.18736394351913
341.28392253774473
341.4008176978602
341.47734995837425
341.4907686800181
341.53230561261563
341.5592820720828
341.5919310574301
341.6320894013104
341.6650730210567
341.7549276642293
341.7904009387207
341.8101080306676
341.857502385953
341.8901463232246
341.9622914048013
342.0181988409689
342.02227304382103
342.09814165827817
342.1003880661525
342.13075906793455
342.14940624147744
342.1944159894721
342.2319567171025
342.2195399040597
342.26144588487097
342.25948183720914
342.3177785119037
342.3329375917159
342.38446294868515
342.4393581582182
342.4511750761924
342.45848835760626
342.4982271091603
342.55913488600936
342.6031659811411
342.6137268677745
342.6310187857733
342.64593801367596
342.7010142772094
342.70004127981764
342.770701489124
342.7922118523664
342.8033725406787
342.82768241636427
342.8493660950353
342.86320654314966
342.8595206404372
342.89042988102636
342.8845780059243
342.984919013387
342.9797825178407
343.00880792501965
343.0541609740307
343.05976672409724
343.07613446961864
343.1199604417053
343.126416755415
343.16832541230815
343.21499502665046
343.218453744468
343.2510979301803
