with mode=1, handoff cost coefficient = 1.0
284.05428328955577
284.1727681634197
284.3111634532413
284.54956042675354
284.6953592412653
284.7822571756342
284.9711609596359
285.17861108244045
285.3809527505027
285.56821720932624
285.66708937479115
285.7827459645409
285.8594140635723
286.17862866355455
286.4752824179954
286.65363107012087
286.76274239820435
286.7973180306733
286.83987988050944
287.1771959967659
287.27725569320603
287.4739356848431
287.7000966210807
287.7297153372471
287.90622735919004
287.9620656663013
288.0793195832005
288.19452900571395
288.24577582422796
288.41579231776535
288.5340477459012
288.59335876988706
288.73993447197233
288.79611947962695
288.9805416288796
289.1633608719365
289.4112762584853
289.66481254843615
289.76779591527895
289.88208859816916
290.06324934884725
290.24404425174583
290.42291766996857
290.6209760687072
290.75574887365974
290.8917062728923
291.0638956519854
291.2345767006762
291.3956197292079
291.5819381050876
291.925823937418
292.02105696403464
292.11167485465177
292.38057614363896
292.5358395922741
292.68430588182235
292.94515583396986
293.15655951247436
293.33315262365375
293.4627912003881
293.5030656889162
293.7793008949719
293.92004924735033
294.1344524948476
294.2899897561407
294.41413649950675
294.4929611255916
294.59243798475825
294.662804298357
294.67863327669744
294.7585252725237
294.9402657898899
295.09682842206087
295.20928492041594
295.36140630304857
295.5438029950064
295.7084425293782
295.8462575475161
295.86153392545134
295.9208802093027
296.0574872491346
296.10170050241265
296.2171160509991
296.36669918672976
296.43672966182703
296.69461222767575
296.78344805844074
296.9273656992784
297.17028802824046
297.38895528766744
297.483000667523
297.7061649680479
297.7668901162959
297.8510465382949
298.15105330347933
298.1699117132824
298.3713531892649
298.38459715679573
298.4939054138174
298.5960576699261
298.75353125171546
298.78200994560905
298.97306893551917
299.1568684237704
299.3304195806802
299.32978620072953
299.3889269195452
299.4242921172012
299.53976323728676
299.77113390244494
299.8682729980225
299.9823962448077
300.2005325155377
300.3650419302472
300.39229609178307
300.56884164509154
300.67400808306814
300.73140914593444
300.79993328106195
300.9036235630868
301.0430709051382
301.06146576912533
301.1246670155971
301.21580680138663
301.32497887868783
301.4070734815206
301.4713182218576
301.69202175278633
301.7854582195909
301.78927552722064
301.86123121656533
301.9642991005424
301.9941930573628
302.08244557412775
302.19493255835164
302.30276731297937
302.43698177026437
302.5268725184954
302.6060468340332
302.61704091460166
302.67325261269184
302.7672832923457
302.9059162178152
302.98029670440707
303.0382752565404
303.1090346155952
303.1948822231151
303.3722382900836
303.5135921866189
303.5572619990584
303.5971916651584
303.71995343276126
303.73841274512563
303.8208195953236
304.00632640483116
304.0376387086658
304.1700313753851
304.18372211952794
304.30022852852414
304.3641262213197
304.41363446807463
304.44340118877096
304.572113049157
304.76697988093963
304.8625157091191
305.014881017062
305.08748781886095
305.2045021636817
305.2573002359648
305.4093238889026
305.50534721719004
305.5230474338372
305.5996756298384
305.66226010521893
305.74805618614414
305.77931647249216
305.84174672943
305.908192273735
305.96914939651924
306.04083170035176
306.0600046237979
306.10203990426055
306.1784331002226
306.23984939628593
306.4929246781719
306.5006278795001
306.55191556087635
306.6741085226721
306.69571926786955
306.7575451974067
306.795310962454
306.9030130770847
306.97418807630186
306.9689184509701
307.0239252687082
307.08125154519075
307.1756773868436
307.2825179432025
307.3824739165199
307.4161246764027
307.45944547972096
307.49928918048823
307.5817193765831
307.7009033566015
307.7941456865585
307.8330185582744
307.83529374016695
307.9476012454716
307.9649515048335
308.055682132642
308.1018795420662
308.27582082777616
308.30509481296525
308.3859270912773
308.4015703926072
308.4097133436324
308.5113804647621
308.57905782208815
308.7473603846633
308.81098733782534
308.86828928912684
308.99869112118495
309.03915127857476
309.04642760523507
309.0817377073682
309.1295731205391
309.1570118353568
309.1677119474138
309.23812867569677
309.25557401198455
309.28137159463023
309.294078425717
309.4234529050773
309.5206929056713
309.6169908911496
309.63768141199307
309.66424103027504
309.69771268270733
309.69089659577185
309.7013629376411
309.75434891877353
309.797929186521
309.8123690721077
309.91431931249656
309.90179647865864
309.9287137074383
309.98314027324557
310.06437239366306
310.12099982269905
310.21173987583035
310.26405392029136
310.4113963919706
310.47101978027445
310.6021790563991
310.70770797367146
310.8137919686983
310.8407532453207
310.9770720430496
311.03982087746084
311.14950415638174
311.182256806713
311.2539511342189
311.3067300747306
311.33380672614675
311.55455768352937
311.6004719388493
311.63370570127177
311.6737687360434
311.6951835541791
311.70064506129927
311.7681457627101
311.8359629783267
311.87211705652544
311.9254027015079
311.98615348913773
312.0347912129796
312.0407018518345
312.12748001780415
312.1404939235098
312.1926822242041
312.28462842047594
312.3504792226747
312.40838912394366
312.4002723115
312.4331597799423
312.5244508721754
312.54914648964206
312.6272352456445
312.6788966743127
312.68057033763796
312.7393069386156
312.7492510813669
312.75289598632537
312.8080058100072
312.8436951762385
312.9035558498407
312.95554752348266
313.05643908238295
313.07017085899946
313.06507352827276
313.20880398678895
313.31580589867855
313.46133820665085
313.51203641443084
313.60772381570126
313.7417189235461
313.7816041118722
313.80161255112984
313.8216683918016
313.8884525678153
313.91233371660496
313.9769016509428
313.98221037804956
313.99437554021756
314.114001711511
314.1423508879308
314.2625744801814
314.26286900681276
314.29947575102483
314.3436843176736
314.3503698249835
314.3926298835334
314.46846054205616
314.4815202664644
314.5447957167696
314.5843484215671
314.60742840956624
314.6619430955508
314.7803076902439
314.7925338853142
314.8329809243485
314.8459315621231
314.9002130651442
314.941693947486
314.9815628289294
314.9698366759165
314.9897614441373
315.04825085055717
315.1133288057637
315.2679760142509
315.32516526633947
315.3728115456243
315.4457358964522
315.52517941752654
315.5625863677191
315.5458077813342
315.58765075766473
315.5906789350762
315.66456707747994
315.6891810462097
315.71917000184715
315.81012300579175
315.8521078273272
315.85832002507254
315.89836854689474
315.9329906512439
315.9941700898347
316.0327700200952
316.03577428346904
316.0627594290141
316.070426342513
316.09691690040955
316.1204266187474
316.22631594820166
316.24563844055444
316.3024233962516
316.3467369621809
316.35996034395737
316.39787248660804
316.42034355423726
316.4518190290351
316.5123150623388
316.5402293748726
316.5615588427883
316.58473849759116
316.6065315050803
316.6075851845361
316.6453965519839
316.6596933019211
316.72856049193456
316.73093427185506
316.74866825844344
316.80875357701046
316.9062623808772
316.99276929560546
317.0352285039334
317.04459564644804
317.13538078556167
317.15038854632746
317.2114679937743
317.2562146040689
317.32184651939406
317.3361840864031
317.36441829417925
317.3933091275777
317.42960673957526
317.476323322104
317.5577037454107
317.68908808376636
317.7178701052254
317.72102464871136
317.74152950844706
317.758632350032
317.8756291019141
317.9081806475805
317.9151565029187
317.9791583796736
318.0014914056317
318.0129404591455
318.0782325525609
318.13330846077685
318.1395313256926
318.1715013101538
318.22118260838124
318.2402285627261
318.2675326999473
318.33423224254915
318.39834421194496
318.43899670527423
318.4833787464873
318.5454326454989
318.5744375433906
318.5740528325977
318.5647522269933
318.5716765341349
318.58409414026085
318.688151992763
318.6971976971871
318.7359840093127
318.787545966682
318.82026400017384
318.8349144418648
318.86926746398694
318.91167950489495
318.9448195184759
318.9610226618077
319.00176696336325
319.0324607010129
319.10028036316015
319.1301441921217
319.24329363174104
319.34047752815604
319.35051081123675
319.3921192479256
319.40828235862796
319.4653041679043
319.47017533266967
319.5266669492409
319.55507484623973
319.57205499965545
319.63167650796424
319.6463385612335
319.64908755328577
319.6944457059825
319.7008809790167
319.7522799767394
319.78264840611683
319.81997761703434
319.8528721237719
319.85732581773135
319.8427414499163
319.84366258015507
319.8858787283051
319.8823053137208
319.9331155552331
319.94166872088493
319.94725690129565
319.9877517603816
320.02475771999417
320.07277990450785
320.0734790658113
320.133613714449
320.18218709682117
320.1979273135767
320.20011775202045
320.2232710185459
320.2315385873686
320.2435160447394
320.2834574904205
320.2844305004775
320.3846402917722
320.45772592690804
320.53627527246624
320.5916837906415
320.62111465885215
320.64994725635506
320.6645495430817
320.7211716299928
320.76355812508933
320.79596925625816
320.81134856510715
320.8225850745133
320.85909674129164
320.86497220157185
320.9332217601347
320.9569628984353
320.9565409325598
321.0232104946186
321.09807388989327
321.15632393240134
321.18836530814497
