with mode=3, handoff cost coefficient = 1.0
284.05428328955577
285.2830639053778
285.53486417287286
286.76708421789203
286.968301611023
287.5603776672451
287.799640316569
287.962392504397
287.969195950491
288.00435851765735
288.3792097359512
288.5015092271237
288.5265922707932
289.2078125497967
289.7409884635865
289.877450802956
290.0659298836538
290.1529551124674
290.67971095730377
290.92553192674575
291.05530883537364
291.085335660703
292.41677849393545
292.46195814483167
292.4664294735806
292.52552149482585
292.60374760969927
292.66665110567874
292.6768424912605
292.6762932090181
292.64247054970855
292.64247054970855
292.64247054970855
293.1928952267243
293.2741074997894
294.3921417749842
294.66192382819827
294.6871074161831
294.7229972187494
295.26764396299365
295.28048569490625
295.3206853525424
295.3935758166794
295.37505900499804
295.3981454010258
295.3875633814655
295.3928375093396
295.4198275689301
295.5279339453343
295.5878689620935
295.58423151464467
295.6798420937226
295.6592275980865
295.6430373640585
295.81597497069396
296.0554063225738
296.13779314983594
296.15403774845964
296.17164834326445
296.2574905762568
296.2839717547915
296.53653311377946
296.5678610453484
297.0333972788841
298.1768591014349
298.2508895477471
298.3930019139817
298.44210281775355
299.1517792989957
299.1460437917081
299.77606434366396
300.3273303783832
300.87608733948355
301.35680170230347
301.84948781976334
301.9691671998018
301.95518350256367
302.5758587299774
302.86706286239155
303.63597279523515
303.64792896920335
303.6456075982204
303.8877086022405
303.89651307592584
303.91142323165826
304.63204906611656
304.6676810058891
304.9062791972424
305.014899510831
305.08410634459483
305.0755224303096
305.46250461122
305.9382794057192
307.82650320896084
309.4263908900639
309.75171095002077
310.614050990177
310.6465609724752
312.1019908980021
312.11366148425395
312.2983788137147
312.5379133137704
312.57953192876585
312.62168311435875
313.19675635970725
313.2074405540462
313.94776523803415
314.88374148343075
315.5274175320928
315.7955771932731
316.8282547217608
318.2343166700925
318.27607739465645
318.6347561439359
319.04988398906534
319.19643289503233
319.20559099631794
319.2278193073627
319.26071596136427
319.3046910013748
319.6791582774722
319.67791343093864
319.8840479569076
319.8899360982715
319.914152727471
319.9225687700722
320.7281697405617
320.76900448386107
320.80726137687503
320.82311000963097
320.8005348330891
320.9345531735535
320.961094207355
320.96797751075485
320.9726790284578
321.0309524390637
321.5526255093243
321.6272784602017
321.62056956611156
321.5998151357167
321.6082319779442
321.65094920349406
321.6834029004561
321.73723835527267
321.738678944715
321.8412248091698
321.8557589092192
321.86340378639227
321.8612606482005
322.10968287196135
322.08734961297125
322.21313714979044
322.2245793645416
322.2395945551137
322.24140124749556
322.52795718794584
322.5812218668296
322.6045965628824
322.6206352991249
322.9957751907144
323.83744899838524
323.865651622102
323.9947284960461
324.00047592131705
324.0171858910257
324.1233087799058
324.1441748390338
324.18403761037405
324.24848447412177
324.2525929672669
324.25553437855956
324.2203854644497
324.2203854644497
324.2378974143205
324.24189149062477
324.236282739441
324.2593408293576
324.2593408293576
324.2731323448046
324.3017417157382
324.31767357678507
324.32879610065356
324.3220848574789
324.34143228554603
324.4017748799421
324.42747955112293
324.4246302840072
324.4677162907135
324.4734558264298
324.6768860922617
324.71924815028825
324.7156888366358
324.7399072073585
324.74557959452005
324.75511934334764
325.12400491115983
325.1142361087595
325.13907459608953
325.1540796939227
325.2272469152204
325.2119407399014
325.20873990552064
325.19676888094995
325.19676888094995
325.19676888094995
325.3498811880248
325.35350520178173
325.3153360771674
325.34411967889486
325.34411967889486
325.34411967889486
325.34837377015
325.34837377015
325.357207313926
325.357207313926
325.3533130297306
325.4840287194912
325.4636862050532
325.42333435118655
325.4442930394798
325.44834323310766
325.44834323310766
325.44834323310766
325.44834323310766
325.4581421228868
325.4581421228868
325.47795329402516
325.46995412715484
325.46995412715484
325.4927711423522
325.4945609753134
325.8810364200355
325.88666668098267
325.8844559924111
325.92767359684933
325.9324320865457
325.92969140818764
325.92461182673065
325.94210664746106
325.94210664746106
325.9375216571873
325.9382025335477
325.9382025335477
325.9382025335477
325.9507595690197
326.05051794375476
326.08888033140335
326.461867911983
326.4645325463273
326.46604159400783
326.4653099935116
326.4774030797071
326.48153808783985
326.9700111203236
326.9658634229984
326.93971416597407
326.9506007423217
326.9506007423217
326.9553232079049
326.95167421433007
326.9646109005968
326.9646109005968
326.96918289019135
326.96639024214886
326.97054173262484
326.9893972940102
326.9985044085986
326.9775626193471
326.98163628212194
326.98608124899386
326.98608124899386
326.9938916414118
327.0010606425982
327.0010606425982
327.0316581334228
327.0307403317912
327.02944969897504
327.02866447953016
327.02866447953016
327.02866447953016
327.1580645460322
327.14775481445656
327.17695156985957
327.17634890966184
327.1720461475612
327.1773375351466
327.186934053627
327.1938047272881
327.1938047272881
327.1953085164329
327.1914369565685
327.21243771318757
327.2091160127252
327.23258341810975
327.2270854020373
327.22905347757893
327.2264549932469
327.2264549932469
327.2264549932469
327.2264549932469
327.233393149568
327.2544573104355
327.25438958635266
327.26948373605967
327.2495916985691
327.25324678800706
327.25324678800706
327.25324678800706
327.25324678800706
327.25324678800706
327.25324678800706
327.25324678800706
327.3224178268813
327.32151284094823
327.3118842515786
327.3122085128861
327.32440517647433
327.32834486763045
327.32834486763045
327.35045036039384
327.35141860473954
327.35890536656757
327.35056487354035
327.36936939975976
327.3624111962159
327.3646112243441
327.3671532268906
327.3671532268906
327.3671532268906
327.3671532268906
327.37331228353537
327.3832744968818
327.38434998563724
327.4384394147748
327.4272318133348
327.4231634663661
327.4330024540378
327.4330024540378
327.4744357939502
327.46365015643937
327.4682192118736
327.45575449648294
327.4668734852324
327.47494413988153
327.47494413988153
327.48066799703076
327.4837412664888
327.49532049292696
327.49407921847575
327.5010028731277
327.491055242668
327.4957620456467
327.4957620456467
327.5277221191197
327.52809524905274
327.52502835310133
327.50879159748206
327.54261924942364
327.5459901529648
327.5486607614831
327.5618256097812
327.56674487602913
327.5675609325489
327.5728972370954
327.57950178018575
327.594852549435
327.5917746248805
327.59128034892717
327.583445992174
327.59217787007435
327.5991228516814
327.5991228516814
327.59758993403887
327.6044199945155
327.6071019919318
327.61456168958216
327.6167082227413
327.6145695073051
327.6229148943881
327.68530622592976
327.6804710356993
327.6923390737696
327.69518366018593
327.8136644933543
328.0592053425962
328.07438315924037
328.0812531114134
328.09743077002446
328.0965587116152
328.09616136850656
328.0923691151829
328.1656444100128
328.16416574731124
328.1539519068901
328.1822373922546
328.18418493298987
328.18108269418497
328.1829715779495
328.1829715779495
328.20412539061283
328.21061737732714
328.2014438598993
328.20380244026785
328.20380244026785
328.20380244026785
328.20380244026785
328.2092523665392
328.25477831299133
328.25586846078556
328.2630885189142
328.24865989285763
328.24865989285763
328.24865989285763
328.2636135128015
328.26082246913165
328.2582616417841
328.2582616417841
328.2653461088838
328.2714376457345
328.28383632823204
328.28818499257113
328.282853396356
328.2877609944511
328.289932035835
328.289932035835
328.2928897716214
328.291591119586
328.3036167488043
328.29795784411647
328.3558958345453
328.35414461772916
328.3538805286596
328.34760036276793
328.35627817666796
328.35905864917925
328.36230353167355
328.3640199842466
328.3683861336851
328.3655363847946
328.369645243336
328.369645243336
328.37185906505357
328.3737052279825
328.3870542177022
328.39748195908845
328.3817210783262
328.38117804006816
328.38117804006816
328.3890505353758
328.3931112210588
328.3895325318115
328.3895325318115
328.3895325318115
328.3895325318115
328.3895325318115
328.39211295768416
328.5501492504115
328.5497627007639
328.55180500570987
328.53483943190565
328.53483943190565
328.57512412119024
328.5809928411689
328.5886213676633
328.5997654298523
328.6057342120378
328.5947423887385
328.60519226368285
328.66012884737825
328.677840329886
328.68669391668647
328.6823775011323
328.6792701425052
328.684088229542
328.684088229542
328.69451762310075
328.6896631768775
328.6932856579284
328.6932856579284
328.6932856579284
328.707883052563
328.7134240427093
328.7116998537907
328.7160077991484
328.7160077991484
328.7160077991484
328.72501857168106
328.73090665673527
328.72830675314964
328.7254388345131
328.7254388345131
328.7254388345131
328.72879909555417
328.7353752977718
328.7339379775
328.7382924403833
328.74150349742104
328.74150349742104
328.74198977759636
328.74198977759636
328.74198977759636
328.74198977759636
328.74198977759636
328.74198977759636
328.74198977759636
328.74487247055106
328.84760270425943
328.84959260562607
328.8497298593079
328.85388157409295
328.8572291699908
328.8612510738018
328.90393265672253
328.9041936447214
328.90397741930235
328.90647496436554
328.9149453526294
328.91143155004403
328.96054971369784
328.9614001964634
328.96406982510314
328.9682822046002
328.9721617114573
328.97734258687564
329.05347192747075
329.04276322597076
329.05120396684515
329.0540435743703
329.0540435743703
329.0624863076729
329.06000226568193
329.059307022634
329.0586788809408
329.0586788809408
329.0586788809408
329.0586788809408
329.0586788809408
329.0586788809408
329.0586788809408
329.06406770171884
329.06284184047155
329.06284184047155
329.06284184047155
329.06284184047155
329.06284184047155
329.2862554800979
329.2839219116243
329.2900117911439
329.2923027606938
329.2933380045711
329.2933449728238
329.2933449728238
329.29709775081415
329.29709775081415
329.29709775081415
329.29693761724843
329.29693761724843
329.300812888813
329.30047797834385
329.30314401758926
329.3013236459946
329.3013236459946
329.3013236459946
329.3013236459946
329.3013236459946
329.3013236459946
329.3040908081452
329.3040908081452
329.3040908081452
329.3077558924419
329.3077558924419
329.3116278603097
329.31186840569444
329.31367108859365
329.31367108859365
329.31367108859365
329.31367108859365
329.31367108859365
329.31367108859365
329.31367108859365
329.31367108859365
329.32063022868374
329.31953263108056
329.3159254129558
329.3159254129558
329.32082052007416
329.32082052007416
329.32096447717
329.3218427424095
329.3218427424095
329.3218427424095
329.3218427424095
329.3218427424095
329.3218427424095
329.3218427424095
329.3218427424095
329.3218427424095
329.32063022868374
