with mode=0, handoff cost coefficient = 1.0
284.05428328955577
284.4519630823504
284.5055658680474
284.5425726109566
284.54828993076814
284.6702120009532
284.82475145519385
284.99735615203883
285.1495111391959
285.1960590473792
285.17887850991923
285.19197986216113
285.55464689983626
285.5233118211388
285.4076111763561
286.0594347430402
286.1919728045634
286.2991875975084
286.5975813357405
286.81749713949193
287.24888906565843
287.81742536316074
287.6657687567607
288.07026939564685
288.1065384332951
288.2151869023485
288.20895183935943
288.3059644761097
288.50067200685635
288.50584033025757
288.7534059884812
288.72078604659475
288.8442502397522
289.0826092322628
289.10063824400265
289.0249801323057
289.1407288429381
289.30027218892883
289.3203049379265
289.32151005614264
289.52151272022826
289.6229275273235
290.05605449516196
290.24713226458044
290.24713226458044
290.24929386069385
290.7770924883698
290.92479339107024
291.4580604303674
291.69386963363854
292.4212283541729
292.69805567865563
292.67543450596185
292.84170194776726
293.8557488708567
293.95424985278646
293.9532984713678
294.38486542383913
294.48015774764093
294.55493895179404
294.56020522081286
294.8378339536496
294.883093692843
294.9009774773133
294.893400860906
295.0245234349263
295.1610834123369
295.15497811063926
295.17258409770216
295.18754483482485
295.1849194038497
295.3967321160641
295.3709691964426
295.36134011516924
295.378600784716
295.5915599879828
295.61164220451076
296.53084726436157
296.5244383676949
296.55168779367756
296.5050716636949
296.39345391909035
296.66765780776467
296.6849276172467
296.8500632624985
296.8500632624985
296.8675597302422
296.9675272015491
296.98776150677577
297.4452710331144
297.74326408719
298.15448054204444
298.4082042391019
298.49935221624247
298.4812816104169
298.5010758943986
298.50440443352136
298.61974268682866
298.6200544849638
299.08994672179426
299.09519857103135
299.08911833005067
299.1042311689118
299.3047216058991
299.4324820475286
299.43616373583046
299.53301190354034
299.5444394899126
299.66744364023657
299.6691733775037
300.39082878319863
300.58697452203995
300.65432364976573
300.6646291569631
301.1247486040542
301.1309026732589
301.60354637454145
301.64981300560555
301.6502456021905
301.78466327614143
302.50509163222006
302.50509163222006
302.7843423080445
303.027902217877
303.0439024912081
303.16736390570634
303.4190543532471
303.42304591282834
303.42308997469917
303.42308997469917
303.47811859154575
303.5014064411001
303.93610094363305
303.98832971644583
304.00452196540795
304.08471748549067
304.4513661667747
304.72237734374534
304.72020370556925
304.83964805100754
304.83204130290864
304.8267103623383
304.8078969217361
304.79957734553784
304.83964805100754
304.83964805100754
304.85864336423083
304.85864336423083
305.00271575202333
305.01011341308674
305.0838484592974
305.0877015047818
305.0877015047818
305.1273479116195
305.1273479116195
305.1346712694982
305.18818477720583
305.18818477720583
305.2161259147178
305.22990306343706
305.1459023771395
305.1545146076728
305.1608540060885
305.26433281534884
305.26433281534884
305.26423109189005
305.3411243752576
305.45527467989086
305.46314568462714
305.8108057778389
305.8108766245342
305.8368764153826
305.84385235946536
305.94353009594323
305.92733900121215
305.90777790928536
305.88995942714223
305.9060235085327
305.97038563653985
305.98786742817373
306.0152070581379
306.0497971317244
306.0618593731286
306.12001343100803
306.12001343100803
306.13469425012045
306.13526115353557
306.13632662805793
306.1655277675492
306.22604174699853
306.2320865487631
306.314024810662
306.3902865096998
306.4282937894054
306.42384396373905
306.4676275309041
306.4728303604673
306.5118711446418
306.5171723738955
306.58785218413675
306.59213339163153
306.64050827926786
306.795634792127
306.81367013212594
306.82032688764633
306.8216190828493
306.8566121341915
306.8663805083252
306.91273455341206
307.09230380106334
307.13932573666835
307.1744063204588
307.1822872144433
307.1911096691891
307.21605980068404
307.3965952942743
307.37517487647085
307.3996929775081
307.4053620811248
307.4053982682966
307.2452672694907
307.455303901976
307.46169359242924
307.4421014782669
307.44926589815475
307.4327973654677
307.4327973654677
307.46169359242924
307.4969455326539
307.5079718145956
307.5218636780075
307.5222001153102
307.62313138436383
307.64323604774944
307.6432453270688
307.64695750668767
307.65316580075796
307.66137997909374
307.73325758431736
307.75496498825623
307.75588790016036
307.75588790016036
307.7568300887153
307.7880491825196
307.8044240982793
307.8049430928228
307.8132077372232
307.91773286816823
307.92952735752675
307.93342158138114
307.93370571353813
307.9336764339549
307.9335962935391
307.9329032868411
307.9823122687342
307.9819415044316
308.0037034296038
308.01673712747083
308.0171814459095
308.01680032910883
308.0179015906185
308.0423412350615
308.1483228298934
308.15901884290105
308.2105488031903
308.2111572414287
308.2204387845165
308.2227245449873
308.2324946829514
308.22776535942955
308.2324247666597
308.2532805360906
308.2463000633998
308.2465850730035
308.24823899250686
308.4639261202144
308.4639261202144
308.58681690562236
308.5889094071045
308.6314102109949
308.63509184347197
308.6789656277093
308.68085852472035
308.7631324463283
308.78036550163347
308.78101475419896
308.7764204035519
308.7876115509231
308.8083020502165
308.81309714857605
308.826173527966
308.82928817039834
308.8295102969199
308.84534551581845
308.87059633358456
308.87608898470324
308.9226177662689
309.00097132387555
308.998304208035
309.00091858051394
309.00618478081134
309.00835084568195
309.0192712042622
309.01878271682847
309.01928358053976
309.02414664461577
309.0529731563206
309.04744861205535
309.0476834511141
309.0478102529514
309.0482974900726
309.05709726833953
309.0689435524895
309.0865962648414
309.0854038043385
309.268030474458
309.2750777450797
309.2718769911542
309.2719749923001
309.27267906632636
309.2824358678019
309.2830648886218
309.30119836326776
309.3036030259823
309.30403086225425
309.30567006564144
309.31146620714674
309.3112914867783
309.311667901525
309.32635091769407
309.3353890356413
309.33687854040335
309.38633884249344
309.3857223841241
309.38633884249344
309.38819901383926
309.428645911171
309.5022953396519
309.5022953396519
309.51022048508173
309.6109843185004
309.6176314956396
309.6221473169954
309.69993248418837
309.69735805811285
309.69743906744543
309.704532626022
309.70502912016593
309.707866492601
309.707866492601
309.7080595353094
309.7389609066033
309.7376537255832
309.73907483996595
309.73907483996595
309.7438868310387
309.74377778155315
309.75414201604536
309.80419145367676
309.80419145367676
309.8127511534049
309.8265366909776
309.85506393916177
309.85506393916177
309.864069378604
309.8664219786942
309.8713159903132
309.87106701615363
309.9256320120323
309.9815614115125
309.98773780394987
310.0072726041176
310.0771161201784
310.0776175124871
310.08692027275964
310.0885230833391
310.0984978891461
310.1002810501623
310.1105523699924
310.1135395939662
310.1121948297378
310.19482955015275
310.19878416878583
310.1994750934141
310.1994750934141
310.1995234452414
310.1997872706749
310.20615356908735
310.1957784093727
310.205796162998
310.214399563769
310.2563217117418
310.2563780897743
310.36846718004784
310.36889462792544
310.3689603682935
310.3694319172718
310.3698666744065
310.3703888742378
310.3763844005222
310.37871389654686
310.38004545312987
310.4005716179386
310.423503041391
310.42319301767293
310.42776556593583
310.44177142734975
310.5593309499833
310.5813532603535
310.58149634097026
310.5812753724838
310.5846548124226
310.58880773825814
310.5913056218149
310.595782701745
310.6551662415639
310.6577068756887
310.65898026812687
310.85678881656247
310.862266425006
310.86298500195454
310.8783135945505
310.88610909020383
310.9025356403481
310.9085485372253
311.06310984742083
311.0652759929896
311.0652759929896
311.0652759929896
311.1074599079345
311.1074599079345
311.1074599079345
311.1074599079345
311.1082223042794
311.10801779131316
311.1182033706372
311.128903599965
311.13689604646765
311.1406335873782
311.2593492881072
311.3348262831344
311.33801586820834
311.3389513886093
311.3410358057601
311.34307392514523
311.341903263661
311.3444089302153
311.3693824875472
311.37415524477615
311.37415524477615
311.3716065747333
311.3716065747333
311.36701983545385
311.37415524477615
311.3849879322767
311.4425984609375
311.442577218547
311.4436523712522
311.4581386590293
311.4614938214658
311.4917131605702
311.4929439704938
311.49718631578287
311.499984482719
311.50158574004047
311.5026473723382
311.5144778461498
311.5162274809227
311.5189070344277
311.5211770561981
311.52425753369624
311.5426460583381
311.5441670904045
311.5435964894664
311.5453325826947
311.56365435917786
311.564722354668
311.56511325453823
311.56511325453823
311.563681391136
311.58609334035623
311.60871062383154
311.63509710319994
311.7451679252706
311.7481004567114
311.7755614500843
311.80425426743335
311.84219108173954
311.86974008945714
311.869920516799
311.869920516799
311.87108608571265
311.8986654238496
311.8985961063014
311.90058859946805
311.9273479538507
311.9617657896788
311.9712527929019
311.9717665120856
311.97519747278795
311.9801831088266
