with mode=0, handoff cost coefficient = 1.0
295.8421879001574
296.0373462324552
296.1390664887338
296.76251609313056
296.76109196740157
296.8463043402166
297.7073101129937
297.68542297740845
297.91902948844205
298.38454072764654
298.59191762680683
298.592587280296
298.58915717044766
298.5961885993192
298.61067953762404
298.64937276738624
298.60277945755627
298.5749747475658
299.09887839377967
299.1007748677292
299.0752820860139
299.5727764503606
299.8083913511554
300.24271770775385
300.2482940427373
300.18690199168606
300.23008117495954
300.2288692763002
300.4643075229031
300.4650905863591
300.44445623552986
300.4412672824118
300.5723551414963
300.82546027963804
301.0590376640684
301.6269427191376
301.6389925715976
302.3540327058331
302.3014261586242
302.3944164354208
302.78330292577056
302.93391973526815
302.9957255282985
303.0021538709818
302.99640169502356
303.2083829533688
303.5262381535096
303.6333093040495
304.32579831665316
304.45203869390036
304.5127327627854
304.57094319293844
304.73822287137733
304.7404351098815
304.7374409508937
304.96542286224445
306.01260794078905
306.0740927607996
306.2751008286731
306.3495410580327
306.7104818241021
306.741665237646
307.0021465196761
307.0022960439224
307.0022960439224
307.5390949165308
308.3237778615228
308.3446401110049
308.3029372470091
309.67352439023983
309.64883051796545
309.7151425169694
309.7105912683487
309.7351256373112
310.31189933511376
310.5477776083421
310.58148576714586
310.6939096100176
310.72740983331647
311.22861935141214
311.2274542772341
311.2328810392808
311.2037292384902
311.2355526753369
311.283266379659
311.39211270360397
312.4157822562697
312.5353075361185
312.6034132489536
312.69840139388475
312.7024414080581
312.72945920887844
312.7295092886866
312.7269731138275
312.7269731138275
312.69183874648564
313.34278557265407
313.36052078168996
313.3612400324989
313.3612400324989
313.8574426525743
314.3567237806184
314.3567237806184
314.7070616539174
314.7568858538135
314.7813241042289
314.78362478465624
315.4221376171539
315.4016006412751
315.7797483062383
315.9665609082021
315.9342491757781
316.0780765506024
316.02471161060197
316.5087559771617
317.22039051999155
318.0593698430993
318.8144379093812
318.8144379093812
318.77985826869246
319.07162613325033
319.124849447996
319.0819234490412
319.165454747197
319.42514032072705
319.4210094869401
319.4210094869401
319.69369741729537
319.750752135178
319.86220584109776
319.85287210296866
319.86026522167276
320.2616571037108
320.26576458052534
320.30460210659584
320.3060257900772
320.37547478914496
320.36879010233275
320.5327602512279
320.5333103026507
320.75717807711726
320.7574124228854
320.7574124228854
320.756891264494
320.7346720649013
320.7266206591896
320.80724093575304
321.26634144529675
321.33855439672294
321.4223653560199
321.4224043138799
321.4208911560891
321.4597848029424
321.52839902374643
321.52845401252455
321.58406411074816
321.6063910818902
321.82323685648265
321.86561506546883
321.9066589575639
321.9066589575639
321.9125194352858
321.9237570959749
322.20642287096524
322.20642287096524
322.20832763604415
322.20423812332496
322.4870359193862
323.04415153091827
323.06975947307495
323.0220900339701
323.1035311986258
323.1035311986258
323.11745406007077
323.1667755303666
323.21444496947146
323.3854311753078
323.4028843149115
323.4028843149115
323.4220610406946
323.51474780763783
323.51474780763783
323.57884714120917
323.56225855934565
323.8582498538454
324.440375022308
324.98632823860123
324.92918682339945
325.0976591333396
325.3284059445402
325.35246146499236
325.3658448017066
325.3550317781257
326.68777996158974
326.6898716091512
326.6404779881268
326.5765592212838
326.58636477019644
326.6231406170445
326.6898716091512
326.6898716091512
326.6898716091512
326.6788954995868
326.7062110519251
326.70677638754756
326.7100404477545
326.72060463353813
326.9190512303788
326.94138141122596
326.9915724405779
327.01545174739056
327.3060230466776
327.32977607934146
327.65811997321214
327.6558583182981
327.7502534596567
327.7588312938498
327.7554368402412
327.78202057887
327.7846410904022
327.79456480003944
327.7953085849496
327.80756261301184
327.8060986970628
327.92375619522386
327.9210070331127
328.25165214924203
328.5297075957973
328.56118924413306
328.5602498863093
328.565615162109
328.58720061683704
328.7746241424911
328.8152228507518
328.8152445066413
328.824174034089
328.8317159903615
328.8949961145555
328.8951912841369
329.178888626384
329.20616189445747
329.2058109031804
329.2238693607809
329.23277919514004
329.584205382634
329.57426262399935
329.5779141829826
329.60540170549956
329.6173981310498
329.7667237555426
329.80130683239344
329.8060318885262
329.8068842034931
329.8068842034931
329.81468376464676
330.16843297097796
330.1830492006513
330.1830492006513
330.18688300579777
330.18688300579777
330.19158809887415
330.24078164403306
330.35423790234097
330.37445845709925
330.4992279330102
330.51637725131167
330.5232885013309
330.54746825706
330.54967041693436
330.61726574313866
330.61726574313866
330.63356895820743
330.63756389856877
330.68087188691163
330.72808702713206
330.72523089481643
330.7263063364258
330.7263063364258
330.7173997285544
330.72808702713206
330.73537763745105
330.73654629214445
330.8700953812652
330.86630414610147
330.8712729829517
331.03704739615245
331.04425721209503
331.04527213843704
331.07106526125636
331.0774768431846
331.07889365716443
331.07913336035773
331.0851309474508
331.0980520245775
331.10136196986434
331.10174089793
331.2617277513196
331.2655236663661
331.26626058418464
331.2269301258148
331.24057831631876
331.4152297111101
331.4155224723301
331.42641935138806
331.43464542485924
331.5249642726122
331.5254567918732
331.5374532140547
331.5389545524677
331.5389545524677
331.5390320614471
331.5457643644894
331.5474490634064
331.5627653221537
331.61896717479084
331.62631842787505
331.62631842787505
331.71273526419657
331.76984697921597
331.77948045457345
331.7790106411623
331.79270495636956
331.79275639292325
331.7954403144745
331.79496051993146
331.79496051993146
331.79496051993146
331.81847383765137
331.82063755615167
331.82063755615167
331.82251242619344
331.8321670294935
331.83233707680625
331.8340777605274
331.8530354964387
331.8516006442633
331.89920287156343
331.9114277304316
331.96169036745346
331.9672915652383
331.973134183405
331.9742444089141
331.9736114397785
332.0166658757757
332.01922220687226
332.0249839341958
332.0265137021048
332.0300187420682
332.1240587535884
332.1536649586087
332.1530645661098
332.22780006615415
332.48617330651354
332.4843740199491
332.49910568025496
332.50482306430985
332.50701414137785
332.50701414137785
332.5238045681682
332.5238045681682
332.53355663975003
332.53728731584675
332.59290152686697
332.5537602266095
332.55589226456084
332.5638932025738
332.5709540878119
332.59290152686697
332.59445451330396
332.59512905492454
332.59408053555444
332.60472150155306
332.60569580262154
332.60675909465056
332.6093103453702
332.61264408197667
332.64606701970797
332.6976741112574
332.7054107916763
332.70706803235004
332.70696970010795
332.7097437318576
332.7102452703401
332.71790124049676
332.7197419597871
332.7197774466202
332.7543917627243
332.7544378907447
332.78061977212883
332.78061977212883
332.78070498112675
332.7814614003205
332.78513262902027
332.78552080622933
332.78572963347347
332.78757419771125
332.81308435448204
332.8389528667524
332.8391455032935
332.8478761226851
332.8509232950306
332.851398666137
332.8915312450325
332.8919151986572
332.89196597891157
332.8936835137828
332.895192403215
332.89422177752533
332.90037815910046
332.91915618402834
332.94398631463764
332.9585544042461
332.95829428477
332.9929723328644
333.01786434121
333.0179098949118
333.019701455879
333.08499022432574
333.0895793496672
333.09006377440755
333.09184451787803
333.09197200169575
333.09338856034304
333.0938316785193
333.0948990861751
333.09438107537517
333.14705569690864
333.1472797688587
333.1475956218968
333.165126008626
333.16596576538063
333.16631752704257
333.1686654836191
333.16870399340075
333.1742125120085
333.1757456233845
333.1757456233845
333.1842105566224
333.1839038549015
333.19288122907733
333.19329499538117
333.19689615508804
333.1975176708326
333.19896417912713
333.204665290068
333.25166292556696
333.2571319359347
333.2576808129633
333.26267293190267
333.26269911842707
333.2643876442623
333.2666171338649
333.269042196574
333.2686526159561
333.2688597065956
333.273801658967
333.2812629992937
333.3184318197445
333.3187770610189
333.3192003635241
333.3263926036269
333.3380182675482
333.3637075298178
333.40665174528186
333.4061927008197
333.41443288894186
333.41825478912324
333.41803392803104
333.42071468383244
333.42282454692906
333.4320840071894
333.4354668106826
333.43931391156764
333.44470312216055
333.44480871459996
333.4441913098065
333.4499553423225
333.4534796610324
333.45507228082096
333.4553832095066
333.45833877837134
333.4587163581067
333.4594196036934
333.4618003759349
333.4618003759349
333.46392226010335
333.4641160369637
333.4637155398873
333.4909019442736
333.49165362879324
333.51647982647654
333.51659138662563
333.52359295406967
333.569289210342
333.5705461726969
333.5709003654868
333.5742736973112
333.5739272763686
333.57415836876544
333.57854904067017
333.58067878343275
