with mode=3, handoff cost coefficient = 1.0
295.8421879001574
295.8421879001574
296.0103468813744
296.35888185422533
296.7499113020664
297.01251287831894
297.0192556757171
298.12160491709693
299.04477105312907
299.0553758122921
299.0334509921673
299.13510143936634
299.4192547274067
299.92825567105297
300.2762200522636
300.2826857384059
300.2824006623583
300.3859801321049
300.64527754781
300.6354808959468
300.64520284311266
300.9174587029605
301.06938593583516
301.1130924897783
301.11548341217656
301.12505608608535
301.13083128094047
301.19589636315095
301.20980743812515
301.45082659890784
301.4577613166405
301.4423349529169
301.54868372968815
301.64723832796767
301.64613730060216
301.64155983086107
301.7040175986691
301.74400568624503
301.86970668922925
303.0569415134245
303.4296646352325
303.45459703546146
303.40219390649804
303.4331763065172
303.6028513386773
303.5910788488027
303.84513204987934
305.5352895450635
305.56286534519666
305.56231430426624
305.5590185906733
305.5596524384765
305.5596524384765
305.5704480273404
305.6782441508782
305.9957030494021
305.9571901215837
305.99104666513983
306.03266119403327
306.020077206716
306.02697653415964
306.0858070717584
306.08379465897826
306.0832168543085
306.7865706044455
307.3607200386017
307.33191546109333
307.3342315311944
307.35403035364504
308.7834422353625
308.9150896186742
308.90094941239147
309.3942695208219
309.61064724415974
309.67486411952837
310.90463680837456
312.27490097866155
313.3695637017372
313.3798534290505
313.69925917699663
313.80051505316635
313.7980406638581
314.72351524888313
314.70819345980647
314.7372745924509
315.05239890515946
315.1300320568287
315.10908715059156
315.24271282681667
315.311707470874
316.153195518243
318.0053117005
318.0839856154622
319.0165641986194
320.06364264389686
320.21144778149795
320.3804373857928
320.37879601695784
320.3672234339695
320.4537582461576
320.58090187773445
320.56783346333896
321.56159397538494
324.03995741654705
324.06367098579597
324.08810680551863
325.2613273909528
325.3907948350004
326.11267020660523
326.1627624579562
328.9310629757939
328.92901325763944
328.9913895829598
330.58770494358333
330.56198355286364
330.5501366937905
330.5504212722559
330.5780804695764
330.7133620915629
331.0074205874988
331.0034745840789
331.0916320651795
331.2745423711065
332.07895781921815
332.85564072272035
332.84149727880896
332.86631538794353
332.9311335359093
332.91691633174486
332.98571648593224
333.0000596352309
333.4781667629694
333.463331676327
333.6487756444591
333.7171868355042
333.7864197379047
334.0079675413165
334.071449695732
334.2713128434143
334.7575943091639
334.9798742892167
335.06009268637035
335.04934831607056
335.0525904216487
335.08279944788444
335.18984808300775
335.21431915675913
335.2147248587225
335.223208578761
335.2087511318422
335.2087511318422
335.2825465562666
335.4226128041109
335.47325149194006
335.47190555167964
335.9306433745262
335.95483688216257
336.1584799256051
336.172365678099
336.16849359067686
336.20159533256924
336.21489763869147
336.54845776839085
336.6569171168832
337.0034359184756
336.99404480500925
336.9933303169235
337.012491821472
337.3335900288074
337.36048181421086
337.40433067318855
337.40404248773126
337.4563339005162
337.4359287801826
337.4313806926058
337.4433488312316
337.45313334592475
337.45313334592475
337.4431375595542
337.4538217353113
337.4538217353113
337.4538217353113
337.4875527714383
337.5093803423908
338.0230221636385
338.02748239087305
338.7050571566246
338.7157699988272
338.7420680680485
338.6999845947986
338.7222267495709
338.7380073967223
338.74781067509855
338.7677521044034
338.77806214548957
338.790280870486
338.80781827569496
338.80101775745715
338.78974512819514
338.79334259475246
338.8093798684465
338.87427590864024
338.8949660222869
338.8994715250845
339.30384055254876
339.30412949155897
339.34822860053265
339.31681832351825
339.49564106677656
339.5009454387362
339.53862028346975
339.5498071457441
339.5703838520459
339.60066254893553
339.626767509417
339.6073505622771
339.83063505613484
339.86508287236734
339.8790922428695
339.85929300283084
339.840110587844
339.86394385448335
339.86394385448335
340.2904763141359
340.4376668806653
340.73940103228784
340.7533749830256
340.7528178909583
340.7887101555089
340.7623533773502
340.7736582610546
340.77318233928884
340.77318233928884
340.786246612721
341.1768110837112
341.129226915549
341.1135979196631
341.1140601190058
341.19131230508117
341.2141471667534
341.1952878171736
341.1963612691418
341.1963612691418
341.1963612691418
341.1963612691418
341.1963612691418
341.2413271780107
341.24084850992097
341.28344076274334
341.33039366195
341.3300087424449
341.35310562033544
341.42923440768436
341.43219768180086
341.4239732780625
341.39314070705393
341.43511371893203
341.44419092025487
341.45522169050525
341.4802982006802
341.49025885955894
341.51729651755556
341.5290070869437
341.67848711380236
341.75521324155363
341.766804750663
341.81819354144704
341.81553666687864
341.8946924238869
341.8956956671381
341.94100569159417
341.9465141097519
341.9545346510326
341.9409767560018
341.9409767560018
341.9544669280719
341.9544669280719
341.98342870011464
341.986235386619
341.9854804095451
341.9947917761805
341.9973030311424
342.03316642898267
342.02255867752683
342.05782083121454
342.053354519203
342.0754218762895
342.07329311312924
342.07329311312924
342.0718550405492
342.0920279743178
342.0981327428506
342.08854969489187
342.1050694202342
342.10855956766176
342.10370057986694
342.10616384876135
342.10616384876135
342.1815183874306
342.1910348279203
342.2104416405895
342.27015699475015
342.27865861186115
342.2710166554243
342.2982434459792
342.30371723032215
342.3221584910109
342.3371978824557
342.36270779519043
342.335755448379
342.3388779614521
342.43590902402025
342.4662049337293
342.47141746107394
342.4784068623372
342.47571521899846
342.4718949721974
342.60597914067154
342.6105772199239
342.62866615029606
342.63012065900216
342.6357724208424
342.6483696110213
342.661994590126
342.79641614336265
342.83668951770176
342.8640902149794
342.87685349959554
342.9441790346102
342.93591977001427
342.9586163262211
342.95406829184117
342.9754476745742
342.96872450991054
342.97781902119283
342.9670247887778
342.9670247887778
342.9753291074771
342.9753291074771
342.97549145123156
342.98786219550186
343.11501336075753
343.24870588476006
343.2510839366934
343.2449184127764
343.25849343999886
343.25849343999886
343.2585624933024
343.25146382191576
343.38047228417486
343.385822283269
343.38684246449606
343.4037280461441
343.4423577237165
343.44303727368856
343.4381866792599
343.45031713853854
343.4753264603772
343.47088680846434
343.4727658873665
343.4736767015402
343.4736767015402
343.7246695173996
343.72396735310195
343.7226917375177
343.71628927937047
343.7207477607996
343.7207477607996
343.74368949242296
343.7696144616607
343.7807316423926
343.7865810778903
343.79399755520194
343.78884793051475
343.7907362549682
343.79925547239037
343.79925547239037
343.79960432409524
343.7976009092308
343.7976009092308
343.7976009092308
343.7976009092308
343.8189336047832
343.81754680293966
343.8347499419606
343.8270092553022
343.8255975049786
343.8334189534327
343.8334189534327
343.8387405858293
343.8481068653996
343.8504675845935
343.84308253414105
343.8451543423037
343.8878252926812
343.89011632223816
343.8971253060723
343.8954880005002
343.9031697523461
343.9108329053726
343.92490754398335
343.91324739130044
343.9221265964911
343.93424236281834
343.93424236281834
343.9271756811319
343.9271756811319
343.933590301345
343.933590301345
343.9408708461745
343.93960497822167
343.9615570282988
343.96598250250156
343.9648005206563
343.9648005206563
343.9648005206563
343.9648005206563
343.9648005206563
343.9648005206563
343.9648005206563
344.1700474243578
344.1708178793577
344.19209437319915
344.3056973721923
344.3037586725279
344.31285108927574
344.31180730362524
344.3224703490615
344.3223186410074
344.40314352752154
344.40908726522434
344.4090147042488
344.41537626282843
344.41661375168206
344.41661375168206
344.4200794601029
344.42265075872734
344.4285865526009
344.43835680396717
344.5420972514312
344.5437317156102
344.5417408679758
344.5413705209903
344.5413705209903
344.5413705209903
344.5413705209903
344.5413705209903
344.5458586579241
344.5458586579241
344.5482280784921
344.5477743803748
344.5520603052762
344.55193682918355
344.55193682918355
344.5571716023675
344.55943772353896
344.5580893675884
344.5576872640736
344.5668584502914
344.56780884559873
344.56644416223185
344.5655094618657
344.5655094618657
344.5655094618657
344.5655094618657
344.5655094618657
344.5655094618657
344.5655094618657
344.59054686487104
344.5900759550808
344.58727237311734
344.5912633268009
344.6186240905263
344.6190381529443
344.61978029309876
344.7203894024426
344.723357710982
344.7266692026418
344.7199863644156
344.7199863644156
344.7199863644156
344.7199863644156
344.7199863644156
344.7199863644156
344.7199863644156
344.7199863644156
344.7199863644156
344.7199863644156
344.7199863644156
344.7199863644156
344.7199863644156
344.7199863644156
344.7199863644156
344.7861196509722
344.7864134007463
344.89417789735825
344.8944027163147
344.9020828848645
344.9090916504475
344.94854076784156
344.9546806003392
344.95484732864145
344.94728832498794
344.9519930502488
344.96797974426835
344.969948408132
344.9835222234324
344.98112820864003
344.98393996430536
344.98591593823767
344.98745368280163
344.9859076409008
344.9859076409008
344.9859076409008
344.9859076409008
345.0189345592573
345.02268222987897
345.0300003296696
345.0379763107339
345.04224339867824
345.0453843596238
345.04960659081735
345.05012604867284
345.05602406560763
345.0642170797178
345.0654199044131
345.06528380538015
345.06528380538015
345.0758258246004
345.08274696925184
345.0815365529305
345.09888339388294
345.0937755245832
345.0909498038784
345.0900275298982
345.0900275298982
345.09740732884393
345.10252732065373
345.10152617986876
345.10152617986876
345.10152617986876
345.1093989295209
345.1100829276669
345.1040142959812
345.1040142959812
345.1040142959812
345.1099518049044
345.11108001482273
345.1102667754503
345.1155263362092
345.1155263362092
345.1155263362092
345.11529969742435
345.1223355981823
345.1247744688044
345.1246544964008
345.1260417367582
345.1260417367582
345.1260417367582
345.1260417367582
345.1260417367582
345.1260417367582
345.1260417367582
345.13144363254105
345.1463298537018
345.1497419096165
345.1530791796167
345.1591600981318
345.158608908455
345.158608908455
345.1629153899527
345.1629153899527
345.162748563989
345.1647541141821
345.1700937505901
345.1673082572828
345.1662707830236
345.1662707830236
345.29219888976763
345.2939021587756
345.2900142845606
345.2854009888248
345.31022151524485
345.35176832061285
345.38167792104406
345.38601816159843
345.37132756853754
345.39449514483925
345.3875180489185
345.3949082868795
345.4043419368703
345.4083929589574
345.40334811399214
345.40684911361427
345.409718666819
345.409718666819
345.4092643122948
345.4092643122948
345.4092643122948
345.4092643122948
345.4092643122948
345.4118578423996
345.4118578423996
345.4118578423996
345.4118578423996
345.4118578423996
345.4118578423996
