with mode=1, handoff cost coefficient = 1.0
295.8421879001574
296.2039507651208
296.44893578124214
296.6543391223452
296.7192694291509
296.95477486063277
297.04389183351617
297.16371999956425
297.41891241259276
297.64429246097063
297.8301670012636
297.9474885099331
298.1194144484344
298.371058405136
298.4383475241565
298.64293602232317
298.9718875379712
299.1176920039293
299.47907133353397
299.58837564046195
299.83704636092284
300.1483819093903
300.3653022508487
300.41097582454324
300.50730041092993
300.6877804888174
300.88891203852216
301.09004424760025
301.273265359719
301.48984958768426
301.66015892727694
301.84102402285157
302.25730246574983
302.3437617715881
302.4237216922082
302.5288766023213
302.7114368122701
302.91756284916863
303.1097571415177
303.2768101752723
303.5047174799609
303.72745087626424
303.76209960188845
303.9311459176024
304.06837375647694
304.2248619576319
304.52530506977257
304.81974315804143
305.03137760015557
305.1720061014815
305.272394761826
305.548157898799
305.606219551452
305.6978950798166
306.0514584832313
306.297688415725
306.4420738015154
306.5310586978179
306.6515590959497
306.79936840916366
306.9321104017034
307.17501251331703
307.3248597265423
307.56992068265544
307.70705605672964
307.83875360282366
307.9086507799575
308.104575181681
308.26208243225005
308.5725890176596
308.6846698753326
308.73207109212524
308.92402322476005
309.2045794293017
309.52223830394087
309.75655224184885
309.88736881102585
309.9193404860706
310.0048468481839
310.2684483083836
310.4169420350743
310.50959205419144
310.7235202653552
311.11577181236106
311.3354662198601
311.4179146409007
311.7193716588104
311.9717535670868
312.36025879796085
312.79530187515303
312.9045701905293
312.9717825170886
313.05308688749693
313.1044318665271
313.149840500408
313.42184111383835
313.455419864063
313.6931330792446
313.85513678962695
314.0263345953115
314.142617456257
314.2757750071919
314.4695734394219
314.69231122560905
314.7825137472614
314.8771420036678
315.1892132403845
315.4603658526576
315.55529277766885
315.7120543918993
315.83681355756045
315.96193820309344
316.03570683588663
316.1429862850966
316.2486877420368
316.2590208465675
316.41833838257253
316.44495542160496
316.4867121179787
316.66137761066074
316.69917495429013
317.01502188464264
317.095598429866
317.32942906311854
317.55793481174885
317.7228089860154
318.2289876823226
318.53334055013227
318.5908349023961
318.8631289260264
319.009980836017
319.0610823809469
319.2396251130697
319.4416498071898
319.47155114857014
319.5336826053837
319.61318420242475
319.79704108680517
319.9043215412377
320.1399288978779
320.4071384725397
320.6361832954113
320.7609863495065
320.8100485958511
320.9656637102162
321.03458587251885
321.23826215922895
321.425086255987
321.62412981701334
321.65712063692547
321.66233462665855
321.81114441655774
321.8721934083816
321.8868112860465
321.939042428617
321.98076667823096
322.1523553849089
322.17249793105225
322.27215770281697
322.3573884620448
322.43033731901204
322.44579922085836
322.48119167416667
322.6604288281319
322.7802668188893
322.77933386589484
322.91851506387735
323.0412758371432
323.2085050721445
323.219967921242
323.3650238964318
323.4847818746426
323.52988256446923
323.72835019282934
323.82046004675806
324.18277286423523
324.2589077148254
324.2778697079712
324.28149949114095
324.30653420594734
324.428390168455
324.48572142616035
324.5569666668317
324.64064430806593
324.8477985844114
324.90605862586455
324.97279536260487
325.03871056681356
325.0843917185977
325.09382817765925
325.295211925938
325.40281818287144
325.4207384621691
325.5512103761093
325.728510709335
325.8443983396811
325.93014159278107
325.9821515413286
326.1971952025619
326.24027114310934
326.39901977893555
326.4574994468364
326.4791176097969
326.64050884942253
326.6976720638625
326.7532206872104
326.86850585972144
326.8960922655029
327.15590197084435
327.1854736957912
327.19188011296217
327.2031464915586
327.2617257670056
327.3220805043833
327.5018740780299
327.71477760530183
327.79695324694075
327.85399879450756
328.0017128368965
328.04467448198386
328.11116283075023
328.1132827868168
328.13361145640766
328.1951821544665
328.2459854624238
328.2493521776062
328.31129720974593
328.3474273447832
328.6247662160463
328.7301495837486
328.7785917027515
328.80283931594096
328.8669851892227
328.9603962668468
329.0685340726824
329.0787555429891
329.32115553314344
329.33675878451373
329.48982250905374
329.57300893774504
329.66898864558186
329.80725589758197
329.92811179556367
329.9319520189427
330.0387105121168
330.11617347232664
330.1228447617301
330.14989713799696
330.23911298116843
330.3487831313412
330.4549146420483
330.47036211471703
330.4683150723214
330.5471979555956
330.6225485441972
330.8210506663863
330.84869722443375
330.9865636274538
330.98587980020596
331.01837253621585
331.11342938647823
331.23576707462155
331.47027721965867
331.50916221553246
331.58007373832186
331.5800046241595
331.61244876911627
331.6172173230781
331.7051792214649
331.8299426109563
331.9177224961567
331.945560008117
332.1164177912465
332.1164376417721
332.21490982708406
332.21647901470703
332.2182964025573
332.2202845451732
332.4701148926615
332.47431945856556
332.545898587294
332.56649894781697
332.58579086128003
332.6261215121215
332.7098376775894
332.7104662180841
332.7123130618675
332.7154429474533
332.7112040269891
332.7892976609288
332.79303238698446
332.83818031517364
332.83987284765647
332.93502714708717
332.9738563715486
332.9753632650642
333.0186936295664
333.0377895237924
333.19458738555574
333.26633480379866
333.4332386938066
333.47806870896244
333.5803740648165
333.6668644529301
333.7275375910271
333.74384300956535
333.9865294750988
334.02428303900854
334.0542510450038
334.1064651702594
334.1561072048721
334.2613364378524
334.25900174663036
334.3507576393974
334.38184655731607
334.5413210748958
334.63786827455584
334.7175088125875
334.7613858848184
334.8064178708769
334.9575659170331
334.9752323233596
334.98177503730255
335.0551299891042
335.0601565720001
335.11664037151024
335.12836561414184
335.1573252005817
335.1616855886519
335.39429219364655
335.40885163067514
335.45699459742025
335.46177630674566
335.48637087921423
335.5025272155164
335.5629902993996
335.6471182591354
335.77802151301825
335.85426419512316
335.9267215757125
335.9510989726625
335.9596245730825
335.9980233464159
336.00793425563234
335.99740989394047
336.0822335810649
336.1296999665771
336.1506715222005
336.154629534075
336.1954478639647
336.24092006191336
336.29817133247326
336.3018610450486
336.4037184587569
336.44058441620405
336.4441602494181
336.4931608836062
336.6147787372917
336.6582182949031
336.6640828598356
336.81064231996163
336.8704586120002
336.942849146045
336.95161241739413
337.037072946644
337.0604520753433
337.16016346905775
337.21049937444684
337.25671262575474
337.2629295421937
337.29128878282074
337.4981833953291
337.507272412844
337.5289949028044
337.5399481866649
337.5861458125561
337.69398920655374
337.69809246026114
337.7189120115233
337.75775068467743
337.7978249821746
337.8212667987543
337.8381904081032
337.8405756566985
337.83953514325714
337.9054132516458
337.919861039149
338.077253374131
338.08900031688813
338.15748808042935
338.1564832852851
338.1617168632568
338.2093959145117
338.2077339897409
338.22976394437575
338.32691332360855
338.4176394578334
338.4172170588534
338.45603322824013
338.550597528024
338.57115817302116
338.57335581657617
338.7283342251203
338.83127602354756
338.9012972791903
338.9679427283744
339.00127693705406
339.0028256447048
339.03678989334225
339.04204598117195
339.058702661002
339.0720149326762
339.06333658721246
339.1272481550973
339.1396565757841
339.2442458269775
339.266110377666
339.31522404572456
339.42250640980825
339.4366163253062
339.43823666310675
339.5285042311047
339.6567840441645
339.77379040208837
339.8420044861347
339.8742660315876
339.86780108144717
339.9825047655999
340.01429231620176
340.0193915020469
340.23001990451866
340.24591126664666
340.29315307708237
340.30554684116174
340.3164380528319
340.3229054899918
340.324801572805
340.35284004153624
340.42232530296906
340.43472818986254
340.50194635057363
340.52965445875435
340.574248425153
340.60651137233936
340.61925631686813
340.6812991783042
340.68922016535504
340.6922337264347
340.714176854798
340.7604568988949
340.81386003535437
340.882329769429
340.9294979358228
340.99697866608636
340.9951082442679
341.0195820539863
341.0361627438463
341.03863615832876
341.039677219045
341.1784509803669
341.20263911964537
341.2212447116244
341.30202567204856
341.340545191886
341.3668805039247
341.3784771478232
341.3782927183461
341.4039247008665
341.40940811083493
341.4584801035177
341.48730119796653
341.5142512427403
341.52811907687675
341.5470907698399
341.61963957654007
341.6291265681602
341.6696136080061
341.7640596953861
341.82913283770273
341.9614370600431
341.9611917609942
341.9836300697117
341.9858835071094
341.9861283881124
342.02148190863454
342.04400180617677
342.0475996455021
342.0564789380047
342.06289607929415
342.1155801599772
342.23917482233594
342.25209572851696
342.27542267798253
342.2724135465255
342.32120840952723
342.31767045280844
342.3362900363048
342.345610484593
342.3532537822591
342.3987960469103
342.4539187442568
