with mode=3, handoff cost coefficient = 1.0
232.4441055482701
232.71158527972426
232.8027956761552
232.82339791257493
232.82329510254158
232.82299057511693
233.15937529963622
233.22765078885504
233.28774161136636
233.44475379302673
233.444779058859
233.53576327341722
233.56314659800557
233.56322384446594
233.93358630159713
234.3883010860563
235.30475354402478
235.70259636800677
235.70298556340265
236.07132942327416
236.0712515989331
236.38476238121535
236.45487156741416
236.50015291649493
236.48976489698805
236.68641324716452
236.64640087599844
236.73063695409195
236.81039085696108
237.19730468908557
237.19740022934837
237.2080739866745
237.35946199085032
237.37120252163072
237.63833723340394
237.64533488068014
237.83742957532922
237.83219305998767
238.58912997508094
239.01331815343178
239.30168644404034
239.93877682642568
239.93875747559525
240.2314632227472
240.2310998225895
241.18131981989166
241.2019020389958
241.18097795222897
241.45662631174304
241.52039823692562
241.52057093548865
241.78745783094917
241.78728717535583
241.78650667566023
241.7891768126445
241.9081948220778
241.9134030453426
241.9156853197557
241.9154986719974
241.91599869599378
241.91616354171111
241.91616354171111
241.91616354171111
241.91616354171111
242.99406427966738
243.32660283138318
244.16502327611096
247.10680687585315
247.9417595257077
248.87953023906053
249.23915545695925
249.86365933491166
251.92146616703158
252.32619698191883
253.08066503973768
253.3279525675255
253.93977611477314
254.5463515193652
255.9967463290095
256.5754794659017
257.40007152020894
257.7530689716454
258.0547074811714
258.1202042828577
258.17082245885905
258.1243223099926
258.18407855896373
258.41390343567366
259.0092591527805
259.426171739214
261.06028653944514
261.139534253307
261.3195260120496
261.46587513844304
261.63868761913517
261.83320168505406
261.93551054207467
261.9507462928711
262.03297739001147
262.0328586864865
262.41339976813856
262.7766070160325
262.77719678300906
263.1396130680151
263.33370766164336
263.38129312842744
263.4128207305006
263.4384908055699
263.5553877147938
263.64322466872216
263.64751004524186
263.6250661866789
263.58285724065763
263.6239621641637
263.67187957443
263.6720848320527
263.89058226065094
263.91457701441374
263.9555890494638
264.0277009599554
264.08186576299664
264.08211328592694
264.0974574705914
264.0962163270339
264.0872691324696
264.1794863378513
264.18335683027857
264.18795733127934
264.1930761087131
264.19328164402805
264.39923140183544
264.4101651024023
264.4102536265568
264.41025582970957
264.6901436510374
264.75302947059447
264.8104080563502
264.83538560382743
264.84138481581186
264.85441119873576
264.8682092935975
264.899622204832
264.9349873585475
264.9488198460424
265.03979983702914
265.74590383188104
265.76975659965177
265.7686928258223
265.7616847316641
265.9877864603057
266.56007773599396
266.8711058050421
266.8737914595533
266.8833672970298
266.88287283678676
266.95294953600455
266.9487360989355
266.95679275347766
266.9593594097449
267.01182330166114
267.05936211148247
267.05577823283716
267.0530669996883
267.06078333851934
267.1010262474848
267.12128216764376
267.12445926518296
267.12265318008457
267.1572369411362
267.2382570604696
267.2656702452078
267.31674209519696
267.3170311007896
267.31477549554984
267.3267181711024
267.3350486092077
267.33146081481243
267.3409558794924
267.5084733000396
267.55643082721963
267.5579190433179
267.58607729656484
267.5852359877476
267.5880866909533
267.5981605828377
267.63384739822015
267.6501138273757
267.6443322707751
267.63056611318586
267.63645193861765
267.63645193861765
267.63645193861765
267.64317100938433
267.6661179986677
267.66337826405385
267.68251900557215
267.71484441318563
267.7216618847752
267.7243149452136
267.72552973857
267.72552973857
267.7328912968193
267.7328912968193
268.0412773869173
268.02250854162804
268.0396113647675
268.0515959160646
268.04486717393905
268.04612052104676
268.0522347175399
268.068560105258
268.07126414241975
268.07318386600497
268.08321988218034
268.12112669020195
268.1529637490234
268.15008548470786
268.1583076795515
268.15958006518485
268.16470291406614
268.1647376788878
268.1647376788878
268.1636062877658
268.1636062877658
268.1714990260163
268.17064869442453
268.17064859787513
268.5136927182351
268.5190853050241
268.51998803061105
268.52127999664697
268.5246484951054
268.5245141727343
268.5238408477461
268.53353594356423
268.53398293748785
268.5376260720689
268.5375916184624
268.5469540938042
268.54264782870155
268.5427522495409
268.5627728872937
268.56409584183484
268.5690232808201
268.71698279924016
268.7145324351705
268.72405980517385
268.7242896157596
268.72421348680496
268.7266757055735
268.7266757055735
268.7335730188211
268.73679202599504
268.73381011384055
268.7316503570752
268.73677001026465
268.73677001026465
268.73677001026465
268.74123504827094
268.74123504827094
268.74639899504825
268.74826527611236
268.74826527611236
268.7478443774971
268.7478443774971
268.7478443774971
268.7478443774971
268.7478443774971
268.7478443774971
268.7478443774971
268.7478443774971
268.7478443774971
268.7478443774971
268.75071163800874
268.8429354761726
268.84551737906423
268.84633497174616
268.8445402674394
268.8544426630662
268.8518468913644
268.8510339646855
268.8523283664443
268.8523283664443
268.8590732550539
268.8640669372174
268.8648728627763
268.87026845944837
268.87026845944837
268.8753177795538
268.8753177795538
268.91568418137115
268.9298177917358
268.92549732872925
268.9156914972562
268.9298334798662
268.9298334798662
268.92970544436724
268.9355915177975
268.93567567257463
268.93771694450874
268.93951817633075
268.94261249001846
268.9444148824986
268.95769559494124
268.9577002877478
268.975765073746
269.0112682474171
269.0113279349762
269.0076286446015
269.005402851186
269.0110016701951
269.0110016701951
269.0181537249861
269.02777632500596
269.0279156667524
269.02796514792465
269.02825223031084
269.02825223031084
269.0428975957902
269.05176202759276
269.0483520931607
269.048287823361
269.04824129402317
269.04824129402317
269.04824129402317
269.0744897030151
269.0708532448668
269.0743113517226
269.0741074307886
269.0741074307886
269.07415292144043
269.07415292144043
269.08216317157587
269.08216317157587
269.08349518330556
269.0835497488773
269.0860861825551
269.0860861825551
269.08664446580104
269.15285268356524
269.1514433651691
269.17465032439804
269.16536636946023
269.16366314418434
269.1636273156368
269.17566723328235
269.1760566661315
269.18127753168704
269.1899998809778
269.1931265530191
269.1941346211751
269.1968999611516
269.21126885294586
269.21117710947084
269.2090595779016
269.2101449678456
269.25307734984403
269.2538184952231
269.2537480129144
269.25467990761337
269.25467990761337
269.25467990761337
269.2568043041735
269.2607728594019
269.27438677859277
269.301159288605
269.30718648294294
269.40752772119873
269.4093858132373
269.4975971496978
269.4981937178411
269.49823904065715
269.4982368564054
269.4982368564054
269.50454467283225
269.50447404791896
269.50449080995725
269.5121390984178
269.5112996834315
269.51909983143815
269.51971058350466
269.5191776319983
269.5143438068236
269.5143438068236
269.5143438068236
269.5143438068236
269.5143438068236
269.5143438068236
269.5143438068236
269.5143438068236
269.51982980248647
269.51982980248647
269.51982980248647
269.51982980248647
269.51982980248647
269.51982980248647
269.51982980248647
269.52529281918964
269.52386551149766
269.52380035254197
269.5231696589136
269.5231696589136
269.5231696589136
269.5231696589136
269.5231696589136
269.52637751146324
269.52805823592365
269.5280833618971
269.5280833618971
269.5280833618971
269.55353252552004
269.55415614895537
269.55541308021213
269.55865091605295
269.55854630000005
269.55785817608415
269.55785817608415
269.5632067429651
269.56398028722134
269.57089716619254
269.571092304941
269.5722856469989
269.57345825849063
269.57546698151464
269.5779496314225
269.5842265219747
269.58127948569364
269.5813557641992
269.5819882451127
269.5819882451127
269.65170365544753
269.6510772092662
269.65149475087975
269.65299809893895
269.65299809893895
269.65299809893895
269.65299809893895
269.65299809893895
269.6588395583602
269.6597901312237
269.6634240268965
269.6631695047197
269.6746387394
269.6806034803892
269.68071743652945
269.6827612034957
269.68344414781603
269.68344414781603
269.6838564956862
269.8778913552204
269.9106551308132
269.9124361171934
269.9128403315705
269.9208188393406
269.9216292350606
269.92141367202845
269.9320380264722
269.9320380264722
269.93186672742456
269.927954508893
269.9335026018032
269.9466745446962
269.9486484210325
269.94659204290286
269.95216178548594
269.95291026933717
269.95291026933717
269.9496948563476
269.9496948563476
269.9496948563476
269.9496948563476
269.9496948563476
269.9496948563476
269.9496948563476
269.9496948563476
269.9496948563476
269.9496948563476
269.9496948563476
269.9496948563476
269.9496948563476
269.95294134519105
269.95294134519105
269.95294134519105
269.9588113290352
269.95995322669853
269.9598963893669
270.03532434106637
270.03547970172747
270.0422640241602
270.04312697352856
270.0429019334335
270.04500456809
270.0472790897639
270.050640105964
270.057541207669
270.0575661383423
270.05754124226604
270.05746894043136
270.05746894043136
270.05746894043136
270.05746894043136
270.05746894043136
270.05746894043136
270.05746894043136
270.06327568123453
270.0657046124449
270.06669224658475
270.0669777338519
270.07327776351514
270.07745579633615
270.0781019684147
270.0800002664671
270.0793145126492
270.0793145126492
270.0793145126492
270.0793145126492
270.0793145126492
270.0793145126492
270.0793145126492
270.0793145126492
270.07745579633615
