with mode=1, handoff cost coefficient = 1.0
232.4441055482701
232.6206187494206
232.77982756240004
232.7853767568435
233.05565781199934
233.31902583282377
233.43632615599554
233.533613604196
233.65611148135304
233.81157762883112
234.0321754698722
234.21170617490097
234.50132360396967
234.7025585332426
234.94051430980102
235.22845426980896
235.45143993851747
235.60705833593948
235.71970222316517
235.81070552550253
235.9267227811553
236.21949766350573
236.2798905507543
236.42178606286038
236.50096341423716
236.55490989393854
236.71732491775745
236.77319897954484
236.89805581927777
237.10692099587484
237.326070028007
237.45556887306137
237.63556226987137
237.6822643806316
237.89634305500502
238.00498611686933
238.14049993467495
238.38174105269306
238.67648806056195
238.8581471838136
239.05058947600213
239.3284945128235
239.44949031863337
239.48729390933718
239.63916046659344
239.71149357925796
239.85909639368103
239.98558173018108
240.07908800701932
240.17549898758426
240.22815828144428
240.3355341376716
240.39760529465724
240.49269774237274
240.61781637461021
240.8073394496539
241.18510489991817
241.24057076607113
241.3216780572448
241.56680893417337
241.8431708387598
242.19587969529292
242.3665273906621
242.4314315522139
242.86868720905164
243.16992086724403
243.23707859147345
243.3987783396586
243.6369918035268
243.73934134566713
243.80846436191644
243.9950356883594
244.13199753507473
244.23602078855131
244.34175426165262
244.42529428634094
244.65450557569548
244.89533487338988
244.9726587694329
245.2208172604409
245.41737078627642
245.53955210938128
245.69435343351037
245.78603437669852
245.9079353980381
245.99193725471002
246.15484975651066
246.31785105298133
246.42731522015555
246.5175559029518
246.6283658947985
246.84967826402539
247.02252531594934
247.17924830541168
247.25705535187907
247.31140435241576
247.5293098679442
247.58153565558877
247.79888591690496
247.87009373022624
247.90580987254796
248.04043507646122
248.18096265013864
248.3095784636622
248.39287465291335
248.4456477765347
248.58719658107225
248.7099569768451
248.87009674251226
249.05158581929902
249.191909069078
249.51956058157975
249.67733685917133
249.82893222324353
249.99318041714503
250.02771175798526
250.10431653183102
250.19011662040245
250.22081540481983
250.29924472837558
250.4309569461282
250.5079493504306
250.71373594807008
250.82478990093728
250.9690309779697
251.07821815020355
251.218385142475
251.31754470110377
251.4355978295329
251.6594939231188
251.7254778793447
251.75497452190132
251.87372925922574
251.92743776753014
252.0249649344396
252.13780831825187
252.2285532189658
252.32059741268685
252.400543990485
252.570075899274
252.76731065528742
252.78346029082385
252.84713642890043
252.9236059348318
252.96530357348047
253.08495880439744
253.2350965263496
253.26402757948125
253.33896234181
253.36322920591516
253.40347915325341
253.4246392386987
253.49796686354367
253.54834600255063
253.64187520629318
253.8121173344591
253.92423889665258
254.0862817232741
254.2244413384454
254.2778979951472
254.3480144633466
254.34269043641007
254.5521852858412
254.70156098930855
254.78330135646496
254.8567279431404
254.92861007502987
255.03647616707363
255.1526299972768
255.3135968507811
255.38627305377648
255.38953551482925
255.49093138265633
255.6494186591565
255.73922311445645
255.8274837701919
255.91253044804313
255.98698967591238
256.0885179600035
256.12829404460433
256.1763733451211
256.2297839230775
256.32739855150453
256.4655899975791
256.5337883131999
256.6557560998343
256.8870065084101
256.93494585590196
256.9759385375215
257.07590338201146
257.1290679350745
257.16265524089476
257.20303604035956
257.301962594403
257.3701891823314
257.3803682395548
257.41675144860176
257.49519174940514
257.5262434873097
257.5916815691143
257.61072749532104
257.6534249267122
257.70700596805045
257.8763936630687
257.90004968057633
257.89619529388534
257.9477531254443
258.1165555519576
258.32490579173157
258.47415967648664
258.5983126763796
258.6135939972308
258.7101002509342
258.7121563002297
258.77814446957956
258.8741206443507
258.93480425951356
259.05259604359634
259.0808367082432
259.27108000623093
259.30784055444013
259.4541889064419
259.56946995358123
259.7847102646655
259.80281554867116
259.9702631495653
260.04243612688197
260.0500332571671
260.1138034867577
260.1278251683547
260.15113041874434
260.2201743043828
260.29084463671046
260.3170506847056
260.36356558330095
260.44787905617596
260.5566905560267
260.61477852694884
260.66045148059374
260.66108688794606
260.79569005260953
260.8746532233914
260.8823532643863
260.88236981926815
261.0317368146358
261.0815189180509
261.17323028309386
261.2753157830047
261.3418908833983
261.3430959125689
261.3681630315096
261.3823014114091
261.43055303148213
261.42851365623426
261.4554519651306
261.46698365274597
261.48848610259046
261.57854288827957
261.5689475764043
261.67163370957115
261.72464657787054
261.7712954292594
261.76894133434826
261.84543811588037
261.8799230837041
261.9892561669565
262.0324189547897
262.0577424982654
262.1128195287218
262.20496120337214
262.2186666556343
262.25970899774467
262.3166230858008
262.2941235542736
262.3385798153463
262.34523022690047
262.34639662794535
262.40419945629935
262.5491653369425
262.61749657776534
262.6293659106926
262.79884203005184
262.8595038478239
262.9075716178792
262.9628305981775
263.0088195627418
263.0392858313072
263.09787192108286
263.13644112073695
263.2023017951667
263.1962237535532
263.2340614703959
263.3417246906393
263.36228815712127
263.3896222675624
263.444258836747
263.52165117007166
263.53313509287597
263.5562289662299
263.7352267294386
263.75448945364184
263.84719429442663
263.8739524202145
263.90000935597186
263.9907034127
264.00222658929994
264.0876804593857
264.1123971328053
264.1214501177172
264.25695476796795
264.3262266633702
264.3289674994456
264.39146775009283
264.42266652963656
264.46323054966973
264.5111308855513
264.5203896760345
264.5181549892558
264.5452129038076
264.66159664301057
264.70544843008764
264.72720146594406
264.73588959322166
264.7737008599502
264.8194795581076
264.8221496296881
264.8684473280328
264.9135890374451
264.9204602909093
264.9630503437464
265.00431286946525
265.0497546106033
265.1558888365019
265.1617804502506
265.17097182486566
265.23535681694995
265.26036839560595
265.28445449773056
265.2977561267081
265.32558858102914
265.35218002204533
265.393473849853
265.4528514250305
265.49803145413733
265.5520932556294
265.5668941584549
265.63594313832414
265.63272005976705
265.6757596056176
265.6858600845967
265.7278749329826
265.733931551135
265.73012237030804
265.74707738559556
265.77667013907256
265.8155802610221
265.83549196608783
265.8544724662273
265.8901855441405
265.90506661579616
265.9524132761154
265.9555816095005
265.9730256791595
266.07654969328587
266.1442090884843
266.1667056097601
266.202910290494
266.2475942774234
266.3176369038947
266.3313773926404
266.37330465210056
266.4778908343707
266.4968783102724
266.49566406529107
266.5286393938746
266.54514053164183
266.6071663368747
266.61829451236446
266.6776118407518
266.7109721557515
266.78088316359907
266.8475268692762
266.964544517139
267.00189405564333
267.0630981979939
267.1031552206128
267.1755357607435
267.1779178305088
267.1886336676142
267.239308142687
267.26675324710584
267.33026187338663
267.3602904723163
267.36530089957284
267.4982197912005
267.50239865561275
267.4998643488602
267.51414027523094
267.57217467419423
267.5768362304268
267.6007550905931
267.62996271052674
267.65483707789247
267.67543390336846
267.7276119747003
267.80658003969455
267.81281900584816
267.8895800296238
267.96673439249366
268.00924363423064
268.0489498924336
268.09239471323014
268.08658068433607
268.0989570329087
268.0950037431702
268.2325016692202
268.265465822148
268.26949159815547
268.3055412995931
268.3079812829223
268.3153757117968
268.3165488749035
268.320353071994
268.3391192906721
268.3737340282331
268.4041580540107
268.49890652917213
268.5506850500313
268.5499878354959
268.63345895645904
268.63836548189477
268.6895069705238
268.6883930824159
268.73651006506833
268.7315722761282
268.74750300064755
268.83162167228085
268.82077807812635
268.85402208231227
269.0283810551965
269.02788055757503
269.0426143751684
269.0764688177972
269.0938422335843
269.1286679337096
269.13530508991283
269.1705217663294
269.1718483486704
269.1836495511857
269.18383513487663
269.215403340591
269.2314833209786
269.2505937878307
269.27623694585134
269.31605843306625
269.3697557005438
269.42431538912837
269.4421417227601
269.44808146218384
269.45806064574816
269.46333641212874
269.46587762798595
269.50610358391145
269.5108056474128
269.5371327206564
269.5345694646194
269.5893557806432
269.59176118346164
269.6617496849082
269.66116313502687
269.66383998506757
269.6613996233148
269.665069967416
269.66400221217395
269.6973562805544
269.72583948224786
269.72360648300787
269.74255407716
269.78511430708346
269.78851993518975
269.8500531881016
269.84944994730307
269.9069992012176
269.9087757465616
270.025976386225
270.0315166365105
270.0642243637742
270.11099698782994
270.150288765428
270.1570790979702
270.18523609369385
270.2278426956553
270.2759701817838
270.31221689092143
270.3207077054202
270.3749240125412
270.4147111949548
270.4640814908239
270.4949416391714
270.50647177572506
270.50647177572506
