with mode=0, handoff cost coefficient = 1.0
232.4441055482701
232.42588721174707
232.42585486834906
232.42507058975696
232.8420295714855
232.87206479268468
232.8772590050412
233.01103370111724
233.19481708745226
234.0009490006054
234.33511862796686
235.09897013847586
235.09908060892832
235.19904676109456
235.66983732153273
235.81081787488876
235.83185912810552
235.96093484510382
235.97402454407134
236.10770808045328
236.7839450413285
236.78394803154893
237.43662037809764
237.44838907889095
237.5112326896242
237.85416221143805
237.88884679378617
237.87011568889056
238.00435303252362
238.08132007939037
238.18031272869123
238.16778960210874
238.56927051141665
238.79815087960858
238.8054487197564
238.814681829004
239.0134738463606
239.01335423474058
239.21989536376725
239.50779729933757
239.89790751345276
240.22057150874937
240.21769322981345
240.22182195581505
240.47912802895397
240.49018102458172
240.52642995563113
240.5240934126155
240.52440955225006
240.8323890805915
241.33326297043442
241.43424084896102
241.55534638342786
241.5481495192681
241.5528691425745
241.55286912507145
241.64612583538212
241.64626876157925
241.7464629776243
242.12151321765825
242.33798347829796
242.3962663245229
242.66527449595588
242.72243273107475
243.16387076108174
243.2986898472798
243.309734732953
243.309734732953
243.309734732953
243.65308476329338
243.65617963506227
243.76524849083808
243.81872736982473
243.83244714260056
244.41247630839496
244.3942706736608
244.44100637306224
244.4409570168637
244.58296101396297
244.5869970398515
244.86529389230287
244.98480385434536
245.19367661806385
245.29831853974315
245.4346255708237
245.41648502367667
245.46648041987683
245.6797516203832
245.8763560274639
246.05459888199485
246.12917296774498
246.20028312244213
246.23214525903828
246.9427083809901
247.15142837251156
247.14736737555214
247.20948869270623
247.21469613033284
247.36423486726412
247.36169412489804
247.3816937963459
247.3999635444413
247.3999635444413
247.41069168793229
247.798510514266
247.88075667631287
248.01131339770072
248.16432579331044
248.15634975535295
248.16813073757024
248.45356972208842
248.45356972208842
248.45357714856934
248.58120344494424
248.59680863376659
248.6648603910401
248.65546417114442
248.68765135973123
248.6771366917816
248.69753388978623
248.66894438493125
248.67367124117771
248.77914206545995
248.95265358632702
248.95265358632702
248.9580613786982
249.10619834021568
249.11218532895796
249.25307577667436
249.25307577667436
249.25318802603587
249.30950261109362
249.30951150407634
249.30951150407634
249.78214223374798
249.894077705108
250.19101459207505
250.1909664010797
250.19993414681304
250.2097383973419
250.3199455597498
250.59746426792876
250.59752590511252
251.2443968419013
251.56424294035523
251.56985025505176
251.9181327998172
251.95378943151584
252.01456474396767
252.03407870775285
252.03407870775285
252.03407870775285
252.60510067119074
252.60510067119074
252.64126318465287
252.64446690432058
252.69537894419662
252.68344826431044
253.26517010195508
253.26501442659972
253.26501442659972
253.25350149270432
253.2642913768567
253.54221565449734
253.54225752726506
253.5427644446118
253.93320507295903
253.95886673440884
253.98028080199782
253.98012220743914
253.99638264069108
253.99324943765606
253.98728946454406
253.98152932128306
254.10582884713247
254.12969120141267
254.20643390228034
254.20653182393485
254.21233442815156
254.20797759706846
254.20797759706846
254.21492405642886
254.21492405642886
254.21305340218515
254.5898905474897
254.59656213065895
254.59548554058446
254.60500118094197
254.60500118094197
254.6042377354039
254.60759710669754
254.60812071960015
254.72490146838652
254.7861956623779
254.7861956623779
254.89789932010382
255.4030919555663
255.37686051872424
255.40689057511852
255.418014644262
255.69489517046557
255.70704155989046
255.88931748493584
256.0213683734353
256.02077344056863
256.23995694569516
256.4510046376325
256.47183982016
256.47492850345253
256.56901029982856
256.7043964473619
256.7513344136583
256.8507390443167
256.87391540014653
256.8635536365715
256.9820274504733
256.98806722620327
257.16727436784623
257.17617133469116
257.265098609984
257.265098609984
257.2394243579045
257.2394243579045
257.3001819649956
257.4631190536337
257.6357289554875
257.6357289554875
257.65863839969415
257.6502839365823
258.3300970978295
258.45969737358473
258.45969737358473
258.44516732988984
258.44548446867384
258.47512243254937
259.08462674954626
258.99870813186965
259.00711459310065
259.0181610534212
259.0181610534212
259.08462674954626
259.08440217287006
259.08440217287006
259.249705251411
259.249705251411
259.2489488266434
259.26645199338026
259.2692265557
259.2980312225706
259.3297336110739
259.40661841415766
259.40405853800837
259.4580544975241
259.4580544975241
259.4694734473147
259.4731892439554
259.4731892439554
259.47542205288187
259.4759727680234
259.4759934670767
259.4803056561868
259.5847631688154
259.58792157253794
259.5905726859533
259.5937311093095
259.60159328941955
259.59972983437183
259.6210745839877
259.621137928563
259.6284701477701
259.63375427500654
259.6667437574063
259.6667437574063
259.6667437574063
260.03516076433243
260.0376338727744
260.05550236530473
260.055013284964
260.055013284964
260.0549428970974
260.0558162282837
260.0558162282837
260.05210506832185
260.05327186128983
260.05327807365927
260.1066916701408
260.14737983281736
260.14737983281736
260.1555900410166
260.1656273085842
260.16985107496487
260.16985107496487
260.1793584567056
260.1795429034372
260.1815773365151
260.17518316309145
260.17655283100385
260.1832247616544
260.18918783106596
260.18921718115547
260.7838481530874
260.9711166841074
261.0251158521587
261.02513357703884
261.02513328167595
261.02832242291066
261.02753208972996
261.20614145984575
261.20615100140924
261.20475531386165
261.2230119744794
261.2230119744794
261.23378483129835
261.2564946425656
261.34161195173016
261.34293200056356
261.34293200056356
261.4004861162018
261.4004861162018
261.4004989840907
261.4852914030514
261.4852914030514
261.5014312622125
261.5014312622125
261.5951049282902
261.58538059100897
261.5909973212425
261.59101331375507
261.597757371113
261.59883818723824
261.6003280821997
261.6133417725697
261.6776293293934
261.6933235928568
261.6933235928568
261.8512283054734
261.8512283054734
261.85189319425535
261.8636835497556
261.8768417188569
261.8874480351504
261.9261993200372
261.9289898596699
261.96960539913294
261.98224270007165
261.9800473024992
261.98224270007165
261.98374668752285
261.9866511428096
262.00137497146517
262.3453021852444
262.3448977206223
262.3451470414674
262.4425300906866
262.4434444668962
262.4522282874919
262.467882890657
262.6229922327881
262.6229922327881
262.640668283393
262.640668283393
262.82258685076187
262.8314933188622
262.86858380711533
262.8610798953484
262.9235722071325
263.0770223284094
263.0773536997926
263.08723601078344
263.1028626612592
263.2892707706698
263.2893152312154
263.2953186583808
263.2953186583808
263.2990580057318
263.37444580380406
263.41657658719674
263.41657779342086
263.4165842082627
263.4345346156844
263.43453485140674
263.4452538573701
263.4653694959672
263.4768180220548
263.5379955757338
263.5379955757338
263.54988942275196
263.796999372755
263.82212566168573
263.82212566168573
263.8245475543183
263.8631312404372
263.8631312404372
263.8593617750889
263.8393580139559
263.8405371370799
263.8631312404372
263.98541090751206
263.98789400557206
263.9919014570865
263.9906728416871
263.9918800668621
264.0690310850487
264.06798298216967
264.076094405968
264.0763327741192
264.0763394340021
264.0961591654008
264.0952397134147
264.09583848806295
264.10238480742885
264.10068083281345
264.10363076148224
264.10362673107494
264.1021341964509
264.10642783622416
264.10642783622416
264.10718926006064
264.1071898908283
264.1165229780169
264.11652311567866
264.15510368289955
264.1560160340002
264.2614928360846
264.26180583229814
264.2616116206169
264.26484583490304
264.26484583490304
264.26484583490304
264.26824689596145
264.27880502579694
264.27880502579694
264.2941844166419
264.29387900387593
264.33497990823827
264.452016192648
264.452016192648
264.46580676120976
264.47937671512176
264.4972337233623
264.49627858787215
264.5013244988048
264.50727626785556
264.5213441255493
264.53463191871793
264.53513119678036
264.6475498072896
264.65561614733275
264.6637077633315
264.66454736683204
264.6655388482515
264.6655388482515
264.70681754873704
264.7139590087669
264.7262511175472
264.73197725125084
264.73210318206986
264.73850611244103
264.7385049350608
264.73857692838845
264.8370709271041
264.8560454951784
264.85771321007127
264.8655570845548
264.8659697682748
264.8694724381873
264.8695237536574
264.86747224820823
264.8678205429367
264.86799841412954
264.9589914647634
264.9594831979623
264.9541706748697
264.9695495293319
264.97222550938557
264.97244000405243
264.97252710406946
264.97347999357
264.9763071085993
265.17550002488684
265.18076741072434
265.1816185896815
265.1816211987313
265.2139303979064
265.2167135641922
265.41250074547554
265.43304008523677
265.4333435000671
265.4521203998509
265.4521203998509
265.4772544302992
265.50501544115326
265.5069628208444
265.50678429390916
265.50696868559
265.50985216213826
265.50587342435836
265.4943254942717
265.49613302575403
265.5091315755309
265.50985216213826
