with mode=3, handoff cost coefficient = 1.0
217.94813548475702
219.0147996539048
219.03573138395438
219.3060588476959
219.25101328950342
219.37524686118627
220.34640575995473
220.86038386706736
220.86007344274515
220.86231830474412
220.92439564726783
221.44265004225846
221.44138101490438
221.9925437345472
222.0140386825729
222.19672187572377
222.66636561017174
222.6735816984953
223.25891813680468
223.78501725607768
224.24395496628225
224.24688487500453
224.9205020298933
225.500065117066
225.5445940918407
225.54424299346138
225.90789447577973
225.88599591142258
225.93595296308422
226.05957769399774
226.39097804726111
226.38969614057186
226.5646043639521
226.5837210009737
226.59008096672662
228.33786014945053
228.53794316410475
228.60513785040501
229.15909507104638
229.21309838815134
230.59304960804286
231.33577544386807
231.3512772975692
231.35083341122885
231.78354188509581
231.81216522258453
233.4276943423155
234.12852517834176
235.19723869871495
235.24630755834806
235.74167467375818
235.74307404922752
237.23117983298405
237.2315508702598
237.23192626931677
237.23217702761994
237.2449533088925
237.4780584469896
237.47782129906278
237.53145667449536
237.84768189359767
237.84727210736852
238.1619052726176
238.1617980095875
238.19153764024452
238.3393988913829
238.5706850982527
238.80110982456992
238.8484426084229
238.8846082921972
239.87663921137315
240.07439576373733
240.38798734965883
240.93340881610357
240.98741918228237
241.22592095050717
241.60501346296283
241.71173249078072
241.90103594046732
241.9306616602717
241.8749226279858
242.021344513457
243.2825045885393
243.41393504977074
243.56350290378722
244.0812587403852
244.09494581241455
244.16933810396185
244.1822946943844
244.18237143868106
244.26767777711535
244.69506030940067
244.69494247182928
244.7138201633772
244.7147202405433
244.77072189254343
244.85848217580676
244.87664072656915
245.19202318442595
245.19025748946282
245.46377967406616
245.7645183719474
245.79916687089533
245.8084867109946
245.89880088598105
245.99505834577988
246.04087901660515
246.1408865708421
246.24659371338606
246.2483516801904
246.4078229523787
246.40773759447933
246.4666098879528
246.45338083287396
246.50291898404114
246.53624172147383
246.58351332324017
246.71802319630754
246.71879784693058
246.7289691786057
246.74178043000066
246.8209947243549
247.1850600451652
247.18542731206344
247.20307696630982
247.2206250241261
247.24433229089922
247.28513746183071
247.24969434485277
247.5263301494787
247.51366770169815
247.56818975898048
247.5996630717267
247.6127190463285
247.61357990093032
247.64456216737346
247.64456216737346
247.64694575008673
247.62604601681977
247.65035245411255
247.67112585416746
247.67295415142726
247.74137086862422
248.0016004043754
248.00124399888355
248.10940599334387
248.08968002072268
248.08653689372062
248.11897558100966
248.11806201101993
248.12519015374457
248.14364796362645
248.5001253379416
248.50500195955968
248.51413819945813
248.67029121755797
248.67612642598235
248.67979184944323
248.70935510331114
248.7096995221382
248.72243295866375
248.74152442598833
248.74185017027298
248.7440875421855
248.78009859302819
248.77920109686633
248.78040963970778
248.7801037759374
248.7892731381477
248.83569709499304
248.84583924529156
248.84701739415058
248.84743815274769
248.84661262648868
248.84661262648868
248.84661262648868
248.84661262648868
248.8610490769248
248.85411710056064
248.8545903839805
248.88246950746634
248.91471170785582
248.9170791376718
248.92298322053517
248.92203399392952
248.92229911268743
248.92828850377327
248.93510645644608
248.9382277590845
248.9401699344225
248.9496468370955
248.9500274519993
248.94311409603753
248.95003948478922
248.95003948478922
248.95003948478922
248.95155768033453
248.95155768033453
248.9601033352306
248.9601033352306
248.96062960416396
248.96062960416396
248.96062960416396
248.96269842616118
248.9700345009427
248.9916522205017
248.98461186393936
248.9678470711411
248.97972994481856
248.97972994481856
248.97972994481856
248.97963943328512
248.97963943328512
248.97963943328512
248.98363202044044
248.9960839251025
249.11394788804384
249.1140650099659
249.11399553723058
249.10889727827023
249.11268830552348
249.12457806457925
249.12457806457925
249.12926421547124
249.12439224959434
249.13277877679408
249.14148140423396
249.1403499265976
249.143949147438
249.15017635150753
249.14540111356538
249.14551448723077
249.15371366811831
249.1536563004547
249.15375587920755
249.1538903846326
249.1538903846326
249.1538903846326
249.1538903846326
249.16336639292166
249.1632516275186
249.1636144211908
249.16361097460117
249.16361097460117
249.16361097460117
249.16361097460117
249.16647730743492
249.16868544874424
249.1732518925576
249.17482655077555
249.17482655077555
249.20851803649222
249.21525439112906
249.39617427631558
249.41083083091408
249.41058576957312
249.40875760315458
249.40329667042178
249.4058476170762
249.41776248784808
249.42226121136
249.4217364669857
249.41408223355103
249.41408223355103
249.41408223355103
249.41408223355103
249.45273354192085
249.48915937303553
249.4898863593826
249.4979590406983
249.48615700411432
249.48615700411432
249.49037040285566
249.49037040285566
249.50899304589095
249.50964393210776
249.51935115717978
249.5177446861064
249.5452511577627
249.54580314439787
249.5459644919337
249.54089208350214
249.54089208350214
249.5447733052365
249.5447733052365
249.55412883240297
249.55530211814911
249.5540235695827
249.5527943357859
249.5527943357859
249.55547066001307
249.56061364975267
249.5614869410398
249.55803637050565
249.57436349708723
249.58203775042062
249.58432774877593
249.58452499478562
249.58441759728544
249.58881623786436
249.58875270902578
249.58772496285164
249.58772496285164
249.58772496285164
249.58772496285164
249.58772496285164
249.58772496285164
249.58772496285164
249.58772496285164
249.58772496285164
249.59508571629584
249.62094891945924
249.62077492431393
249.62495949660268
249.62863648218956
249.628245663478
249.6398836340072
249.63414876623105
249.63607008397847
249.63607051602546
249.66083228738714
249.67638850507845
249.68013341956575
249.68174148649874
249.67629120520766
249.67629120520766
249.67629120520766
249.67629120520766
249.680756354377
249.68369229845538
249.68369229845538
249.6895286933989
249.68953946811402
249.6894616949046
249.69186281428776
249.69561527376095
249.70721707772634
249.7073638541719
249.72577740575773
249.72614762830776
249.72641877319316
249.71951970197122
249.72456734567712
249.72456734567712
249.72456734567712
249.72485646353698
249.72953093020053
249.72981662289723
249.7296745652647
249.73099937444846
249.73099937444846
249.73099937444846
249.73099937444846
249.73099937444846
249.73099937444846
249.73099937444846
249.73099937444846
249.73099937444846
249.73099937444846
249.7327195634689
249.73916340800412
249.73985694756692
249.7398642170888
249.74383776537059
249.74385038334418
249.7526040193469
249.75261202796668
249.75261202796668
249.82322637151748
249.82330110646706
249.82761126440687
249.82519178922755
249.82832832096236
249.82899730469714
249.83267064406863
249.83267064406863
249.83452732082918
249.83361212793355
249.84112356525495
249.83822188166369
249.83877947750892
249.83990306624727
249.83990306624727
249.83990306624727
249.83990306624727
249.86037840185097
249.86511925494497
249.851682374491
249.8544147295174
249.85919399527356
249.85919399527356
249.86764971575417
249.87078938138333
249.87037562127065
249.87097015870043
249.87097015870043
249.8761625920247
249.8802614313349
249.88019539810983
249.87955363164244
249.87961032536438
249.87961032536438
249.89274366292594
249.89267520787715
249.9017703132754
249.90839718071248
249.90898883578885
249.91139889814377
249.91177485918323
249.91185409984286
249.91185409984286
249.91185409984286
249.91185409984286
249.91185409984286
249.91857179230522
249.91881581290275
249.9166855234759
249.9166855234759
249.9166855234759
249.9166855234759
249.9166855234759
249.9166855234759
249.9166855234759
249.9166855234759
249.9166855234759
249.9166855234759
249.9166855234759
249.9166855234759
249.9166855234759
249.9166855234759
249.9166855234759
249.9166855234759
249.9166855234759
249.9166855234759
249.9166855234759
249.9166855234759
249.9166855234759
249.9166855234759
249.9166855234759
249.9166855234759
249.9166855234759
249.9166855234759
249.9166855234759
249.9166855234759
249.9166855234759
249.9166855234759
249.9166855234759
249.9166855234759
249.9166855234759
249.9166855234759
249.9166855234759
249.9166855234759
249.9166855234759
249.9166855234759
249.9166855234759
249.9166855234759
249.9166855234759
249.9166855234759
249.9166855234759
249.9166855234759
249.9166855234759
249.9166855234759
249.9166855234759
249.9166855234759
249.9166855234759
249.9166855234759
249.9166855234759
249.97309216721615
249.9729463600921
249.9731253588334
249.9732206783046
249.9732206783046
249.9732206783046
249.9732206783046
249.9732206783046
249.9732206783046
249.9732206783046
249.9732206783046
249.9732206783046
249.9732206783046
249.9732206783046
249.97724376055734
249.97724376055734
249.9788959237903
249.97861925885644
249.97861925885644
249.98833870815096
249.98861465465473
249.98372443797734
249.98675513611366
249.98675513611366
249.98675513611366
249.98680504988806
249.98680504988806
249.98680504988806
249.98680504988806
249.98680504988806
249.98680504988806
249.98680504988806
249.98680504988806
249.98680504988806
249.98833870815096
