with mode=0, handoff cost coefficient = 1.0
217.94813548475702
217.94811428766837
217.94221510490405
218.2668130012583
218.25424533109964
218.2433534919153
218.22438012502676
218.4429736323498
218.70308057474256
218.6993014628829
218.7218072165216
218.70870352031383
218.7669188682037
218.84492743430505
218.8709767332552
218.8709767332552
218.88970273955135
219.05941977148026
219.06522750500983
219.1727760286917
219.17038944994738
219.47916396487983
219.44898628331345
219.73502893354419
219.9610872638324
219.95930294073278
219.9960949234867
220.25462676661127
220.49048239385277
220.6458552525701
220.64171020528758
220.64350129807733
220.63848183534517
220.64041426308225
220.88984452804698
221.22093215172873
221.21012771918686
221.26771894797372
221.26772695752834
221.2679995723567
221.24909281256575
221.2463350611549
221.2946085037468
221.3849376282211
221.38503195017287
221.3864133176858
221.45225236642435
221.5669413213919
221.61280868995945
222.32668517763435
222.43085587152683
222.4035426989734
222.40353926964892
223.1062166751388
223.1089978144288
223.09475164339756
223.11231871686772
223.11195594931831
223.2258012105788
223.48582157146652
223.70610631982223
223.87541666920308
223.8847196965261
223.88704415390208
223.8809561967894
223.9709041943444
223.97091720637636
223.95202886574222
224.01888240960778
224.32575378341497
224.45852267220843
224.49742070016606
224.49730772241207
224.54786052159858
224.52270071696745
224.56519688287347
224.89064951263722
224.9599780251301
224.9710757594073
224.98422949339772
225.03078705196285
225.03449923208834
225.3604275195022
225.372115939678
225.41140501698328
225.5284888317592
225.52286702421645
225.77812276967174
226.49888200019333
226.6870441713981
226.7626063849612
227.1801971232365
227.1801971232365
227.170659798575
227.47528920444358
227.4805349973606
227.85546880579733
227.92724582844767
227.97609266636601
227.99473144185828
228.1510935870266
228.16558713868423
228.24122683687528
228.24083125767083
228.2503016376295
228.43553720283407
228.45596018930024
228.52167274641664
228.50393038897508
228.5644120908931
228.56843309984427
228.56844849464105
228.54506567567344
228.54511782844915
228.5451663872046
228.7433129262046
228.72026815097422
228.74188393597015
229.2656028469391
229.2915085399133
229.2915085399133
229.4218164580651
229.4218164580651
229.6863891240385
229.79890582398838
229.79890582398838
229.85204324221024
229.85204324221024
229.8831222050663
230.01736854676085
230.14777215535645
230.14779578769787
230.30168433228212
230.41111778716837
230.43350794432897
230.43350794432897
230.43349665409067
230.45954181725637
230.7323244601855
230.72923985646833
230.75549903134163
230.761533172278
230.7559821127628
230.75623175136604
230.7504864943533
230.7692292468099
230.785250783108
230.81406060993942
231.06486358703808
231.06504211646242
231.20544192159525
231.41014190712698
231.39494071412506
231.67087276544234
231.67087276544234
231.69137948907004
231.6891749695395
231.94015045223293
231.99358478139408
232.20919769879637
232.20802054503085
232.20802054503085
232.217030898868
232.39720314604168
232.51380794858196
233.03532079786146
233.03532079786146
233.03532079786146
233.055503356511
233.13189814260085
233.14448010195676
233.40035267180926
233.41520722646166
233.41522937584728
233.3805504784524
233.38084106935273
233.57899207462393
233.71015814927236
233.92234322026127
234.21814093965048
234.3731815930529
234.34663117700057
234.34965894173445
234.37857822902356
234.4028576611081
234.41836972788724
234.41622214783712
234.4624816872433
234.4688069391619
234.4688069391619
234.4727918544435
234.48792750166476
234.70345977741727
234.6991220940431
234.7001352584943
234.7001352584943
234.96003799041605
234.95128172831195
234.95128172831195
234.94966506675993
234.95479047180012
234.99007639696686
234.99187166581459
235.03687485197983
235.01132729061504
235.0138179224984
235.14957687966844
235.46485911602906
235.48614338809406
235.61767970995967
235.60238942954285
235.60747225266968
235.9100659639977
236.0087108842967
236.21436908175346
236.90675131260096
237.15038878421262
237.13690394246615
237.13690394246615
237.13699624090526
237.32465469431153
237.31167872810187
237.31164552972123
237.8459667734646
237.89224119909633
237.8750993550807
237.8751020994567
237.8751020994567
237.88251587222885
237.96268299462022
237.9639393092703
237.92797872741266
238.2095628022565
238.20969506199418
238.22625071307357
238.21580530662283
238.80486163084177
238.80486163084177
238.80490849701897
238.80498169443106
238.80020590676668
238.81406200146168
238.7961620527702
238.8377288469225
238.8409839707837
239.08339405093173
239.29498428371883
239.27542410177014
239.27542410177014
239.31315800715763
239.3266609174793
239.6572984737808
239.66727352853215
239.66727352853215
239.6611890319417
239.6628271534569
239.67963607219892
239.68087911080357
239.68049162476166
239.68234199683206
239.68229653751982
239.68229653751982
239.68675419528446
239.71283682370935
239.98113216508813
239.97116414978873
240.09928309618013
240.12013492715386
240.08708906651128
240.0860384455972
240.23962780403818
240.29083473327086
240.7125706930947
241.02622146616122
241.02606047805747
241.0459315788101
241.0459315788101
241.2340947295741
241.26397573397995
241.4235290542292
241.4235290542292
241.4235290542292
241.43939035520623
241.44125196525184
241.51094446293664
241.5223193678723
241.52239121898543
241.5788218081319
241.59618017258396
241.75786945235893
241.75786945235893
242.15127528164035
242.17286092294242
242.2238851754462
242.19679504586057
242.20457035435956
242.2434156830767
242.28040283649776
242.28040283649776
242.28040283649776
242.28040283649776
242.28040283649776
242.44421818529858
242.4020467105662
242.40213476638803
242.38232845009134
242.39365225921387
242.44421818529858
242.44422027165197
242.44427058354552
242.44770816456554
242.44957809065636
242.50835983351914
242.542569342256
242.542701160639
242.57161989779783
242.57807197247536
242.57920029767675
242.5923762864948
242.60327714174124
242.6027010330652
242.59799527397976
242.59799527397976
242.59549533142564
242.60683565561862
242.75244614573907
242.9608903773181
243.09086994233704
243.08549883304178
243.0850675979701
243.08912055713515
243.20523164448932
243.34830338556125
243.34172081167222
243.3506938279747
243.35286907102173
243.43800765036818
243.44942778299793
243.45498789642815
243.45498789642815
243.44495217707245
243.46557005774005
243.46557005774005
243.57790230461998
243.57628471268805
243.5763073810572
243.57101686885267
243.57101686885267
243.57790230461998
243.58096374416664
243.58116196661146
243.66076079227116
243.66632966415898
243.66732119626982
243.67292581575705
243.67583066159202
243.69632530550723
243.79074652911217
243.81702388295312
243.8210093023064
243.82206724865046
243.82358281045845
243.82450273557822
243.8237991765833
243.8237991765833
243.8246249799688
243.82783570331935
243.82679471755034
243.82909129741967
243.8513397851827
243.8515885617254
243.85157767087037
243.85699137098914
243.86005803149934
243.8608789616734
243.86582268972603
243.92322363584597
243.93652049512934
243.93651652848112
243.93652760281884
243.9562381482898
243.9562381482898
243.96012185651682
243.96095675521184
243.96893452362954
243.97414552665495
244.0487924218464
244.05023944636886
244.05367500135972
244.05367500135972
244.06067855066155
244.06286646811887
244.0621879198483
244.06274067913895
244.06352949192103
244.06514826413667
244.06789705025056
244.07251464878362
244.07264936062333
244.08247208380934
244.08247208380934
244.0825153520108
244.084298575391
244.08432113461686
244.09899421263515
244.09900885291896
244.1054671929082
244.12761941923867
244.13041212385656
244.13496225777317
244.1502673307725
244.23567421999562
244.24043914099713
244.32295353347726
244.32560231425774
244.32560231425774
244.3256143479584
244.3256143479584
244.32773392507423
244.32785929509058
244.32790685206592
244.33094919755212
244.3281816312542
244.34828291486053
244.34828861343723
244.34912915354494
244.37912743001357
244.38723655329034
244.4155549302924
244.41194781137972
244.41440491198458
244.42163286881296
244.42572917062506
244.42574088101387
244.42525726441127
244.42503684242988
244.42740592611673
244.4274121017785
244.4757835481623
244.4755144255725
244.53657131292502
244.5401966142672
244.5404875860736
244.54065305881
244.54311129988767
244.54311105806275
244.54311105806275
244.5780466825929
244.61180791361068
244.6118141585265
244.6132351372044
244.62356601897451
244.67916497480093
244.68408565317588
244.68744758475967
244.73571485840728
244.73571485840728
244.7444219198815
244.74280424175305
244.74276927934426
244.74562266337642
244.74532400645126
244.74532400645126
244.7453267729844
244.82109966176841
244.8202495079697
244.8202495079697
244.82126210167118
244.8225359931636
244.82360348978432
244.82410504789743
244.8241403680151
244.85579955311937
244.86845460855045
244.8690709592149
244.86983070314707
244.8746195450009
244.87971399140142
244.87971399140142
244.87971399140142
244.88962852188052
244.89779961953388
244.89846575966703
244.90548687641254
244.96980499825943
244.9707972562448
244.97173980095664
244.97173980095664
245.1082612813595
245.1139512424458
245.11566661397768
245.1189675605413
245.1181409113121
245.12184758226604
245.12522475779244
245.12575857545042
245.12792253059132
245.12795992178127
245.1284607095027
245.13254690040708
245.2059554393299
