with mode=1, handoff cost coefficient = 1.0
217.94813548475702
218.07395004511923
218.17283435438168
218.31435099106528
218.42046671587624
218.63532663306697
218.73804216572603
218.86404445272697
219.03188974394473
219.11731129089486
219.29791915921317
219.40090005076405
219.48296098905865
219.547597092766
219.78047225765516
219.8746825073642
219.93385818859508
220.2221256613549
220.3522321865736
220.37345516435138
220.5817091778534
220.7919833959905
220.9458048523525
221.03261462003726
221.19206300335603
221.34940565901692
221.52821037015295
221.59447803928447
221.70003491826276
221.79638459244143
221.94750230324686
221.9683822374752
222.2064888272747
222.36053860957153
222.47228257840914
222.59432647401226
222.69827164632486
222.76140366491623
222.82144117427103
222.93455451036314
223.10119529602412
223.17016842109925
223.3594146953331
223.57989412753412
223.69343464335725
223.87144513511114
223.96890349153026
224.1482501361682
224.27193612915022
224.33906165391855
224.45963819551773
224.5419192699173
224.5768116670432
224.6509007640858
224.71601827565584
224.86793508735724
224.90260924724504
225.00544993035373
225.15197221047444
225.26694181840924
225.38663734849047
225.43880140566438
225.5680686928356
225.6379144371798
225.65449770649607
225.7294201586674
225.81794658707832
226.01288143496606
226.0991368935987
226.16621045178152
226.34855790450806
226.50935720977012
226.57614194581458
226.69433518199585
226.72983147392716
226.8865202335256
226.95063800228846
227.0074109478448
227.0564032486844
227.17925309673893
227.3236944521455
227.599289128323
227.75007956262442
227.89681867417838
228.07093898146923
228.1647381423118
228.30910174361858
228.41239996417661
228.5432849755881
228.7671768481469
228.8671864496703
228.9480598466979
229.06218410891083
229.25743551716684
229.48597360391472
229.63355779510886
229.74439354243745
229.90764740972335
230.02538411545567
230.1308822535822
230.2390519365518
230.26676285695538
230.41011681562935
230.50926927384182
230.52957849462717
230.66030735554725
230.6880785199775
230.74804517181923
230.79995389350034
231.01270998028428
231.08976057878485
231.17995971641827
231.2121599939141
231.22011785664387
231.27111968652866
231.4585410465708
231.48332894602555
231.5459884621989
231.620622040425
231.77005828297044
231.79952576225
231.8814442322575
231.9730098221529
232.0547923890297
232.1581779496335
232.19985144437734
232.3636915423156
232.49437009883917
232.6299279596498
232.73089163613827
232.74541174116476
232.82293691980487
232.83566388601773
233.01441530607076
233.09905751795387
233.3000706708685
233.35537663994137
233.4590900421682
233.5424204545824
233.6111660374838
233.68485840927858
233.80024164340512
233.90660076894335
233.98124448100893
234.0547722748583
234.08479299180735
234.21568202420187
234.25918956249373
234.34451289253988
234.46799912756214
234.54892940781045
234.6544086605411
234.7887513897846
234.91660422617218
234.9901680448728
235.14138738002197
235.28142708336205
235.29216265897267
235.40500168658195
235.4464479375523
235.61602847144422
235.66559287331503
235.74111575874286
235.7915110103348
235.8573227618171
235.97201096345867
236.03768821985068
236.05325916561694
236.0594638702735
236.17155879606406
236.32178029524877
236.41045451081987
236.51194337853784
236.66502936374536
236.7583139364578
236.77536272765647
236.80510482739174
236.89811990158518
236.95614597313372
236.99225628251068
237.06535475795903
237.0796300296114
237.28077202416256
237.38288520861852
237.5384798520137
237.57936174062382
237.67693416870983
237.82704626201254
237.87800463533782
237.99157701330944
238.18195505035206
238.25017935310944
238.35090193055396
238.36435716216042
238.43070564814494
238.5304477711821
238.63003092805636
238.64546786353225
238.7094246407599
238.73846279693956
238.76088069032912
238.7923222547691
238.9887795058078
239.18992074753297
239.3151872488747
239.31301922197616
239.3128087069777
239.39468998673215
239.51033792901447
239.5422777971139
239.65446811743539
239.72567467871392
239.75758784462067
239.91099492763487
239.92776622076488
240.01546262108204
240.02865461442937
240.1398979097141
240.16449776082803
240.23204100725175
240.23332738019042
240.2981484435233
240.3390049513506
240.37481412438916
240.4363647739722
240.5965186557502
240.62989855781032
240.67747572801414
240.79808989438723
240.80573379782746
240.82685619381786
240.91854893808693
240.9972766761447
241.0691357958152
241.15462918298942
241.15402181642622
241.18072703761615
241.1848795151668
241.21897909841238
241.38867218328775
241.49584816955965
241.56764050636926
241.61768164942688
241.70373737875343
241.76129139583878
241.79614331676035
241.80672584493678
241.82320959409043
241.87963838891747
241.99751908462446
242.06639299201436
242.077646713884
242.09409697325918
242.0997000607618
242.1859811285297
242.2420485559986
242.33800835314324
242.35742139488227
242.47553296735958
242.52729776416027
242.6366652454826
242.67026190140288
242.75345913574745
242.75469779940929
242.78933801415974
242.79493448087308
242.8234306111612
242.88125694971777
242.88294145488982
242.89901741789689
242.93871550891072
242.95437159663044
242.95576964666284
243.02061669649228
243.02675313140517
243.0892187919192
243.15777528308416
243.17681136262314
243.21314906461134
243.25113046971393
243.2631940161428
243.3871788974318
243.41386734065873
243.4560993065472
243.53299064686746
243.61022850372882
243.62372396894753
243.70852566066156
243.79542182754827
243.82273454792136
243.8283422015945
243.90423432855374
243.92977012719425
243.94562707610282
243.97227207208664
244.02930034191607
244.11576171265432
244.13935104821755
244.2191680622492
244.36144577047352
244.45018506177507
244.53009897940626
244.56408556793372
244.64848047358794
244.7282641669856
244.75250278115988
244.75492984987787
244.75281263272385
244.8345647782023
244.86799498716599
244.90859478009486
244.94111237585673
244.98138863837278
244.99577893542977
245.04080472586168
245.05525579895206
245.10027506374504
245.15961317849988
245.17274995671232
245.2095768362879
245.23234325193286
245.31324166747032
245.43611394076254
245.51064150774212
245.53597566804078
245.5622470221546
245.59139558344705
245.6669266802909
245.6727506619096
245.7019723028112
245.73595858567973
245.80193769187326
245.8593760351356
245.86542670688632
245.87465306936807
245.9262883908983
246.00356516932055
246.05349045863065
246.0810123524355
246.08436030148502
246.1763458671727
246.24262193174235
246.35006790828902
246.36074450132244
246.35779188558053
246.42243209391845
246.54015904058656
246.61127393120177
246.64279868265652
246.69886715711698
246.7743037182601
246.95069409740714
246.95134808903592
246.9853594704073
246.9880136720601
246.9999527685379
247.02637816049753
247.06928976770453
247.13175063548954
247.1803029536106
247.21491752568772
247.21558493366905
247.25160697333655
247.261139569217
247.27118097803793
247.30149341929405
247.30469561952066
247.3679213252269
247.3778698570482
247.38439998817933
247.38979669226683
247.4089111175017
247.4265610947221
247.47148406627906
247.47255187550007
247.473436227585
247.48129775928209
247.54041693656944
247.61801242411056
247.6726395781171
247.67612647391113
247.70402940845912
247.76432656596705
247.77705496102968
247.86162916620768
247.86139333275312
247.94885383629244
248.0521002672223
248.06466060547473
248.0631091149101
248.10071757796524
248.15407736005758
248.16087962436293
248.30996827021877
248.36908120769115
248.4226785218841
248.4403874454177
248.49007330812066
248.57044356804596
248.59143610811984
248.62222760545626
248.6865556102487
248.69935485890542
248.72480296368462
248.7569491969201
248.7859333017145
248.8093251180078
248.88641751382445
248.885621416147
248.88162137278084
248.88234546436172
248.91545838543283
248.93765943493017
248.978976850482
248.9930705405068
248.99374346789227
249.0872176547793
249.14364244134748
249.19876719391715
249.20288227876992
249.22363051889764
249.31969209394003
249.3269505670957
249.32702028032972
249.35724264510634
249.36026306718875
249.38354744860897
249.40755281883241
249.42815705394338
249.44859283542075
249.4697540611831
249.56838286326715
249.5846874697798
249.61377594371825
249.61868878278415
249.66820794120548
249.66891871230422
249.69816493619058
249.7537935020321
249.75398317731418
249.77614437806037
249.88887849093328
249.91194104265037
249.93464801579114
249.9440715138303
250.02963832927415
250.10831661957118
250.16252465287369
250.2145023683534
250.2402821277076
250.239702543727
250.24508063177404
250.3691607369251
250.3821397674519
250.422984136569
250.42773657839206
250.49484830351454
250.5005949091133
250.49975010751825
250.55578333600755
250.55781206733138
250.56053284966345
250.6353885000872
250.6325683655993
250.64685807473884
250.65003305382595
250.65018709802376
250.66902851938215
250.72742099019086
250.76142633739013
250.8545930891035
250.87838830030682
250.89240405718044
250.91035486176733
250.91601546624824
250.9682202563136
251.0372947044295
251.0560327856289
251.1101068939087
251.12587416404781
251.17565589403995
251.19421430569315
251.20109805822145
251.27620806810586
251.27451788911745
251.3006432937855
251.32953213802716
251.33551437754085
251.36550747927458
251.46127542701672
251.47906521000024
251.5211908216405
251.5207856016197
251.5433454453913
251.58557581716138
251.63002175954415
251.63086804371034
251.67705213821796
251.71675758215594
251.7991593816367
251.81284101765627
