with mode=0, handoff cost coefficient = 1.0
206.6096537217651
206.79825011769535
207.36457566347914
207.8144743110694
207.8272465662086
207.88267495340043
208.0116505242312
208.5213666375108
208.59201155874496
209.436570767019
209.43643195149227
210.01358113014717
210.14247950187837
210.17868178970636
210.2987707265465
210.30885637665844
210.39119767868698
210.58680780233368
210.7686640721277
210.8147083846285
210.88747660323628
210.8918253711808
211.18073187133723
211.18070411100643
211.2988187690579
211.495057762312
211.49493808900883
212.28892781396831
212.65619960436672
212.6800029430021
212.73676922558826
212.86939517917318
213.62058452205255
213.62571259746724
213.6856288801465
214.14238832877197
214.37169155645174
214.44347321908643
214.49602115713796
214.49940047337734
214.75927773817304
214.75539204431712
214.98000980168428
215.068819959291
215.17528697090293
215.88903692769983
215.90080580393138
215.97047042355067
216.2011081221327
216.2010226519681
216.18792647381068
216.28968885696779
216.22817174157464
216.42667864982528
216.430020969116
216.37626725889803
216.38275044267172
216.38571524410375
216.3927071136682
216.430020969116
216.5277036810196
216.55529551450002
216.61770429880963
216.61770429880963
216.69891502077917
216.71410989156908
216.73945411249002
216.83067041756271
216.88247281610006
216.88335893771864
216.92665674402963
216.9175189072899
216.92850632415866
216.92848734528764
216.95747293692673
217.25466613723918
217.25466613723918
217.2711907189557
217.34601231059725
217.38336688781956
217.3856337841879
217.38752043835134
217.4670123342366
217.4670123342366
217.54250063029158
217.6129463095388
217.62450367729565
217.67154600666623
217.66571169507404
217.67833813543274
217.7705697505973
217.8188312925429
217.84172752223483
217.8944787581463
217.91421432795204
217.93313821898914
217.92829459140938
218.08600607860365
218.08469193895746
218.08753371641984
218.13620773091458
218.23639839199012
218.25012985775433
218.36055114577258
218.41322625960768
218.42619368024484
218.4299295620232
218.41502844947067
218.4135128550711
218.49822559687786
218.49822604879412
218.61212659604868
218.61711725565263
218.61935544337462
218.66440975447634
218.66447069657727
218.70945201596837
218.76577742627512
218.7782776951827
218.84793843508538
218.9463584846061
218.94992581983013
218.95049686280848
218.96356510497426
218.98237966419114
219.01459095917687
219.07615644640742
219.07845440841112
219.0758747665268
219.07638682624474
219.20513463523548
219.22209897171524
219.22307269565613
219.22202410979907
219.22202410979907
219.2478084988734
219.39387890181106
219.40593863989247
219.7493505266439
219.75867400290232
219.76047761102436
219.78061814631138
219.780711079158
219.78071956245253
219.77904995341297
219.8027536400827
219.80576499390568
219.80785250988026
219.8329271993339
219.8385613700904
219.9787108253372
219.9799221994237
220.0194319658429
220.0279576867577
220.03131684307243
220.02714955300536
220.02716069595562
220.02730019997858
220.07166273096146
220.0701201544722
220.18858778818975
220.187907867939
220.23754148682
220.28024687132577
220.28354040736747
220.28311634794875
220.2901015459714
220.29060128720073
220.2901100127522
220.34561416967642
220.4331014449581
220.43315238499346
220.88471028331512
220.93418052012026
220.9341514246292
220.93173963822738
220.9842191138967
221.1924022617581
221.19246980795936
221.2045980329514
221.24382680205858
221.24383856971534
221.24562644127823
221.24509415507876
221.28151708486078
221.28350487060334
221.38314613783103
221.40321905277594
221.5866440404707
221.59535346428183
221.65418062156235
221.66547753929672
221.7116911221152
221.74522718214604
221.8503432341528
222.29307382279094
222.31662686444184
222.32143082238807
222.346766707967
222.3646893058903
222.4851096945686
222.4851096945686
222.6047560273789
222.66441869212076
222.6643432594667
222.67447174793327
222.6838206835661
222.72479850950793
222.72529857777516
222.7295462889442
222.82166086156346
222.84638179200948
222.8491270831366
222.90199879265984
222.8938352622308
223.31678654609564
223.30184332033934
223.3184695732163
223.3184695732163
223.34070833297918
223.50141118965715
223.72844574502045
223.73387401533057
223.73465883128875
223.73700428014172
223.73919703033286
223.73643429135205
223.73643429135205
223.81919831543095
223.82139151852562
223.8230759698167
223.83660856386757
223.8362044793576
223.837162814174
223.8545793991826
223.83905053410155
223.94903424238893
224.005322893782
224.01013333760065
224.05990489959356
224.06953154552048
224.06957066234037
224.16207031550746
224.19349180768913
224.19349180768913
224.19810752607978
224.19830037980873
224.18611117241346
224.20734329600933
224.2314527997739
224.2575960508072
224.31581935295526
224.31339112051234
224.3272596058181
224.3250558302831
224.35122073229542
224.58239214158385
224.59540700261448
224.59984094413642
224.6175967331835
224.64432432147242
224.6443347632566
224.64579542066895
224.6450613952356
224.70283126822594
224.7089452103385
224.71784811440628
224.71475095257605
224.71475095257605
224.7586821710846
224.892146711169
224.89215619973226
224.99783792883846
225.13783151299478
225.1868740862375
225.19243960415886
225.2744606871127
225.26629097084628
225.27381079217702
225.28303261555402
225.28303261555402
225.34632924501707
225.34632924501707
225.34632924501707
225.34705068716917
225.34705068716917
225.37786188750874
225.3880798472905
225.3875549400705
225.39165972612548
225.3980884997983
225.41629916797348
225.41632156169766
225.41820374243537
225.41820345819966
225.4119416975248
225.41306175482964
225.439166225992
225.4319918687167
225.43811608836316
225.47350352922825
225.47649057513345
225.49194577963777
225.538659747091
225.55172655281618
225.55718739933022
225.55926027962877
225.57438588597049
225.57438808508132
225.57470828454362
225.5525073961113
225.66342869524203
225.66275326104366
225.68073721188662
225.68546681219314
225.73162523782997
225.73262666070377
225.7397760373372
225.77619707716178
225.7835456396583
225.78323897821917
225.78399120158645
225.87044319452392
225.91080652572433
225.9229907062782
225.9507114341383
225.98277262174238
226.03098680566345
226.03134233532202
226.0365763130885
226.0424313976618
226.04549566296532
226.05716986744847
226.05716986744847
226.05935718118084
226.11448109327955
226.12259643091897
226.13044385054403
226.132445846878
226.13693729151987
226.1950478785672
226.1950478785672
226.46587260753927
226.46303320653857
226.46918865285306
226.47142120481897
226.74050558631365
226.75195834384928
227.00324001135968
227.00315368751504
227.01710997322647
227.050870407883
227.05035287169974
227.05033896656872
227.0460576800968
227.04100095207679
227.08543439388868
227.09054290478983
227.09054290478983
227.09536974627005
227.11838902939414
227.1190891101808
227.12252396647332
227.14803348439452
227.14880013913913
227.21954389590965
227.21531424615316
227.2316952262104
227.26362569205193
227.24913834014984
227.39088242740476
227.39088242740476
227.3999383432101
227.4042362124605
227.39130795131967
227.39380759499673
227.42174183212586
227.40785957496064
227.40938379666363
227.50641570921096
227.62247802910522
227.62247802910522
227.73808003850738
227.7276917720439
227.7275475574399
227.83895716617013
227.8359941379989
227.92649583273572
227.9318997445118
228.09218453498093
228.14777214690753
228.14777214690753
228.14777214690753
228.2751976602858
228.31417179877525
228.3561315826142
228.35235037021468
228.5413614578317
228.80116505741083
228.81000528294945
228.81319629380098
228.83346236496467
228.8790063315083
228.87694952755677
228.87887180818714
228.87104905922288
228.87156590664657
228.8805853372812
228.87865972575096
228.88118430955066
228.88118430955066
228.88366564485366
228.97516584414265
228.96874636029563
228.99257372611518
228.9899506531161
229.02717993117258
229.03138077501845
229.03583271920056
229.03726177284844
229.03722587589343
229.03242454235928
229.0310090842983
229.03170025212106
229.03726177284844
229.0382209941582
229.03823672475394
229.03824286307545
229.04019090410443
229.04553755499327
229.12911740368614
229.13088207702322
229.1499937160546
229.1499937160546
229.15097329731947
229.30199843477226
229.30199843477226
229.36162905879388
229.36325013890655
229.36325013890655
229.3633856288571
229.4205899704409
229.42093603740702
229.420440260304
229.42513030388125
229.42513030388125
229.42321131937277
229.44191681117277
229.46068248867672
229.4662556988717
229.46719929079902
229.46740258058333
229.46887086015505
229.47830260759943
229.47738070553183
229.4777037242434
229.47841037836676
229.4806402725308
229.48086901702376
229.4810546195864
229.48086901702376
229.50325010221366
229.55597863168924
229.5556488357604
229.55565936102465
229.67377745350748
229.67489203984684
229.67490795865967
229.67183492963375
229.7272710478321
229.7443291057612
229.7470881370608
229.75125266035604
229.7547581702815
229.75535094303274
229.77605517565118
229.81284530370422
229.81277034088097
229.82350113382256
229.8233118870877
229.82330812806805
229.8233220253669
229.85668167567636
229.87765686817517
229.8835356129872
229.88407783127315
229.88551032059917
229.88551032059917
229.892507324028
229.89287275828747
229.89560724627546
229.89648905818046
229.93487121600796
229.93709835482784
229.93682580682915
229.98351663206918
229.9866511124023
229.98642278773426
229.98659649758088
230.03150091203167
230.03150091203167
