with mode=1, handoff cost coefficient = 1.0
206.6096537217651
206.73665345108694
206.93130707548957
207.02516616104623
207.21518359715327
207.3063633057769
207.49309154502066
207.65606705023524
207.85811397948416
207.95323019683764
208.06453081308416
208.13700146601732
208.23985596462612
208.47944929649043
208.79773852893751
208.92362017279822
209.2615237137111
209.33304315424112
209.46282823106264
209.55555408276462
209.65810019407576
209.6985157683602
209.9280527552295
210.01143854992912
210.08012960754394
210.12947443952487
210.2435023835512
210.42870362791058
210.58180220101264
210.7481628567192
210.81557201461177
210.84135661335736
210.89868796268397
211.01703469986793
211.17632685536154
211.35690730295573
211.44078492768492
211.49419774929066
211.5582977850738
211.69366416020915
211.76800844793473
211.85273916804786
211.9995326583496
212.1058710168568
212.32912304231553
212.43423418331668
212.59089738071185
212.66595967745747
212.81820692403898
212.96366094269604
213.1153084779365
213.29451038495142
213.34586086322085
213.39536273425122
213.4608883817234
213.62902971480275
213.71322002122315
213.8085471492314
213.94849605507343
214.08263428708545
214.16804005333935
214.38328703546745
214.51479225893027
214.60318747012113
214.70541988630515
214.77837569988665
214.83687827752703
214.9283800316848
215.01951403404047
215.13224620312792
215.18555368489544
215.34938893993024
215.51691203990424
215.59097223442956
215.64253150822444
215.67862918170263
215.73623741657974
215.82457420521553
215.95506935980538
216.1274052297368
216.38222874015426
216.45294242434545
216.6970823060464
216.7414157699298
216.83158638155052
216.86608634630647
216.91902483965157
216.94917220399347
216.99641615109022
217.01287117992274
217.13194555341073
217.18829824056286
217.22663718025868
217.28983930088648
217.3698111447779
217.4294462597976
217.46574731581498
217.59519423068494
217.7356394512895
217.8291243852441
217.8849292596679
218.01440040947412
218.04715105741604
218.13292630315033
218.20178277193702
218.43941557236164
218.4561781176065
218.58507114465536
218.63192610055208
218.69129346439067
218.76845444882593
218.9145655089324
218.9595739905827
219.04919620357123
219.08300284194365
219.1107296043572
219.2829596841195
219.40749565440592
219.48756973362924
219.54347517430463
219.63776214122834
219.83410550268343
219.97445539405663
220.0664157293891
220.10353439204835
220.14635192499864
220.19195893892538
220.27684691122644
220.39748403464648
220.4702489971335
220.51531210628121
220.53512950309806
220.62349953728776
220.66745569035632
220.82966643196823
220.93665435642478
221.11001442358028
221.18046842560895
221.18708608542323
221.3498839269639
221.35059039182335
221.47633362782437
221.67598368738774
221.70768614619004
221.74173189433196
221.77408144348752
221.88913139223806
221.9860496180178
222.0981127461783
222.11442366611263
222.1188027667838
222.28140955565837
222.49264609804075
222.53692583034547
222.5895003595765
222.6430715024086
222.67509883485022
222.73763895030635
222.79206874733367
222.87689589520872
223.01767562169036
223.0422695563447
223.18752880410872
223.3250997632224
223.39641209166396
223.40535328856978
223.43866146426325
223.545860167201
223.66349876951824
223.82001472123713
223.90378513481951
223.92116198192306
224.1068017451823
224.13417488567862
224.20018443431883
224.24108219669984
224.2496562189911
224.36561465915324
224.3997923259116
224.45228455418416
224.5487778688136
224.58055320454847
224.6010890051551
224.62676922162342
224.66921408525286
224.6920665877435
224.83590588143417
224.90172408713846
224.95875140828423
225.1508779448128
225.19040273676507
225.21770509393428
225.25953046335496
225.27095254517855
225.31157487848878
225.31755302625317
225.42312436240613
225.5393629217449
225.60252357304438
225.6572229401806
225.7512031200671
225.84887608537792
225.84645960271433
225.8924707271838
225.95816528312463
226.04341333969293
226.0417177360482
226.09844762043582
226.113200336466
226.23447270249076
226.25657946554142
226.29105511455336
226.35889018529554
226.41025502088428
226.43582524098932
226.4517421813421
226.46831082209107
226.478505821417
226.4926280811545
226.54863603225488
226.65499990906986
226.6928246405929
226.81829746004973
226.92133230924782
226.94380171962976
227.0007805930967
227.01168490177352
227.06081646098997
227.06059742210246
227.080230991686
227.10120897707097
227.1330496725582
227.19990807172033
227.23127084360246
227.2380926249615
227.25001593121635
227.2828804026189
227.2850693120251
227.33484348740953
227.3727836998154
227.42649445597453
227.5377779950384
227.58969657961185
227.61759607129892
227.70392635314087
227.7011992119555
227.7797375351101
227.82084222541914
227.84636689293075
227.94295204432075
227.95793685109894
228.03402590029577
228.03546875730868
228.1169439129987
228.11863178275254
228.18486842312737
228.3089607948114
228.33546711159536
228.40273252498534
228.4360963619776
228.43815717908845
228.45672902964094
228.45321386526254
228.46536434865428
228.57164908470398
228.6460322501865
228.7087605918747
228.82281128010362
228.83200035669518
228.9512135182659
229.02649253411164
229.08301181652905
229.15293036457214
229.19149178809852
229.20559185074057
229.25698263158333
229.29214871906157
229.30636717625413
229.35914413853683
229.3627763293782
229.35921630194744
229.4407939993539
229.4501438577902
229.49082073789413
229.5211797401798
229.5211302049992
229.54222436710975
229.60562021504018
229.66922771249375
229.7236300958731
229.72371667303338
229.77013553796417
229.81236175704746
229.84375646729836
229.85257104586861
229.87158969025057
229.90682165139725
229.94471595397093
229.96252337980695
229.963941382549
230.0078383517053
230.05029843880666
230.18509787087345
230.19152055598616
230.23701947539402
230.341738258042
230.36432130106706
230.3664086327498
230.39767946457278
230.41647975281037
230.4834949738389
230.51329189701366
230.5920436892504
230.65700822747263
230.74390287930436
230.74724153958005
230.77798899323935
230.7812069650569
230.8506152589447
230.883666948173
230.89985397165265
230.92007745380621
230.91294313893212
230.95196871823157
230.96313917827172
231.0487384008525
231.05963503655084
231.11989468310378
231.1320756011809
231.24992543579015
231.2788665602161
231.28922534378097
231.30507399780396
231.32419555893034
231.3679697614005
231.37540416115266
231.4377906834363
231.45285892011512
231.49378584060145
231.54329124794705
231.55801304183387
231.60570415013626
231.5992155505197
231.6423551255209
231.6484111973593
231.67606920170712
231.72092888103705
231.72923221096102
231.8022431945125
231.864895369046
231.87455700178987
231.89365579657016
231.96187379669266
232.02370507105107
232.04683637540282
232.11519101816552
232.12016149857644
232.13162707194127
232.16521162034726
232.20822032757366
232.24000851634165
232.2680212210818
232.27971232848466
232.33584392320853
232.3533723761688
232.37152988603037
232.41706855395125
232.4713555137304
232.50345897786943
232.52636816182482
232.53014973173077
232.64142933326414
232.64620562029597
232.77669679094888
232.77703439172993
232.8883737115587
232.89468771744933
232.90960066274783
232.96015857586104
233.01408887128548
233.0522688604811
233.15398817236658
233.16386078347853
233.25649502998354
233.26846508311425
233.2795403916584
233.29324478049034
233.33444873327082
233.370914604162
233.435779586521
233.46634415361245
233.4742735382999
233.50453360092393
233.55772198955376
233.61109453618715
233.6776986659707
233.73648658013275
233.75819241801744
233.87707141766742
233.94362010843048
233.96164586540212
233.97977739131505
233.97989815445365
233.99224330675713
234.030664294451
234.13858962968274
234.17545570119262
234.206821237902
234.25184487873375
234.32610399478997
234.3956455255707
234.40929706174165
234.41342643105304
234.4176422346466
234.45259700436148
234.45476060806385
234.50241087032862
234.50654262644244
234.5500857999404
234.59133823044243
234.63101483878722
234.65814841086151
234.66493913362808
234.6626416268233
234.70354535663367
234.74233200492412
234.75516444801744
234.75378484961894
234.7935964559816
234.83273744228063
234.838327729666
234.83658916915385
234.90446542234932
234.96696222477038
235.09994734521925
235.12388703005308
235.14712805813411
235.2088936249986
235.29908710963352
235.33028719090652
235.33088626220461
235.33985512845834
235.4145296947338
235.45739721016335
235.50058900273098
235.52278317166207
235.5231536288942
235.54388246032804
235.67302766715062
235.77813913055277
235.8052634754481
235.80423368239138
235.85934827792
235.93049300584596
235.98116981377547
236.0271935145715
236.02662946957653
236.05012549854845
236.15069190686629
236.1647859613286
236.16895195434796
236.17063318223052
236.17684200637328
236.23166967034328
236.2959969323372
236.33675082625933
236.37151841587283
236.37118892287518
236.3726983498978
236.37243228749614
236.37975990177503
236.38520760028507
236.39528555129667
236.39342652455804
236.41014347774933
236.45607718352173
236.5452857325701
236.55780889467093
236.57331092751514
236.648774095362
236.69293520541262
236.73516561280275
236.7422150091188
236.7471268221534
236.8150968892115
236.8535131638165
236.91039055985743
236.91038896437692
236.9188096931913
236.99310442754182
237.00286167527014
236.9980907669892
237.07035894914213
237.08113642073238
237.16578397418849
237.26004201266528
237.27639731139885
237.30399138330586
237.33357483517221
237.3634057438911
237.40526526541993
