with mode=3, handoff cost coefficient = 1.0
206.6096537217651
206.97002773178843
207.6912146508064
207.99148552025326
208.40182887846808
209.3059363118732
209.47864475178724
209.6176735691317
210.08212094149775
210.09116349739404
210.09111997856814
210.65998085579955
210.66015414286895
210.93087631142765
211.19123357819316
211.1914016312542
211.63469518337303
212.82240840966256
212.8216801691764
213.250231665879
213.24965723885535
213.2910081090132
213.29063118396357
213.3027346438498
213.30121498728178
213.3004610392845
213.51951347092813
213.51934386025064
213.65616761818728
213.69678758721523
213.69675847270372
213.88987475732054
214.10419123723187
214.16822970481758
214.16695957735803
214.5467267914997
214.60263418764228
214.9815667312331
214.98228374114788
215.53949667841846
215.7861671899379
215.9953364130116
216.06027043198654
216.1364689762667
216.2153225462066
216.24236753340304
216.2505533527225
216.25102009172963
216.3413312701066
216.35245342643256
216.71833428390002
216.72077614258666
216.72209447426275
216.77973139094692
216.8144340603392
216.81731842572142
217.6423808124503
217.69690591781722
217.69612445828196
217.69652464277985
217.69630607368404
217.69630607368404
217.69630607368404
217.69630607368404
217.98565851525012
218.53459342026923
218.99638103387326
219.06490337090162
219.204419390675
219.19599125103161
219.6519171994584
219.96428087408125
220.95466112082107
221.06167349078464
221.25850485112974
221.2314676107708
221.40579723085202
221.54929969151996
221.551006600427
222.06025276401598
222.08133195695066
222.12516386764688
222.1386836868184
222.14313212091312
222.25568376970216
222.45184151822963
222.4527609027681
223.4941812414093
223.68586037557847
223.88054931300113
224.8311103770497
225.18517286706222
225.22158365516594
225.22161925556708
225.36219697527983
225.36175958746057
225.36113519570125
225.4790409955874
225.52611627892168
225.5069017546599
225.50892163230796
225.5240107316049
225.5240107316049
225.8103505419641
225.8277336200902
226.69645705988597
226.98887293061753
227.00840224576964
227.08608439301182
227.09297456212997
227.15300855413648
227.14548246136874
227.41193468216812
227.41288508768875
227.41353206277807
227.41959809396747
227.46983237357554
227.56295971743572
227.81455378347448
227.8488783918566
227.89587727193089
227.89562928394432
228.07621145522185
228.1533013449269
228.1533797851871
228.2868610331414
228.28697298639378
228.2937775407746
229.67113373604622
229.68029153400627
229.81846067981112
229.90630287741155
229.90264811469618
229.9306046331943
229.95184741952502
230.69675180276337
230.71078406708645
230.71123627399513
230.73158507996604
230.7424916254014
230.81313023699983
230.80288056226584
230.85019806482512
230.83638943496425
230.8402451981924
231.1861711023563
231.2385587086191
231.25056247489124
231.29123235394894
231.30231130105187
231.30207456059202
231.3017534772124
231.44598921237895
231.67733119106182
231.67661392029132
231.6746227582207
231.70200458442943
231.7547627468803
231.76252982901886
231.79908494748477
231.79939631357618
231.82416992252433
232.0199630952569
232.0471757430934
232.06455226775833
232.19692312442677
232.2322408050675
232.27674592603384
232.28062152310767
232.29051946511862
232.8266103067117
232.83855470396819
232.84238433038544
232.84216922641897
232.84671871891553
232.8590510326604
232.8583454540216
232.85803631865517
232.88507945685413
232.9075194190238
232.9072113026828
232.93148217379172
232.93202690213042
232.94537819013934
232.94408688958416
232.94414527151875
232.94497853441376
232.94497853441376
232.94497853441376
232.94497853441376
232.94497853441376
232.94497853441376
232.99451788129633
232.9938054698566
232.9933037949535
232.9989042496239
233.0912565205384
233.09675413320886
233.10659703959385
233.1256884160802
233.13020242732318
233.15642573265524
233.3480554143104
233.37086776451235
233.37122246279984
234.1183597763936
234.11794313051516
234.1359299456719
234.13846474570468
234.1386173661381
234.13615576503614
234.15370597051205
234.15425341759098
234.15386851920826
234.15484319328112
234.17713592143735
234.25351212809417
234.26318058647118
234.2853197808895
234.2841999680804
234.28415296935657
234.2964518414365
234.30806942558715
234.31321580092904
234.3132674034707
234.33283741540012
234.33194944719477
234.3290374005047
234.3290292542923
234.528601206873
234.65889688258093
234.67750816160643
234.68291877530822
234.6864337260822
234.68521717944498
234.6883499212845
234.8419008887887
234.83487460350207
234.85162666869257
234.87083315701236
234.87121407271172
234.8710663518184
234.87739439517694
234.88811917233485
234.8885426521744
234.90333192648998
234.91401279584616
234.91407773321848
234.91398305125327
234.9136769721292
234.9136769721292
234.9136769721292
234.92331681857726
234.92385997176606
235.06094571074053
235.06055575642912
235.06042043345232
235.0612128985762
235.07151255848729
235.0799013137395
235.104355983641
235.11142558126207
235.11910202322898
235.12122943145104
235.1219230028567
235.13601825670162
235.14453473581068
235.1445112261734
235.14485265462082
235.14926961306426
235.15549350937164
235.1558372152669
235.15562508897312
235.15562508897312
235.2405369976418
235.23519450532524
235.24379776531828
235.2439355212523
235.244096040646
235.3152375975169
235.31546518462028
235.31689677737143
235.32261370908998
235.32972460845815
235.3294854458552
235.3390240865211
235.35051554189823
235.35180024418236
235.3648222802676
235.36744251378173
235.36798572512737
235.36824572499967
235.37874648307871
235.38063755208498
235.38347680968005
235.37997113642973
235.38118827748542
235.38457671683716
235.39119687640544
235.39123004594592
235.39116751533498
235.39096538805592
235.39096538805592
235.39096538805592
235.39096538805592
235.39096538805592
235.39096538805592
235.39096538805592
235.39096538805592
235.39096538805592
235.39096538805592
235.39096538805592
235.39096538805592
235.39096538805592
235.39096538805592
235.39096538805592
235.39096538805592
235.39096538805592
235.39096538805592
235.39096538805592
235.39096538805592
235.39096538805592
235.39096538805592
235.39096538805592
235.39096538805592
235.3944764608653
235.3946592034133
235.3946592034133
235.394629160869
235.394629160869
235.394629160869
235.394629160869
235.394629160869
235.394629160869
235.40025542626393
235.40776368290676
235.4077759620672
235.44343487410785
235.44031638103306
235.44021517846784
235.44477361475742
235.45231517303824
235.45226061864514
235.4523645139289
235.45255722973894
235.45255722973894
235.45255722973894
235.45255722973894
235.45255722973894
235.85231063331474
235.85649334403067
235.8550167041023
235.85761085563453
235.86204911059406
235.86202909017254
235.8618931336112
235.86268113932437
235.86268113932437
235.86268113932437
235.94636593494138
235.94532626934816
235.95213470373608
235.94713171244553
235.94968333728033
235.94770932235562
235.950812828447
235.95388682397106
235.9550860195599
235.95508530092164
235.95508530092164
235.95508530092164
235.95508530092164
235.95508530092164
235.95776126070785
235.95776126070785
235.9581970500421
236.01655860355288
236.01433944669745
236.0196272385031
236.02003405733274
236.0249215734633
236.0227124231755
236.0265705992816
236.0284262265297
236.0296569337072
236.03637901045124
236.03652605132055
236.0368913704997
236.0387437749913
236.05214864332933
236.05224192079277
236.05659600017498
236.0574593662096
236.05714207639372
236.0573248691409
236.0573248691409
236.0573248691409
236.0573248691409
236.06803142743425
236.06825799528676
236.07149776667652
236.07160395186122
236.07247886795344
236.07247886795344
236.07247886795344
236.07247886795344
236.07812321494143
236.0781677072896
236.08075197202143
236.08501770961405
236.08496744378633
236.0848334173456
236.0849703765041
236.0849703765041
236.0849703765041
236.0849703765041
236.0910610832731
236.0911894424001
236.0911894424001
236.09145008739426
236.09145008739426
236.09145008739426
236.09145008739426
236.09145008739426
236.09145008739426
236.09145008739426
236.09145008739426
236.09145008739426
236.09145008739426
236.09145008739426
236.09145008739426
236.09145008739426
236.09145008739426
236.09145008739426
236.09145008739426
236.09145008739426
236.09145008739426
236.09145008739426
236.09145008739426
236.09145008739426
236.09145008739426
236.09145008739426
236.09145008739426
236.09145008739426
236.09405434378573
236.09451260199313
236.09471398450054
236.09447577448572
236.09447577448572
236.09447577448572
236.09447577448572
236.10405644595218
236.10220805720684
236.10233994352527
236.09953245009152
236.09953245009152
236.10660812430905
236.10638710371558
236.1049002226063
236.10692407504308
236.10692407504308
236.10692407504308
236.10804401991112
236.10804401991112
236.10804401991112
236.10804401991112
236.10804401991112
236.11115731447563
236.1109671149618
236.1109949281024
236.1104982398914
236.11296096247077
236.11354651232102
236.1137841543308
236.11315549925456
236.11315549925456
236.11315549925456
236.11315549925456
236.11315549925456
236.11315549925456
236.11315549925456
236.11315549925456
236.11315549925456
236.12207961397309
236.12227352726728
236.12217030574135
236.12255737055858
236.12255737055858
236.12255737055858
236.12255737055858
236.12255737055858
236.12483095093046
236.12483095093046
236.12483095093046
236.12547788115006
236.12547788115006
236.12547788115006
236.12547788115006
236.12547788115006
236.12547788115006
236.12547788115006
236.12483095093046
