with mode=0, handoff cost coefficient = 1.0
217.52893796957306
217.58143986781783
217.6022208273884
217.79806450754424
218.1498088838821
218.2274333864916
218.83510111471548
218.8350916530691
218.9579463818111
218.95600333452327
218.90203644448096
218.89951861955203
218.90503204494388
218.9579463818111
218.9741568378115
218.97400209939713
219.27266369542033
219.326088726015
219.50163721414626
219.56638045409545
219.5922964709771
219.60555426934596
219.63604941904413
219.63604353287408
219.66987642474
219.90031568147018
219.95477311390073
220.09552956057038
220.11995937863173
220.11979103108098
220.11990390374083
220.18732965218223
220.224641629647
220.26528612368028
220.3172954227776
220.44173444463433
220.4740194157259
220.4745030989203
220.50040070820546
220.5107792254717
220.53316146875312
220.65151115180657
220.76792084880327
221.1192107978
221.36662437443346
221.38862375911268
221.39045159926022
221.39044251009253
221.39044638197873
221.39045048627466
221.44013891509704
221.66828419250717
221.72576170212022
221.75077501204643
221.95581390935354
221.9533442123158
221.95148712351772
222.00066993892602
222.00051670172303
222.05591951603904
222.24199813707048
222.24486154044683
222.24479751434455
222.2607145867755
222.28883686413374
222.39960750264217
222.40183057056643
222.42459520929924
222.42689389785858
222.43094028604997
222.45069131987594
222.49419989327157
222.49420348920918
222.51213889797268
222.54911934638304
222.55039304615636
222.57093221919342
222.67435258839785
222.70546084332514
222.7024126098535
222.7368052441308
222.73591329190677
222.72470276683205
222.93815370683774
222.93847071020105
222.93904132361996
222.93904995035774
223.13396238763963
223.1496318383986
223.16046912931506
223.42972035571944
223.58209433482045
223.58560419841942
223.66834151227
223.68579885917285
223.710336582614
223.8401248840916
223.8389333211769
223.83912893366283
223.98549498177846
224.0112087072539
224.03243527546732
224.03243899488882
224.03488506298004
224.04412672102092
224.04708980711723
224.05923525933406
224.0836015060661
224.0836011448328
224.08358688726713
224.08363429354432
224.19433242184277
224.20394043179647
224.3007383143534
224.32154939186563
224.3353210073089
224.37217562088728
224.3919237502196
224.39267869758257
224.50919679481902
224.50919679481902
224.50647036225328
224.59203993163806
224.60226891452103
224.65614843483996
224.65612484330404
224.71087815196287
224.9638171034214
225.07569526246158
225.13170942977067
225.1220492594322
225.19702284375873
225.21887926796703
225.514646177637
225.51599890930294
225.50614616188946
225.50616246842574
225.50616803961714
225.52265465554788
225.711310941807
226.03667757152195
226.03539926288002
226.11541262805554
226.12351243528866
226.1763265436374
226.18873103509907
226.18874906131148
226.18714163223467
226.18679493649418
226.2497707657553
226.48775867988985
226.51864658067677
226.78773914520917
226.81058781801985
226.8372650292913
226.84004569523032
226.84233401848743
226.84242856224586
226.85789265369883
226.8619106080684
226.92008311106056
226.92082702958336
226.92304360405836
226.9310992219763
226.93111729227135
226.93112663541007
227.0942851264525
227.09748154450233
227.11167289083932
227.123093750334
227.197983417239
227.2071735869612
227.36228271608445
227.36907870724457
227.3697761295772
227.4806035129832
227.493675064641
227.49319921644047
227.57306624619105
227.58374916599246
227.58375761107996
227.68730641889675
227.68730641889675
227.71092384176552
227.72223324026527
227.7760672905108
227.7765806185054
227.78702798454637
227.78704542902554
227.80007382691065
227.84895313225388
227.86526934399075
227.86527844960636
228.0377335831841
228.0383437921069
228.037723218857
228.05878522240994
228.12962427273416
228.32365684918315
228.32558621307066
228.33162473725116
228.38528070188187
228.55820396811706
228.61340928710007
228.62697793054505
228.78879448376
228.79045829653165
228.79045832669226
228.79044860071886
228.7926070130668
228.79260667668578
228.80419025961967
228.8043583959138
229.06720468581537
229.06720468581537
229.06720783156675
229.08014481710123
229.0992662011493
229.21984887964834
229.3836197550861
229.3928923051131
229.393713675131
229.49982563258553
229.52207865993446
229.53301794463871
229.53610194867252
229.58419214781452
229.58417794544033
229.59400642882125
229.6308278192909
229.64123224450384
229.64327424815457
229.63997608116398
229.67891215082432
229.6946121952317
229.689474007685
229.69739307166444
229.70001329318737
229.7008064018046
229.7079932851423
229.76076735735342
229.83163544798674
229.8314669986396
229.9935354146576
229.9935871531321
230.02237586228566
230.100726077783
230.09367552413923
230.16564226423705
230.32888614698004
230.34854169001304
230.34850412784087
230.36314422736322
230.36239562683292
230.39313881555054
230.39405113390873
230.6052334075459
230.6021473129496
230.6710337798602
230.85054181601802
231.1417726932125
231.20729590448917
231.25136625514722
231.28242226404157
231.28029258918463
231.37137626733423
231.37137626733423
231.3713519883039
231.52122967275216
231.52123328449295
231.52373812093975
231.5975991094795
231.8681282384171
231.8635735884287
231.88101895928966
232.16381197128374
232.16455978368077
232.2295050613227
232.23150577420947
232.23145798539448
232.30375090435373
232.30741538829375
232.49024567427364
232.5094744825162
232.50946995332626
232.52865911459955
232.52863630156233
232.56636193449168
232.60894132616463
232.71901419213717
232.73158568400615
232.7314927144159
232.77128635227916
232.81911222278785
232.8774301945363
232.8927604399784
232.8907903995093
232.91096266664726
232.9103515377678
232.91955696990541
232.91955696990541
232.92046431605104
232.9232151043751
232.98706443666126
232.98708846233944
233.20830129257408
233.2209398324894
233.23691153151125
233.2385846688505
233.23803375539364
233.23873716771712
233.23539978707942
233.23561856271039
233.23572145156928
233.2998097279889
233.30227837890172
233.586067902971
233.7233494177929
233.73108160775698
233.76461092715599
233.87119173170393
234.0731849220775
234.1901934688208
234.42300311257378
234.43378192175712
234.42566175894638
234.42578183298556
234.42587147050557
234.42579995047151
234.43378192175712
234.44289335295085
234.44292397633862
234.45019504461467
234.45049401004889
234.4636430326667
234.46409514242265
234.46039845811708
234.500241753093
234.63033401147283
234.75251401024667
234.78278696865124
234.78426139846198
234.78412972174945
234.78414622752376
234.79364215042557
234.79874586532262
234.86681382885925
234.86831525622708
234.87576479064123
234.90057821325317
234.90638975343487
234.96708860120228
234.96745979646525
234.98168953934177
234.98177774588555
234.9968088543777
235.04628604113063
235.04725423464626
235.0691816510825
235.0674290576716
235.07666464265844
235.07666464265844
235.08190837175462
235.09074246730688
235.09135022749732
235.16767546041228
235.17574098834396
235.1757411715103
235.17574028164378
235.17577899562139
235.23819324139126
235.24732771376128
235.258144375314
235.32586333570185
235.32936049092422
235.3425093729736
235.44155621275505
235.44175049938883
235.43911103168844
235.44184719159517
235.44687477105987
235.44687477105987
235.44744568958023
235.51231091649473
235.62471584225034
235.67594048086852
235.71137769905994
235.7144341968105
235.7268517550894
235.7283263288679
235.8659788234055
235.86954200101954
235.88724044367
235.88787190039105
235.90216619986268
235.91055594456105
235.9105901796321
235.91095300573488
235.95345660374494
235.95346532565003
235.95324555155935
235.975354444667
235.98382885391712
236.01982271347046
236.02422108925398
236.05681408366658
236.05755147396988
236.05757386589752
236.0658827942979
236.06623660361208
236.0671714947595
236.1153199951972
236.25868451152667
236.25913701514182
236.2621918394722
236.27942001761684
236.28780911016463
236.39065929278465
236.39162925511394
236.3916315825929
236.3917012072691
236.42769710790458
236.43780362491938
236.43833209137549
236.44237501108307
236.44354631150424
236.47307356298586
236.4730781705415
236.52491375836587
236.54140757173465
236.54011875299042
236.54036201789327
236.61421713895072
236.65173689519978
236.66698515707333
236.6749138878313
236.7060313213243
236.71926428177483
236.72172643841492
236.75468987085642
236.7543837044972
236.8447835812624
236.8449909083657
236.8449909083657
236.84529707472495
236.85000545924225
236.8729587538791
236.92274119505217
236.92389042259597
236.92858174897032
237.01765562898512
237.02087163784583
237.0209229116297
237.05457651444735
237.0615627163077
237.06246178615814
237.06867023128433
237.0693950462254
237.09221804855179
237.0981780173986
237.0981780173986
237.10306177976338
237.10353278005323
237.10795613202106
237.10798543212104
237.10798625406977
237.11876208484384
237.15998605732776
237.16106056505544
237.21609136368755
237.21618409866542
237.2172066869191
237.21971564900267
237.21972036551978
237.22040022689225
237.22040825795682
237.2216221676516
237.23364017005682
237.23340855330187
237.23489236951136
237.2357026420228
237.2357026420228
237.28502591657536
237.285874996845
237.33802792285138
237.34352891622532
237.3955704887786
237.4012408879357
237.4307769621538
237.53317995643
237.57751742022438
237.58498038407697
237.59225329676278
237.59966960692387
237.60502892049465
237.60300978408597
237.62202956073187
237.62363541964416
237.62991401823163
237.69389662909825
237.7023543277071
