with mode=1, handoff cost coefficient = 1.0
217.52893796957306
217.71674539561047
217.897333782563
217.9206415250823
218.04006405605136
218.14251559301968
218.37061369291763
218.55652696624819
218.71091886439504
218.89583289613788
218.94549999058972
219.07698899906185
219.1941321520807
219.29978212472588
219.39370394273675
219.44708122065924
219.5683013924569
219.67672026852205
219.92393532363803
220.02958101196876
220.28125886888267
220.31998751652444
220.4046673087499
220.61360299135683
220.69368854319706
220.7491890926361
220.80070026058758
220.8820074117323
221.02682821415732
221.08573600163993
221.23441452948808
221.43865095929561
221.57500056515295
221.6868249264025
221.77266986394383
221.85193190801664
222.06745726909648
222.13329959910416
222.25084538150455
222.29935952711293
222.42773880495247
222.5680522372166
222.68942273556075
222.821635460721
223.00747131566465
223.12310801630665
223.24425371364725
223.37888502242046
223.45395143995404
223.53037113345485
223.6861132750292
223.78870825156972
223.84472549963274
223.86291291815007
223.96297245390375
224.0636219998533
224.16541123868836
224.36017047579864
224.4408699146328
224.49981663602443
224.6642260355083
224.84599615963685
224.94037718365212
225.00063304240237
225.21037190049404
225.34820054910898
225.38005965587735
225.49826060167175
225.57101870118984
225.67109497441652
225.75491643708548
225.88578295476145
226.0683399484992
226.17481529279237
226.241470383223
226.36093510809252
226.41203952670648
226.46504466322128
226.60051358306197
226.81642770915283
226.87792790798258
226.96922009739413
227.02808294699824
227.09377275727138
227.2509623148263
227.26030329126806
227.3526001910619
227.35986696840206
227.54100479423298
227.7058126717043
227.78512652309524
227.94629842615248
228.07289798428553
228.2022874249275
228.3151334906417
228.49867679636358
228.5690149084169
228.57613302052695
228.6896302799014
228.815021952971
228.88437132530385
228.9978994395422
229.12540015553614
229.18017471939703
229.2018004115523
229.32692821234906
229.37086486316207
229.54074207561598
229.58068304965695
229.6749408682595
229.7719975307607
229.8378714246046
229.96606504220807
230.07678428215277
230.17479663034507
230.30867034937478
230.419028250333
230.61027439902804
230.63349550659717
230.6375533210898
230.69090018478533
230.7837644738078
230.81741998813075
230.88548157454974
230.9642014886248
230.97515004469267
231.14175128235445
231.18883701522688
231.31795342963238
231.41359906869803
231.49417209626787
231.54037059594964
231.5744127854368
231.69395034196663
231.8221608940758
231.8996730479233
232.0704480217669
232.13208048621155
232.19426494724686
232.22082102359386
232.38828248648696
232.4106401667435
232.5636289274193
232.64602616643768
232.71070302590752
232.80299795423656
232.978089242448
232.99761508621665
233.13931685613545
233.2643287515109
233.37140743975928
233.52196890696985
233.60620928665392
233.67586906278518
233.79686441589828
233.93838524634242
234.03669361835193
234.14814248037234
234.2257263630031
234.26373308653314
234.32542136757323
234.41983017535145
234.50897397693464
234.55720428172722
234.65903697102735
234.71875164095545
234.78970512705794
234.8249685435523
234.84307591188463
234.87421553845832
234.88347472719644
234.89521344039838
234.91210769889926
234.96904065512828
235.00082533637752
235.00461551521596
235.0664033157996
235.12128291194645
235.1685399195257
235.17910342826008
235.28358039342328
235.3015393431942
235.34435490128286
235.38172664013567
235.40774742872551
235.47509974887106
235.54689557349587
235.63942440476453
235.6460351416331
235.8019502826238
235.9092584016229
235.964438266692
236.0421032921367
236.07648642704703
236.14481032300628
236.23249228313378
236.30627180068993
236.35472384512
236.39183825986322
236.41018899163004
236.44351535732008
236.488559529635
236.50802321647492
236.52170501974578
236.5554190892076
236.56446171126845
236.5911948808985
236.62414358480373
236.67297824540879
236.74870087885603
236.82013460474377
236.8841349237514
236.96188761315472
236.98014515623163
237.06608713068334
237.14272336628625
237.2201817824922
237.24639936608708
237.30555851174262
237.31143148677393
237.3554687378018
237.46412593647943
237.53618793881586
237.56239194758493
237.5893677533604
237.67223492166525
237.7656236640354
237.85814562651208
237.92717375646356
237.94283500034734
237.94888890728097
238.03798048827403
238.03747287602553
238.12227220121525
238.20454669425703
238.22602758701197
238.29900494989707
238.3369828496271
238.34325398617938
238.37898075675398
238.45721279671952
238.4620034063921
238.47939662845346
238.4782455793467
238.49678384489118
238.52809745892284
238.58460928400024
238.68479366935853
238.7533155302614
238.77171930989343
238.85999983822492
238.910395524128
238.9299229800789
238.997249767355
239.0434404020501
239.05596143378202
239.11822446466908
239.131028418866
239.16499278250282
239.1991363790699
239.20686290024383
239.24985693002444
239.2783978037673
239.42075893063878
239.43619163714158
239.5197150286864
239.61409696585793
239.67029149973976
239.68337427089452
239.74330615860595
239.76018498804672
239.81095012950178
239.85844116983418
239.8818377920615
239.89971339540938
239.90983748779342
240.03598977123673
240.08427347178008
240.09107347422014
240.12886922310224
240.209033212469
240.2565499331119
240.3039178543399
240.35808333824974
240.41330276419322
240.41217940167866
240.4501009980309
240.49968072575336
240.50908558244384
240.5246286610037
240.55604058464212
240.56729081028527
240.58823850210248
240.61666196172192
240.6392092614773
240.65961853268257
240.71173619291395
240.72594187156605
240.74924550705663
240.79811939515352
240.8610314140652
240.87646813581293
240.9559205262869
241.06358883091255
241.09603727687946
241.14880227761918
241.20868364069128
241.2173745686601
241.22442712022814
241.25319229198618
241.30097868081378
241.30014499520132
241.3631095159137
241.4584728561984
241.4829134231361
241.53092039552382
241.55483527251752
241.58099532213657
241.58751585
241.64706244092875
241.65221899895514
241.6830995197853
241.69173191819684
241.77796863805284
241.7799928400079
241.7811819465826
241.8363828318062
241.87616523971673
241.878405518969
241.9478927250436
241.9741697140841
241.9756376728506
242.0490972032351
242.06486155071343
242.11315647464278
242.17998845631183
242.21542407873972
242.21988002443726
242.2671814270308
242.3043880980106
242.3305710929906
242.34714259276183
242.40885773537835
242.40707908747322
242.53620351008485
242.5522843352691
242.55705604893365
242.5841996121947
242.6312094372509
242.66826659600142
242.72743635427273
242.77254061638598
242.83877313609057
242.85535755732965
242.8833052665664
242.90177725159316
242.96226740761227
243.0748998969717
243.09708664547003
243.10263265229793
243.15950826181876
243.15747474366498
243.23630650361576
243.2823066193579
243.34075095686543
243.34991791403698
243.3769342125632
243.41232710964573
243.41877732403708
243.43776017955867
243.45324161233907
243.45325263063242
243.5380194816077
243.55572069003733
243.60667483182775
243.64058823327568
243.7544469899601
243.75809243442333
243.8018878206647
243.814421556277
243.87294803515994
243.91298322892422
243.97840707110092
244.01477352423316
244.09504901485514
244.09431039131425
244.11650977196703
244.14468392091817
244.14621226727385
244.1487247189362
244.17740759236187
244.17969090466372
244.31807796559403
244.38340108511738
244.4479774205249
244.4671384010817
244.46577082386435
244.46254246981954
244.4832877312801
244.48522207876198
244.51948773848773
244.52451871487452
244.56262813989667
244.6050068873624
244.66219121446613
244.72099086431942
244.7955303517687
244.84733823779413
244.89131641909754
244.907239444677
244.9057039210274
244.9281723474872
244.97981398678502
245.02449832847245
245.09179801900532
245.1612444621627
245.1686958540635
245.18168423923865
245.18394862686498
245.28384058654672
245.2853329268261
245.3524826056303
245.38866731742735
245.46853110290945
245.5020304558887
245.5411547324972
245.59095076863744
245.70110814662675
245.7235117767752
245.84639943660054
245.8506187826597
245.8499366587356
245.9238132334164
245.9598378165035
245.9684113647347
245.9675135430324
246.01769520848293
246.13551224132252
246.1632899987707
246.21029443827058
246.35098872609308
246.36283783595184
246.49540869953066
246.55133531101933
246.67365235094215
246.74288557379657
246.74335587877806
246.75685508713914
246.7567178561118
246.7941246663447
246.8452162276978
246.85574937301007
246.86937891014006
246.8708271112017
246.88872446177587
246.9332385043758
246.99918868740554
247.05700055665977
247.0566234082669
247.071454983342
247.0980646548532
247.1501293556441
247.20450764020896
247.22306094089967
247.2564625158617
247.3170619371819
247.36581320612075
247.3991266814803
247.4019596629744
247.405177147107
247.43317381512387
247.50259334682852
247.56423588115823
247.58611866806794
247.69106492447892
247.72079363230608
247.79719602949478
247.83244060592537
247.91286103205064
247.99952462159726
248.00090976636847
248.12731177046618
248.16686493399718
248.17853378616044
248.194035631685
248.24558289958816
248.2587105882871
248.26803962979452
248.28838083432072
248.3171732575242
248.37188212339748
248.41537901619924
248.47706777848896
248.5163331760421
248.51607298532682
248.53739101428215
248.57358659511323
248.57447553338383
248.62179213329574
248.66512200867513
248.69189525206968
