with mode=3, handoff cost coefficient = 1.0
217.52893796957306
218.10184502974565
218.3239001809765
219.02302281137162
219.14567140309686
219.1455700737051
219.23449818828416
220.69199013801966
220.80834001402815
221.32772919687477
221.55135928149383
221.5811058784581
221.60086501720775
221.99691559726722
222.7680758777702
223.2214428204337
223.2791042293017
223.51813516953627
223.871442252853
223.85769162655652
224.31436593317255
224.3142565199778
224.51703867598206
224.8516662028291
224.84822060927507
224.8485911813711
224.92499167097176
224.92445461849198
225.1433294978336
225.15545789530185
225.15474514341528
225.15382413157855
225.1545819083128
225.1545819083128
225.4075047521571
226.19796474456678
226.37878899834504
226.47647749725255
226.9637475408704
227.75059265051564
227.76184817793728
227.93094078912657
227.9510069314602
228.0321364648603
228.0638271174112
228.0638204630034
228.26857514145973
228.9190832094676
228.91930068048254
229.4825290329839
229.48273499922374
229.48267610686042
229.51335057986
229.51487780632317
229.7250122089302
230.63270471945918
230.56246793759837
230.63914533083016
230.75116012718908
230.9896530689694
231.00466212872124
231.3007297297607
231.43064293708815
231.41224836072027
232.8599765594571
233.28195549517372
233.66647846833436
233.94954744343073
234.3828161979613
234.82126500575956
234.86458860142272
235.16072920429588
235.2371394354126
235.32133275251533
235.94476561972414
235.94654727909915
235.94691585516608
236.00742599927713
236.30057431742327
236.853163413987
237.1643460468595
237.8573608248639
239.07827737235152
239.27014642262634
239.36316810226043
239.50423933963515
239.56895691216835
239.7809370492902
240.1055653535121
240.10110973531098
240.52917355366955
241.11835593663184
241.31844472128765
241.6141135725466
241.78683297693286
241.7951343774831
241.87900914797436
242.3056745729127
242.35627347211752
242.4096018618752
242.41126919866113
242.4235084169717
242.5676209299223
242.57534105078005
243.19526967668438
243.2774994054468
243.5012961888471
243.51273336511792
243.8611879193632
243.86397484074536
243.8752938322798
243.93634996435972
243.9553456166836
243.9608360496777
243.96194892087226
243.98142732310242
243.99057455945496
244.04729083332526
244.04803350915327
244.04789061562295
244.08600625596628
244.08628985351376
244.06908522779642
244.1481203179259
244.15827594765452
244.2528985645815
244.34613589921707
244.42313608645998
244.43693903427095
244.55045768315657
244.5497019539116
244.57750100945168
244.83924998144124
244.86469251577773
244.93197924772292
245.00703877821238
245.04262317444423
245.39677737961983
245.4591600810694
245.46100320868592
245.4859625349901
245.4914666470916
245.49200418915865
245.49949511980844
245.50181048698548
245.5252468194901
245.5318178397357
245.519417479123
245.52670127601542
245.52670127601542
245.5498854684989
245.5635770653047
245.55414476220776
245.55912306374907
245.71962527106118
245.7230432468272
245.72389837749208
245.72623315323725
245.75612499094134
245.79654968998761
245.7963148931404
245.78979506571613
245.80176090162155
245.80207599394123
245.80701935098546
245.80723754537394
245.80723234472134
245.8589155093153
245.98931716787496
245.98900794494682
245.9975368158298
245.9974159553057
245.9974159553057
246.00402170210157
246.06848791866796
246.08029477924055
246.07908185767081
246.079144040723
246.1141337079377
246.1149141769626
246.1138975677855
246.1078264115347
246.1078264115347
246.11522801054048
246.12023808098218
246.13508364059203
246.1565249476059
246.16017592466991
246.16165592397496
246.16695555395123
246.1781306000859
246.18456173039831
246.18481533251784
246.18491877126453
246.26222326511055
246.28018426271828
246.27631528040357
246.282315845671
246.28207626295793
246.28207626295793
246.28877557069546
246.28790168889796
246.2855611363783
246.28573157093146
246.28573157093146
246.28573157093146
246.28573157093146
246.28573157093146
246.32429878569152
246.32286657883068
246.32297300324728
246.3238005689778
246.32643867790517
246.32822672203642
246.32822672203642
246.33084735780423
246.33093870678755
246.3339635229735
246.3339635229735
246.34802144493997
246.34883836634737
246.348474610871
246.34859945072168
246.34859945072168
246.34859945072168
246.34859945072168
246.34859945072168
246.36001245471851
246.35541015934925
246.35529954802362
246.35544067216577
246.35544067216577
246.35544067216577
246.35544067216577
246.38675374932464
246.3890273147391
246.3914799991332
246.39645550632014
246.4100843707605
246.4103880100337
246.41638058551516
246.4092858911923
246.42094207804203
246.42465379029304
246.43501435431776
246.43494776035286
246.43879696720225
246.4437861171968
246.44399030808177
246.44406710711561
246.44887509086348
246.44860268668512
246.44905608719682
246.53376031111048
246.53469691481646
246.53416961074046
246.534695777217
246.56082310815748
246.55346686375333
246.55311175845722
246.5539390737349
246.5566132243854
246.55664640621214
246.55654221883623
246.55654221883623
246.55654221883623
246.55654221883623
246.55654221883623
246.55654221883623
246.55654221883623
246.55654221883623
246.55654221883623
246.55954604880895
246.55954604880895
246.56290152358747
246.56421937319476
246.56421937319476
246.5666068914528
246.5666068914528
246.5666068914528
246.56674289075488
246.56674289075488
246.56674289075488
246.56674289075488
246.56674289075488
246.56674289075488
246.57443050153455
246.5744999523707
246.5731732366321
246.57321532072427
246.57321532072427
246.57321532072427
246.57321532072427
246.57321532072427
246.57321532072427
246.57321532072427
246.57321532072427
246.57321532072427
246.57321532072427
246.57321532072427
246.57321532072427
246.57321532072427
246.57321532072427
246.57661383286856
246.5798331530733
246.58139213258158
246.58145924423368
246.5815556899697
246.5815556899697
246.5815556899697
246.58611209859646
246.58611209859646
246.5860852741712
246.58632142859224
246.58632142859224
246.58632142859224
246.58632142859224
246.58632142859224
246.58945472935358
246.58945472935358
246.58934095419113
246.60839080614787
246.60845450416286
246.60856378678713
246.60863640464814
246.60863640464814
246.60863640464814
246.60863640464814
246.60863640464814
246.61362518919367
246.6138149844949
246.61538285452292
246.61498232098265
246.61498232098265
246.61498232098265
246.61498232098265
246.61498232098265
246.61498232098265
246.6178480435151
246.6187445640957
246.61891544154892
246.61726997913883
246.61726997913883
246.61726997913883
246.61726997913883
246.61726997913883
246.61726997913883
246.61726997913883
246.61726997913883
246.61726997913883
246.61726997913883
246.61726997913883
246.61726997913883
246.62372541406208
246.6228677070373
246.64186348844044
246.6419548227038
246.64920647819514
246.65044838089787
246.65194808418693
246.65338624491093
246.65325744534846
246.66654390251446
246.66437615722006
246.66654316978313
246.66659604259695
246.66659604259695
246.66769649080567
246.67959699458177
246.67995864030817
246.68065596026034
246.6801485273678
246.6801485273678
246.6801485273678
246.6801485273678
246.6801485273678
246.6801485273678
246.6801485273678
246.68433494010256
246.68435779517196
246.68435779517196
246.68569129269778
246.68569129269778
246.68569129269778
246.68569129269778
246.68569129269778
246.68569129269778
246.68569129269778
246.68872514952588
246.6901501717756
246.69042887187817
246.6953605848069
246.69587001417528
246.6931024626243
246.6934780850598
246.6934780850598
246.6934780850598
246.6934780850598
246.6934780850598
246.6934780850598
246.6934780850598
246.69823057721283
246.7026456045232
246.70254875469107
246.70316557006043
246.70318007946798
246.7057111399392
246.7057111399392
246.70571981577288
246.7077432063564
246.7077432063564
246.7077432063564
246.7077432063564
246.7077432063564
246.7077432063564
246.7077432063564
246.7077432063564
246.7077432063564
246.7077432063564
246.7077432063564
246.7077432063564
246.7077432063564
246.7077432063564
246.7077432063564
246.7077432063564
246.7077432063564
246.7077432063564
246.7077432063564
246.7077432063564
246.7077432063564
246.7077432063564
246.73915231867068
246.73925091878604
246.73953649944997
246.739792367872
246.739792367872
246.739792367872
246.739792367872
246.739792367872
246.75003777197682
246.7502364924632
246.74980232300445
246.75023811181953
246.75023811181953
246.7579179604805
246.75811014226443
246.75911734811478
246.7599487781314
246.7599487781314
246.7599487781314
246.7599487781314
246.7599487781314
246.76360809171842
246.76277103690137
246.76267619578
246.7628542024619
246.7628542024619
246.7628542024619
246.7628542024619
246.7628542024619
246.7628542024619
246.7628542024619
246.7628542024619
246.7628542024619
246.7628542024619
246.7628542024619
246.7628542024619
246.7628542024619
246.7628542024619
246.7628542024619
246.7628542024619
246.7628542024619
246.7628542024619
246.7628542024619
246.7628542024619
246.7628542024619
246.7628542024619
246.7628542024619
246.7628542024619
246.7628542024619
246.7628542024619
246.76851036758518
246.76893917541489
246.7689057674201
246.77381696972893
246.77373343858352
246.7733541946841
246.77350923329476
246.77350923329476
246.77965374033778
246.77986167354248
246.77990892782225
246.77997144350076
246.77997144350076
246.77997144350076
246.77997144350076
246.77997144350076
246.77997144350076
246.77997144350076
246.77997144350076
246.77997144350076
246.77965374033778
