with mode=1, handoff cost coefficient = 1.0
175.06487558035948
175.1368909480104
175.25297376743296
175.3317451474387
175.4343833031422
175.55785632681213
175.62850322549673
175.7316576290124
175.85996625059082
175.90782538346346
175.95299877435508
176.00533405739804
176.03312349134364
176.13208480818082
176.17050734192355
176.22664454471575
176.25879448732266
176.35419173700532
176.4036499874764
176.42516370591505
176.53357048397623
176.57358076154682
176.62884055143658
176.73754203315588
176.83513582107088
176.9368871141444
176.98770339458608
177.12235760314718
177.18142270699167
177.2347207745283
177.3300761470036
177.3589139838036
177.5294052821509
177.60506115667067
177.683997087782
177.79541584584493
177.8434272536258
177.89511986022407
177.9650819500172
178.073350232563
178.1805555519108
178.30920964488865
178.39433681692555
178.46979289857344
178.55046293861844
178.63540765478146
178.81555539947405
178.92629559269383
178.97308243974607
179.0655346651989
179.1272929506538
179.1642532717608
179.21834806514022
179.32761204846656
179.3763907287435
179.4804437595543
179.52548416046426
179.57044186366065
179.6573442672452
179.74114071825505
179.90533644380443
180.0520301530127
180.0687801896784
180.18810296298486
180.24643128173187
180.31378045773494
180.38597586257418
180.51259134709204
180.5563280344946
180.62764578579768
180.68306622809416
180.73390391180794
180.79684880610898
180.8890324337629
181.027774883802
181.08787723444578
181.12868267294974
181.18383829519604
181.2338561257808
181.2897338319717
181.4078825813805
181.5604922658767
181.58980314100947
181.73045059754423
181.79894498885943
181.8712960162291
181.91644585262065
182.03670981429312
182.10481431308014
182.22646514757025
182.29990609117178
182.35470636838
182.41396970380578
182.51659359272026
182.54001541642913
182.60346154468266
182.65571737849984
182.72415777223028
182.80190958143345
182.87357651814077
182.9330518803766
182.97691812826994
183.0875172556897
183.16411354612308
183.21072692216302
183.30280588157535
183.36487002233014
183.41902869247878
183.45150422576782
183.50251468315636
183.56651920864738
183.63113575373308
183.70577776663023
183.76708554089296
183.84048307297317
183.9668243030989
184.0208424533286
184.07066338952055
184.08481091095675
184.16195375782104
184.28905214801642
184.38613975513107
184.4286552732459
184.52124228528828
184.56621466542157
184.67618378937024
184.72881746734822
184.80284224453465
184.87559076859353
184.95507452213175
185.04887197884003
185.09721135073815
185.17124575229383
185.19140395429437
185.27410670284394
185.29342492038845
185.34175709843095
185.3824768168962
185.4671125582532
185.54540153592896
185.64224526831256
185.65076256628768
185.71741273296408
185.76190757298892
185.84997316619385
185.91332449402424
185.99336152476155
186.05141235226998
186.15125589082018
186.20567156453149
186.23087642965413
186.25841035203084
186.3308908251653
186.34137846332482
186.3842940158732
186.395727716048
186.44177003642235
186.5434570024676
186.5958032460927
186.66809993980388
186.7233421967564
186.81711975542783
186.88495717389316
186.88590095878513
186.94936415929647
186.99260695067355
187.02901662343905
187.06932763781322
187.09943821960917
187.1422083649285
187.1504877286479
187.21431272375528
187.3031316501547
187.3521048061306
187.45491083399102
187.5215241968639
187.57363791329084
187.68175777781587
187.72379702829974
187.75770199663862
187.80798381268565
187.81459633750396
187.897676330573
187.95716110016502
187.96441572034976
188.02161046494163
188.06374445743313
188.093562201335
188.12277395869714
188.19783233045544
188.20096829332087
188.27241508086414
188.35960120235853
188.3785081278906
188.46212160188838
188.47265576601563
188.52113895500213
188.57345090827747
188.6351173025916
188.72436850054478
188.74442553419655
188.81891016953776
188.8542394111183
188.93732832978452
188.9718162104922
188.99975878105442
189.0163065589876
189.0535171529328
189.13899285406433
189.21007135294238
189.22666681901956
189.2961253580014
189.3297062519948
189.38883817941226
189.40483954573185
189.4625296975413
189.53240635071813
189.5798858972321
189.61252710151413
189.64732509071257
189.70314428989573
189.74799040671186
189.79840071150713
189.8572158944584
189.89102588972915
189.90863776038162
189.92317594362177
189.963868743109
190.02773747438331
190.0416486507473
190.07578141423895
190.09500010431896
190.14202569131183
190.1448977823575
190.21410645724066
190.23617376437338
190.26211721300567
190.3024943030609
190.3029230417896
190.3158796715223
190.33596649085405
190.46645747787198
190.51452783979133
190.59452514000625
190.62317693539316
190.6833358493701
190.77084708840138
190.79270951546815
190.86838912806337
190.88473058506708
190.9613385214234
191.05001209527256
191.07276507281065
191.11548405568195
191.12245762985
191.15855294753743
191.15908536315897
191.17901385729792
191.22851659464996
191.24005083158244
191.3041810580989
191.3839022784541
191.42344321332632
191.45706721021756
191.50368306751866
191.53621093894344
191.56648380951387
191.58776535699744
191.65329620634498
191.6697717150356
191.67291200107778
191.7653486216148
191.84072523669278
191.92841215256766
192.01026116721198
192.06163002728263
192.12051867449097
192.16524311209426
192.19662160068515
192.27661486728834
192.34787447038988
192.3527637814222
192.4209913955007
192.46062680394607
192.45783522322543
192.50590082143592
192.55136174682997
192.5850893177793
192.64524521612495
192.6488341501201
192.66193447248622
192.6740054764528
192.72897820896617
192.73822828293805
192.78366195634158
192.8177497818936
192.91855587164463
192.95297178475673
192.99048527490677
193.03595730116785
193.08529375495934
193.13109328304253
193.1776710655185
193.2515367988834
193.31792068555845
193.32687993640474
193.3511841993846
193.40110789076098
193.45023041541432
193.45930643295495
193.4890491279312
193.50074691923925
193.52440298929884
193.58920294255955
193.58975284339226
193.61520266221135
193.64629415915923
193.6718644780139
193.71335363858174
193.72251841503876
193.78558997124264
193.82486733500878
193.8443345058948
193.8563512434318
193.88478210427056
193.8847494107489
193.90977235711168
193.98501180977001
194.0935823051539
194.107923138565
194.11131783815014
194.1148102045741
194.13538483725296
194.1993471277058
194.26771087535943
194.3331003772446
194.39435376910455
194.4262489917574
194.4483443830381
194.491917527616
194.55239252663992
194.66272332657817
194.7084477140637
194.78469482975441
194.81129223392912
194.83266410583286
194.83115362045268
194.85138446295528
194.89664892912973
194.91504516895307
194.9363985946705
195.00988922266131
195.1206110746267
195.1664978721877
195.22846899460743
195.2802221745495
195.36086905468602
195.43077678887371
195.44467763624124
195.46732779973746
195.46810768354152
195.4850890334944
195.5120407675929
195.52695945350885
195.5998416735451
195.6510158278293
195.6620218183938
195.67049851017322
195.7155581843833
195.75531140118224
195.7905945942256
195.79393671452527
195.8072850152658
195.85879421918034
195.93755517857988
195.96521891275714
195.9720963220846
196.0079110951743
196.02939147449436
196.0637137708848
196.11047266793952
196.12528209003105
196.13670225525195
196.18068721504955
196.20856798133104
196.20974507307534
196.24151477826004
196.24452936400297
196.28412625732855
196.28716904232851
196.31828885319786
196.3271558827329
196.35545038887275
196.372902763464
196.3810525857896
196.39447341852932
196.5004887198243
196.50880433498742
196.58037693339892
196.59442073615904
196.61076890665294
196.61430442017667
196.65297548225033
196.66946785684084
196.7071803768507
196.79291329901216
196.82818288171805
196.89705992270092
196.93633547530678
196.98419067466386
197.00226265459776
197.05946301620494
197.07383179335287
197.11183625091724
197.15387552859372
197.1994591569975
197.2430695974539
197.2810111973759
197.29905279811445
197.3327907822774
197.37124671985052
197.41699772287885
197.4873550879792
197.51824868358352
197.52032534883207
197.51892439457416
197.55261495917657
197.57488520670688
197.59203046978885
197.62147819065117
197.6323415443459
197.67206962768276
197.72535633232928
197.82091510229804
197.83071155571977
197.9060909710814
197.91051576308388
197.92710483750196
197.95247325692526
197.95618923341766
198.0286241105225
198.07038422677525
198.084163672245
198.10330723054602
198.10339575158372
198.13796270255426
198.20725414750973
198.230933479212
198.26728686049842
198.28544087787577
198.3402290073091
198.38317683783401
198.43270198146803
198.4783103670598
198.50056274897176
198.4992599813728
198.5137272842389
198.53521186161242
198.54108759795474
198.55616172271718
198.58280478570305
198.6672781607385
198.6701089677544
198.69891668719927
198.7549507472584
198.75281315027726
198.7981515916506
198.87582188238096
198.91431140528442
198.93203729758216
198.9562196941892
199.01123937836428
199.0403929619323
199.09412996809075
199.13442002144697
199.17281039175546
199.17889703539888
199.18329794713114
199.19177326548206
199.19362153857588
199.26143511518276
199.32504569647267
199.32298741642936
199.32360181659033
199.36039627948958
199.38457228935619
199.3844143058469
199.43989510907724
199.4684923916095
199.56135630537779
199.59523642756133
199.6277226574844
199.7002028242445
199.73995775003303
199.74121118584128
199.79632267271487
199.83759214624556
199.8401921136413
199.89089262115778
199.8897853071474
199.90011133770463
