with mode=3, handoff cost coefficient = 1.0
175.06487558035948
175.3851495617461
175.53786030923484
175.87660656609063
175.8934891936779
175.8934891936779
176.42200781508708
176.47031544465563
176.47029535532246
176.63866281561755
177.35422947563035
177.41493345960822
177.49251399617066
177.56694979227763
177.97054550227867
177.98111061628475
177.9810705824319
177.9832642204345
178.07547040550264
178.0753268400068
178.11682969824417
178.12276439347258
178.48731778017375
178.57152805216913
178.5699235605865
178.96579798817046
179.2966430066251
179.29652245925865
179.58769521564614
179.58787103429108
179.5879378299073
179.5879378299073
179.60295320300372
179.6026955087143
179.62736934206217
179.91519697554202
179.91526550610217
179.91515593958235
179.9236486979037
179.9350965954963
180.7823479691296
181.1071122541124
181.73675468938924
181.75732972315924
182.19468970008884
182.944278111847
183.32109083615168
183.464267353417
183.59014175717726
183.86350039971362
183.93814756170048
184.00749549462836
184.18222125627702
184.25125968401503
184.27642263320683
184.32962289063218
184.7243135266141
184.77434264575908
184.83723285594132
184.87132150940545
185.04782373991128
185.13209346204619
185.13208096410867
185.1452001566467
185.2030080666235
185.60847825559318
185.9114783771132
186.6956453682015
187.1930815399171
187.19752534774497
187.21229504747876
187.21222045427746
187.27793200563718
187.62312691861493
188.17984082686294
188.4542250005255
188.7989328446413
189.01014211028814
189.18742658544005
189.3059978876529
189.48950071316224
189.9990589930433
190.461199067603
190.85278930673473
191.5801857942921
191.58914392756503
191.60829548289553
191.66934283825339
191.97807371237192
192.39299291365313
192.74268506029352
192.74283664929197
192.8647450550119
192.92984630122896
192.93034423428455
193.00482528727187
193.01528478228082
193.1152904487531
193.273083244891
193.4352959602986
193.43535360998604
193.4777276223118
193.47750133622466
193.5638072021127
193.92452680009683
193.93550357505922
193.95955147682594
194.00494061774165
193.9910468683169
194.01208758045297
194.07629545468987
194.07629402462825
194.1126978303393
194.12053183551592
194.21983053537946
194.21346567881142
194.2310745849101
194.27399849645352
194.72013188325542
195.34355104451973
195.45192359918752
195.48683373314486
195.49666192913924
195.5227416173092
195.5418183245664
195.59061755011842
195.59069345384628
195.59928696934688
195.68053612059785
195.7471463113089
195.74822916945968
195.74811378632768
195.75585563518456
195.75585563518456
195.75587965079438
195.75439303623543
195.78277594999628
195.81453145703594
195.84163233630372
195.8744290769153
195.8881648450664
195.88818273685638
195.91671568557965
196.01282831883006
196.01167105553296
196.0293091859908
196.27788284558946
196.2879042630063
196.29084696300677
196.29945915446459
196.3417579071096
196.34597180806227
196.34738075448504
196.35803717925165
196.35798461692042
196.3579524347546
196.35798990611693
196.37907222446734
196.53136394622035
196.8277854727528
196.89667024693563
196.9079463449781
196.91545446246064
196.91975865700405
196.92187083972763
197.10093622002816
197.10153187096572
197.17405068715473
197.1738333538465
197.18658621460366
197.19510347076067
197.19504845413314
197.19487438580623
197.1949419165457
197.1949419165457
197.2021974278567
197.2021974278567
197.20096026692588
197.32753452192566
197.32748717236055
197.38833069968035
197.39686158876324
197.39778490172262
197.39782811535713
197.40604477939766
197.40604477939766
197.48396507527775
197.484165552168
197.50130181024767
197.5056784163775
197.5083054341186
197.50861069958327
197.51225676910352
197.51281973191996
197.5168861937053
197.5316232389377
197.53491776177626
197.5338973651183
197.5339173346224
197.53721180115863
197.53721180115863
197.53721180115863
197.53754283610888
197.53754283610888
197.5644645035168
197.5892010603875
197.59956994233457
197.60562360078742
197.61018521577566
197.60845728229143
197.65168056831178
197.6610875844313
197.66152050418546
197.69247646374473
197.69871324149838
197.6981590664992
197.70500839779388
197.70697320915477
197.7100862917597
197.7171443430122
197.7229167710561
197.727959192463
197.72863868871173
197.72535207594362
197.7291703316492
197.8481382136391
197.84845457965145
197.84313584482888
197.8593761306101
197.8581161252101
197.85170242668988
197.8554791124777
197.8554791124777
197.8554791124777
197.85535823343685
197.85535823343685
197.85535823343685
197.85804087793088
197.88421233068385
197.90407823729657
197.90853720200212
197.91068401332456
197.91133414000987
197.91199147475757
197.92518965150134
197.92518965150134
197.92879101228854
197.92876365746966
197.96543958420554
197.97123454315297
197.97219944934807
197.97219944934807
197.97947826700928
197.97948152060374
197.99204377605682
197.99329518805686
197.99140952081783
198.00199847832445
198.0020272917952
198.00202405287112
198.00887355928558
198.01105725536678
198.0110594933439
198.0122507381139
198.01239859063628
198.01469441386388
198.01469441386388
198.01475495088732
198.01475495088732
198.01475495088732
198.03588542412677
198.03590690028898
198.05346175727692
198.0653650373331
198.09762784894087
198.09417280904677
198.0939671023704
198.113023715464
198.11910109131088
198.11867242790225
198.11996940203238
198.12389344081157
198.1239328999372
198.12400749574942
198.1239913246007
198.1239913246007
198.1239913246007
198.1239913246007
198.13792854611933
198.13801586830823
198.13779287622776
198.13831004466243
198.13831004466243
198.13831004466243
198.14302673818798
198.1412367888908
198.14214417172963
198.14099254159072
198.14099254159072
198.14099254159072
198.14099254159072
198.14099254159072
198.14099254159072
198.22876242391965
198.23053939943622
198.24038477507747
198.24000295699994
198.24009489597597
198.24011497749808
198.24011497749808
198.245083307838
198.24635247069256
198.24613842723141
198.24613842723141
198.24613842723141
198.24613842723141
198.24613842723141
198.24613842723141
198.24717949777215
198.24717949777215
198.25237609977017
198.25241222717932
198.25240000454966
198.25241951276502
198.25241951276502
198.25241951276502
198.25241951276502
198.25241951276502
198.25241951276502
198.27695549955428
198.27697619798062
198.2876614402947
198.28786487657862
198.2876995373391
198.31957720830826
198.36460955035415
198.44363297494178
198.44504146057776
198.44513066939652
198.44511718069583
198.4528469322754
198.453075021262
198.4530733747738
198.45303659957298
198.45303659957298
198.45303659957298
198.45303659957298
198.45303659957298
198.45303659957298
198.45303659957298
198.45303659957298
198.45303659957298
198.45303659957298
198.45303659957298
198.45645716021863
198.45643379653742
198.45643379653742
198.45912870181397
198.4592857890088
198.4592857890088
198.4592830186762
198.461445198507
198.46854537548148
198.47161798745518
198.47158568958767
198.47168820456577
198.47178546016855
198.47178546016855
198.47178546016855
198.4791826291566
198.47919348202853
198.47926643621813
198.47987583268647
198.47987583268647
198.47987583268647
198.47987583268647
198.47987583268647
198.47987583268647
198.47987583268647
198.47987583268647
198.47987583268647
198.47987583268647
198.47987583268647
198.47987583268647
198.47987583268647
198.47987583268647
198.47987583268647
198.485977353579
198.485977353579
198.4860046358876
198.4956856946233
198.49597315230213
198.4969886565763
198.50390021117317
198.50389056539262
198.50398901503507
198.50408505766688
198.50408505766688
198.50408505766688
198.50408505766688
198.50408505766688
198.50408505766688
198.50408505766688
198.50408505766688
198.50408505766688
198.50408505766688
198.50408505766688
198.50408505766688
198.50408505766688
198.50408505766688
198.50408505766688
198.50408505766688
198.50408505766688
198.50408505766688
198.5648823253162
198.56514028103476
198.56248897664554
198.56256314311364
198.56256314311364
198.56256314311364
198.56256314311364
198.56459958245793
198.56459958245793
198.56459958245793
198.56822236540873
198.5682124025262
198.57669501066434
198.5774495927444
198.57745745609427
198.57747079194368
198.57747079194368
198.57747079194368
198.57747079194368
198.57747079194368
198.57747079194368
198.57747079194368
198.57747079194368
198.57747079194368
198.58025537518049
198.58026517721507
198.58026517721507
198.58160620518007
198.58160620518007
198.58160620518007
198.58160620518007
198.58160620518007
198.58160620518007
198.58160620518007
198.58160620518007
198.63760468006754
198.6377021741756
198.6377452492881
198.63539395269416
198.63539395269416
198.63539395269416
198.64119355560828
198.64124534643727
198.64188809429524
198.64186610718372
198.64186610718372
198.64186610718372
198.64186610718372
198.64186610718372
198.64186610718372
198.64186610718372
198.64186610718372
198.64186610718372
198.64186610718372
198.64186610718372
198.64634611447116
198.64646825612752
198.6529647525345
198.6529708195409
198.67373749368213
198.67221397379606
198.68048435226282
198.68049114557252
198.67940172684817
198.6794316969778
198.6794316969778
198.6819359127892
198.6819245292742
198.68281569549464
198.68284754353428
198.68284754353428
198.68284754353428
198.68284754353428
198.68284754353428
198.68510123628585
198.68510123628585
198.68560230729574
198.68620103466503
198.68620103466503
198.68620103466503
198.68620103466503
198.68620103466503
198.68620103466503
198.68620103466503
198.68620103466503
198.70102398765408
198.701074685084
198.69868693625835
198.69868693625835
198.69868693625835
198.70107250101506
198.7010616298523
198.72643119085143
198.7271210265124
198.72767160656156
198.72780551434607
198.72780551434607
198.72780551434607
198.72780551434607
198.72780551434607
198.72780551434607
198.72780551434607
198.72780551434607
198.73530989377576
198.73598185141543
198.7359595865239
198.73671131873073
198.73671131873073
198.73671131873073
198.73671131873073
198.73671131873073
198.73671131873073
198.73671131873073
198.73671131873073
198.73530989377576
