with mode=0, handoff cost coefficient = 1.0
175.06487558035948
175.3411279068981
175.5242950751225
175.52105512587588
175.59000623370258
175.72630861888905
176.0487473885085
176.15132681870864
176.1373831649417
176.17555029326786
176.30832425336695
176.49125787317612
176.52890645918987
176.62407400966637
176.7172817373221
176.7172723380077
176.7219470830752
176.83676727159062
177.05717552608743
177.0579047368206
177.17624333795862
177.1760448330143
177.2332542323548
177.27728393123036
177.3234707041342
177.50030713068097
177.6420788317698
178.04719557678348
178.07278682832802
178.3586460131313
178.3687618851364
178.425014517078
178.6631351596573
178.67693360320644
178.67693009360664
178.67652167212353
178.67619508247282
178.67429028679342
178.67693360320644
178.67727693845
178.67727693845
178.67742200734838
178.79475228302974
178.80717035702716
178.8070145994247
178.92385361848213
178.93520687898234
179.0512112907122
179.13066374832982
179.15881374185915
179.22024692994705
179.3950836752217
179.40176127536117
179.42546647321146
179.4357365122045
179.51178860984393
179.61910826349603
179.6204453566941
179.62230631606408
179.62230631606408
179.68408188561898
179.68406153882
179.6827727083926
179.68121294702547
179.7367429323121
179.73677433425453
179.7356381876642
179.73403506513594
179.73469316984034
179.90564196577313
179.91224018516775
179.91227877101068
179.92397791888274
179.94799790844607
179.99134364201868
180.0000897366113
180.01553066259788
180.1008880601701
180.27483758442986
180.3593973157532
180.49599412593332
180.5483183209908
180.54906073881375
180.5525253121474
180.67017702343352
180.67798891403947
180.69744300934843
180.70077804077656
180.7062486922404
180.7072858327875
180.88203779467963
180.88165842531356
180.8839163369478
181.05820302381696
181.08908622545644
181.10371233420105
181.1037141362995
181.1158948437688
181.1179148740902
181.19169114762224
181.19799545672447
181.2030688051214
181.19637410132077
181.24368793705665
181.244078722045
181.24593206449075
181.32019225390965
181.3850468312122
181.38128136096668
181.38128729205187
181.3827737037261
181.38875731966598
181.47211593847442
181.4772500062384
181.6625223802656
181.69096129612922
181.79451520611755
181.96425897087892
181.96325611327762
181.99301317817446
181.99439939548523
182.02652467499672
182.02700014077953
182.09045901734007
182.15876472708257
182.18229688897966
182.34291666196523
182.3538564407195
182.4332013095434
182.58597445251866
182.6243213363922
182.68513417130077
182.69177692356902
182.6924965924709
182.847197472521
182.94014667371522
182.95304159590995
182.95919309417417
182.97821466617413
182.97831583004026
183.10733900910807
183.11054218072633
183.1111396744865
183.11032536869968
183.139290767498
183.13928507610925
183.19694813001334
183.1969538214021
183.1969538214021
183.35740600778593
183.46871213540155
183.48128842703437
183.51103133639475
183.60644777748206
183.65910041963264
183.66444701983562
183.74658808041016
183.75301964163486
183.78309571654827
183.78260005688273
183.80350807687827
183.90818017399576
183.93753881766648
183.95653480241205
184.02290496865814
184.02872745436267
184.0453991328305
184.07748497217688
184.105414358102
184.18280883054283
184.18352589464035
184.33491384829188
184.45816312308375
184.45982546597423
184.56662494420408
184.6615207221529
184.74305106703525
184.75838482644144
184.7583755362644
184.76821340589083
184.7800471235565
184.84452612069413
184.84452612069413
184.8605348778913
185.02496897380297
185.025698840484
185.1250443493478
185.1250443493478
185.27162567620277
185.27302371335423
185.29538764172534
185.29195614886402
185.29205319808273
185.44148864744884
185.4404393471611
185.44707115497286
185.44797770021574
185.56381389205256
185.69375092634235
185.69387106484578
185.69313202791125
185.70441972252857
185.81885377173094
185.8191984671818
185.90254205343237
185.9028448202256
185.90284985075448
185.97353785944478
186.00388549526411
186.00760585751922
186.15226898099016
186.1522599720227
186.15827946956068
186.15066609754018
186.2595045305783
186.2681099114917
186.2848720445334
186.34145141800425
186.37778969986533
186.41399490791545
186.41400391688288
186.43770144855108
186.46785411465117
186.46786811733728
186.4766623442817
186.5160744834094
186.51564146942877
186.52165372185044
186.5917852105895
186.59861582777702
186.6021577743967
186.66764335899003
186.66847590218137
186.6782266719022
186.68149807595364
186.6896557696586
186.75388714710553
186.78869397493324
186.78859594867865
186.79764594437893
186.80017622115068
186.89485558099113
186.89596155122896
186.89964961875827
186.89964961875827
186.91850168974278
186.95457104752657
186.95457324548101
186.96024724382062
186.954106707074
186.95789586005066
187.05204859031593
187.05204859031593
187.05348571822753
187.05360863696953
187.07601850506146
187.07589558631946
187.08226597913642
187.083124278617
187.0809894227603
187.08425357661304
187.1495810375027
187.14958742678013
187.1528947722189
187.3167061168202
187.3182940256654
187.31783858085655
187.31536663705614
187.32020832498526
187.32107520005627
187.32140308461823
187.31508119230728
187.31508119230728
187.32001126789382
187.33086011262816
187.40085727149804
187.40085727149804
187.40963767644826
187.44544392210787
187.44307766444118
187.4383194279457
187.44137837508404
187.43400844323347
187.44544392210787
187.45649513754103
187.48031129054354
187.55012177992595
187.5827010243228
187.58601209377954
187.66385194211057
187.66385194211057
187.6973484562526
187.69862881874639
187.70695711244852
187.78421869658507
187.78824639452768
187.78824333228948
187.7989029671297
187.84792498444833
187.84931135997266
187.85968649877162
187.8620930388369
187.8622406847753
187.89795002397048
187.90679450969765
187.91019427654905
187.90942672866473
187.96739843265019
187.9699355068699
188.02557161278736
188.02686475552517
188.05828922338367
188.1371845935147
188.15552789983485
188.16151087457771
188.16324822174323
188.16387565920024
188.16387494133886
188.2021863496642
188.21779708159667
188.2177977773688
188.22565825656713
188.23639203763835
188.28222891609983
188.29004995377838
188.2931593724891
188.32824236307368
188.33818234053132
188.34164644146236
188.34768459267863
188.3485971100617
188.42273175487796
188.42703289767152
188.49533383579106
188.5817047217921
188.58235800482214
188.59674359695532
188.59674359695532
188.65213722110474
188.653820574138
188.65382211141406
188.6560147286569
188.68817476865027
188.68939405489326
188.76574158113223
188.77825805124596
188.81859584951994
188.81860080688423
188.82220257313972
188.82220257313972
188.82609905511282
188.84278001977657
188.8753824909452
188.90715940454115
188.9078133744196
188.90781590568662
188.91846601386152
188.92149092732956
188.9226103957167
188.97948013260483
188.97967579708725
188.98288535046552
188.98288535046552
189.0520515089124
189.05231860862023
189.05231934031556
189.07242688886063
189.074779049287
189.08030874231898
189.08236884368156
189.11850381162756
189.15037671729243
189.2004559064358
189.20361283210957
189.20361283210957
189.28726625189793
189.34549229022727
189.34549379327476
189.34874611610928
189.3487471047572
189.37968879832226
189.4488908533945
189.45129941368867
189.4523506273931
189.5021259907875
189.53561638818994
189.53561689768122
189.53955037692666
189.5370324931351
189.539349696718
189.55755271263308
189.56362322882225
189.56322337927463
189.56322337927463
189.56893962186305
189.5844569613634
189.58346764797952
189.590499946726
189.644772727614
189.71073801266553
189.71075031201255
189.71319331706016
189.71319331706016
189.71152950745224
189.71359752258422
189.71367638391325
189.71367638391325
189.71417843495692
189.7410468349693
189.76330142488422
189.7650601875213
189.8118868693776
189.81169613094204
189.8164003369738
189.81636411355515
189.81826018634985
189.81965566425026
189.819655957262
189.81965619174676
189.82054897632844
189.82616976789723
189.82690549613832
189.82696866566508
189.82716463072552
189.82715067250382
189.87521288924344
189.87478689625794
189.8757544453795
189.91533155342248
189.96783496054817
189.96783496054817
189.96782106050608
189.96968842261427
189.96968842261427
189.9707436947375
189.9707436947375
189.9730195464027
189.97264902477392
190.01594353810378
190.02726056588335
190.09950238063317
190.10026718884913
190.10165511368854
190.10313152310823
190.10761845433058
190.10983378587892
190.14639704167215
190.14703215967464
190.14762601471193
190.2141283523175
190.24200812677543
190.24227164225135
190.24304124704472
190.3186220376854
190.31811418088628
190.32022321588568
190.32670253793296
190.33349831734532
190.3361718264146
190.3352116467791
190.33731971978082
190.33932339572243
190.35393052245874
190.41447838440854
190.41338739859566
190.4138830107089
190.41439270018458
190.41505115606526
190.4150552100204
190.42991121542482
190.43307689254056
190.48161558338091
190.48167456102544
190.4837566918244
190.48316162448629
190.52490684727644
190.5322478804097
190.53206421388367
190.5642546037072
190.56485602387713
190.6011115325305
190.62605925656027
190.62601845585985
190.6817024369637
190.68339671104096
190.68339671104096
190.7480080117624
190.81512494112437
190.83493791109697
190.83554259772342
190.83352859553764
190.8702319323925
190.87342333509983
190.88538258716684
190.89350532582958
190.9053401063774
190.9053401063774
190.9072470607177
190.9072470607177
190.91682553533167
190.92413347489511
