with mode=1, handoff cost coefficient = 1.0
183.69798406671194
183.74561807280153
183.88948735034725
183.9511036603044
184.06091909868456
184.18764057423473
184.24627498665544
184.3003432401665
184.45507194561222
184.53161895220313
184.57954945445817
184.6558753195592
184.73142910940413
184.84362878385488
184.89965161509076
185.0485894019233
185.14010595573177
185.17666533034978
185.30679834295424
185.38600402250728
185.448293328334
185.48352144369488
185.65500706615757
185.78922461929324
185.906885164142
185.97504732235308
186.10899309924497
186.15873088794893
186.25667789663729
186.44765500686765
186.50834517817998
186.6438398699813
186.74782515431897
186.96306170017584
187.29694798246655
187.36839647781278
187.5122822680693
187.683160202114
187.7485364054379
187.81629524021528
188.0258261860974
188.05621346060767
188.17345589650864
188.30670624744175
188.38457628568648
188.4838349933736
188.60878095490355
188.63869078116892
188.71084584850672
188.93867123789
188.98069031583682
189.09539135463933
189.16933322727533
189.20477538809428
189.32759026370303
189.39224602626274
189.4269297717764
189.50953700313866
189.58427418684855
189.73240426559266
189.75388205449445
189.85122780665785
189.9796946608233
190.0862769663235
190.15540267083583
190.21730577844778
190.3348939915018
190.34812291231435
190.4275551415547
190.5877197757888
190.66183527042534
190.7042772384867
190.77621452177965
190.8548000561232
190.90376038423025
190.99013595125393
191.06051817796808
191.20387220517924
191.21520984326202
191.33130351361473
191.3561955868499
191.45462396150953
191.55174029521152
191.55574839047236
191.70204199087388
191.77471986389838
191.91806684592115
192.03273318716882
192.1394638956081
192.1989145955005
192.26010879035147
192.37680402044404
192.51916899929188
192.61394280011592
192.68328169193245
192.74985044450796
192.86174803942686
192.93309589795592
193.0660487547548
193.17373667310898
193.31032523336052
193.3261172857847
193.46240366112045
193.53305199983626
193.64839364959857
193.69123354046764
193.81743372438837
193.85610195087526
193.900619796602
193.94470843507412
194.06073082213751
194.1449704933911
194.19009508478987
194.23939743630544
194.29185522026037
194.3493135886299
194.5484327936405
194.58030620598245
194.61418780278996
194.65853808444504
194.76471946070728
194.84932614079975
194.89124742858976
195.0135132999033
195.03546141665512
195.04766136620594
195.05362731893382
195.13645344994436
195.1925338724379
195.2262758332366
195.34212236323756
195.401696817747
195.40774947793605
195.53385307373358
195.54840881688182
195.56935504594625
195.57442431901865
195.63591775454847
195.6837160890532
195.79268715202826
195.82762609902468
195.8351793006809
195.89798040797746
196.05439916187112
196.1525966716922
196.29196250942422
196.42518966249517
196.5240771678855
196.64337511099797
196.69006003439316
196.7111378717863
196.76699779492398
196.8380005880501
196.92179645132964
196.92815484255775
196.99064297390618
197.0847577882492
197.1431418313782
197.22936567343336
197.33113605309305
197.4058607990551
197.5692725715582
197.66363094472615
197.73086905367663
197.73455606453498
197.8028027759902
197.83914294915755
197.93135473263678
197.930968388616
197.97453614938084
198.09417717893518
198.16447179474736
198.25633766273086
198.40955028286868
198.4215217468998
198.51485793471707
198.54453824991404
198.5650647512208
198.6065181468187
198.67538487551624
198.6897352620144
198.71312451176271
198.79155696035616
198.82069283977629
198.95407724550847
198.99292384186367
199.01629362028126
199.28235058283695
199.31739292507
199.40178488340038
199.4291987273108
199.44480537718013
199.48073757491446
199.6069725450001
199.71145194556524
199.73791293944757
199.7583132011188
199.9423778652221
199.98868515935303
200.0914660590974
200.15907024754594
200.1816634653896
200.23510942015542
200.29212088168677
200.32147174429184
200.4034762940383
200.4831900707859
200.50144708412802
200.52430793918808
200.55169179527215
200.61199019640597
200.64549519479675
200.68842210675535
200.6888813332998
200.69059735818462
200.77987401813664
200.85039134711616
200.86353935741266
200.90398100633513
200.94318398656958
200.9463819607324
201.1401244331173
201.20745069210534
201.261746834801
201.3446361441156
201.39262808486168
201.42211319459585
201.4919730742781
201.51999295091795
201.61712326541786
201.6784277352837
201.68681821469335
201.7314358772789
201.740910116523
201.75606893223855
201.7530004254694
201.76328944084318
201.7943650269537
201.86377705289533
201.92745372984822
201.99711359895562
202.1314117406036
202.1982075433115
202.2193823490709
202.25562688970058
202.34739184228155
202.34468618677332
202.39934112685813
202.4280190501452
202.45358011506738
202.49953497418636
202.52232633401348
202.57116149147197
202.65283214649597
202.69706626860517
202.72359147258192
202.77864649642456
202.81332474272122
202.90056453157388
203.0777590214013
203.13001718903988
203.1677367650094
203.31418585825068
203.35678632882227
203.39007464013184
203.4226175112127
203.44686706543146
203.44906929310665
203.47666794603657
203.53449476175317
203.5760037218737
203.62801288903853
203.636988856881
203.73313781008724
203.7789606883503
203.84511248291233
203.85849053560068
203.91999010169485
203.93054992403805
204.01974307229125
204.0668578842311
204.17510729196079
204.26170480653604
204.32043445873788
204.32278127913384
204.43472734157297
204.54046136342583
204.54985730670887
204.6505766589088
204.65205904322198
204.68452597689017
204.71852074810906
204.72823808324034
204.78397836657837
204.81588216263734
204.8292699026935
204.84321609897532
204.8807819243116
204.94034582325887
204.94342499462454
204.96982474305102
205.07383927852493
205.07726869781493
205.262628080225
205.28099424357126
205.3522350982482
205.46680603540636
205.52496923342406
205.62683684768962
205.69464709134277
205.75291014189878
205.83610114991365
205.9304552293012
205.95691466569028
206.00967591618047
206.01452147919022
206.11372030421327
206.17436588507945
206.20362299364203
206.25430825326816
206.25965980886673
206.31733277986288
206.36477140406578
206.38104845674198
206.41358752856388
206.41717076678648
206.4220494677834
206.42134465937752
206.46970016352589
206.55348642715717
206.56206969004964
206.60356853765748
206.62330420083038
206.63992587466288
206.66573844989878
206.76819754441294
206.80185164180818
206.8344938465296
206.88638675900273
206.8997544042057
206.93633388952492
207.00010333947296
207.04523567229387
207.09289994671317
207.21134157650684
207.22691463336574
207.236147178778
207.28518991311836
207.33102987984202
207.43466774046286
207.44702800187994
207.5206659497551
207.566546316762
207.61636780214243
207.65949580469746
207.6780636597566
207.71670118225404
207.74788726650215
207.78209924815758
207.80341080474906
207.8085062186241
207.82000858076793
207.87198730111203
207.9365768731326
207.97911677387788
208.02661934808123
208.13797032739257
208.13981936897412
208.24265543282772
208.35701337115685
208.38716437064554
208.3896764795757
208.391701139448
208.39843592706802
208.40675738841693
208.4457156213295
208.47907690722795
208.53090705994003
208.57688184061047
208.643913945769
208.72798579730153
208.74966199705014
208.7992762337077
208.8147854072993
208.83670757342264
208.84521396913794
208.9033463640585
208.92636948816508
208.92957207867946
208.94464045921032
209.01196055478246
209.0301348068439
209.06817246804368
209.11176310146604
209.14393422463152
209.20903249825523
209.2097039120938
209.2971430197137
209.3156205910699
209.34855808539336
209.41346035602
209.45285216076527
209.45186309146249
209.5114533962615
209.53511540746143
209.56232300352934
209.6562534605644
209.66008613334716
209.66118119380172
209.69358048970832
209.74738228299944
209.8218930965447
209.85544691504538
209.96450400932548
210.00295112799458
210.04756627033942
210.09633991886773
210.11834107695552
210.1584119695351
210.23664696865333
210.25098120141095
210.27905971016975
210.31421884128773
210.32888027627914
210.35410742634036
210.35698869227627
210.37931152474886
210.3808671214797
210.3866072019594
210.44653595499005
210.47413928122012
210.47768518137772
210.51889766106294
210.59244828030543
210.59268178605248
210.6439250409643
210.6451490698476
210.67455126706875
210.6923986604835
210.7485759802645
210.7654361861903
210.77024172147554
210.76928543892444
210.8509860372808
210.96933302240777
210.98444296101997
211.03605075075748
211.05247174908894
211.0785045966227
211.07838872584284
211.07559499870825
211.097680200191
211.1181185876509
211.23082646571572
211.27825950746043
211.27911994041108
211.32514754757074
211.36828673960355
211.390028919831
211.489931652817
211.5315543580631
211.58978394972968
211.65603136269385
211.66103215189162
211.7267211546328
211.77746676625603
211.79838402744576
211.8488035845142
211.88308034653062
211.92543231153383
211.9546894076725
212.0303335654586
212.16003402718158
212.22524718317283
212.2942887876852
212.29853150212497
212.32547980109177
212.38274443741014
212.38274614184868
212.40871363311126
212.43020170826023
212.42968129662557
212.43110970519368
212.45915389409592
212.4656446248833
212.47275386557655
212.49800784885554
212.49850076306282
212.55015418075183
212.55212471570232
212.5735740772956
212.5957106666618
212.66378796820163
212.70787422210057
212.77352595171047
212.77493913495246
212.78434499998372
212.88528367618997
212.91214122658124
212.9254020385709
212.98616966058307
