with mode=0, handoff cost coefficient = 1.0
183.69798406671194
183.85108185899995
183.83940981368153
183.87091174897625
183.86740082669021
183.86847580617658
183.99558495324845
184.0255668768764
184.38016997065634
184.49641769455516
184.50206460199544
184.4800060755533
184.4805839020826
184.4880481712004
184.48791121308636
184.86910002648997
184.8672800473259
184.94655864883296
185.1043222719048
185.18568225642366
185.1875885369655
185.18307654681263
185.20969788893638
185.21617852906667
185.25338276136233
185.42263107198607
185.44766358908615
185.4465007900666
186.08472677910052
186.18270237449522
186.45612822734697
186.49966829036325
186.52466189106266
186.56211514666234
186.54798952584355
186.54848352482702
186.54621594876937
186.5382424264145
186.56211514666234
186.6284044324977
186.6284044324977
186.62851871530805
186.62905813089412
186.66998618554373
186.670894779669
186.68166008118823
186.68164391541757
186.9957519471262
187.26046992044098
187.25837087967037
187.55899184448097
187.6822115868095
187.68291699897273
187.710394583134
187.70590307854496
187.73633007283675
187.7378365673208
187.78235169318302
187.9855764105172
188.01334222497755
188.02349254192498
188.0305732080533
188.08015518738688
188.43063424409056
188.43147989951035
188.59755741751675
188.61526568094806
188.6152529333364
188.6537445863118
188.80112537164973
188.97564230736646
189.02638337478936
189.0429860173135
189.0824277912635
189.2174986320852
189.21686302559846
189.218151836164
189.21842934390534
189.23738671194909
189.26325423973063
189.28743668193664
189.2874175446318
189.28655702429995
189.30454909136654
189.3005696306359
189.3378777178031
189.33825616122317
189.35210246518187
189.36373074275423
189.36327082900908
189.40635528674744
189.41009142162045
189.46348023093674
189.4978622532271
189.49813631367093
189.64140245186584
189.65948856914878
189.7699629012568
189.7751552859307
190.01908200260192
190.02917430913178
190.05026276356924
190.05878850382547
190.0587964823253
190.09262390436834
190.1059288120107
190.44864822392213
190.47635058399015
190.4765234059273
190.51412370283916
190.56876323459275
190.61468886189434
190.61334383972118
190.73689949554168
190.73853988518414
190.74831494905075
190.74831519787878
190.7860077749247
190.78624814141918
190.78200777610596
190.79950485052044
190.99492534908683
191.01784762250844
191.07978543888112
191.08633807230206
191.1097721961674
191.2914942227006
191.386814639572
191.3868078778876
191.38128020529888
191.44080970167016
191.5665181045082
191.59091782365255
191.63543836590722
191.6432345823106
191.648570129769
191.6523045540108
191.6523045540108
191.6889321148417
191.82351543195026
191.81110016981097
192.17774002366284
192.1744785163221
192.23668175315748
192.27043414908692
192.27793606394962
192.39511730765764
192.6886956407364
192.83251734567943
192.91927576652435
192.9350760127272
192.99968295489853
192.99968295489853
192.9954751095916
193.09659164468349
193.45120745783908
193.51585452400215
193.53807638830648
193.53902476944404
193.7188733936033
193.7188733936033
193.8977501907145
193.93659039348313
193.93621747145286
194.01016155716584
194.06179260493033
194.08305101763938
194.08429934711285
194.290381406161
194.30131446177379
194.30046902944375
194.36819338066536
194.36787626998895
194.3682198792928
194.39887686507834
194.39923256635302
194.39883958963236
194.6671180389917
194.66700644619007
194.90700961530143
194.9690962498916
195.13408916230148
195.1690539053213
195.3327036305815
195.34293994537535
195.44301936248257
195.5927005516248
195.64585845824664
195.6944203432981
195.696256830686
195.69075588695713
195.70093090088483
195.70138215494546
195.70138215494546
195.70153303076626
195.7856244174682
195.78033742117807
195.79195118666442
195.90326520914957
195.90368960233369
195.9437432542745
195.95125554416504
195.96839152861406
195.9777913885638
196.03080913760962
196.05675466466818
196.0610664828668
196.0610664828668
196.0717219531366
196.23951428696887
196.23951428696887
196.55329694165508
196.56550452915704
196.6940723505443
196.74769074900792
196.7709569384762
196.81532919172164
196.98197427481838
196.9840196345497
197.09545578198242
197.1204522570433
197.14740946360138
197.15320283796314
197.1534911259966
197.1587871022272
197.1587871022272
197.3947599599874
197.3949555639653
197.5673016870728
197.61902221121818
197.6325146391692
197.63646025793662
197.66802264674808
197.69484741982302
198.04771364969156
198.28558443941043
198.2883047945176
198.31714459040785
198.4099681028596
198.4099681028596
198.62708717928933
198.66487529236556
198.6666824924802
198.66122702557962
198.66122702557962
198.6707046854628
198.6707046854628
198.7158973158748
198.71781503849093
198.7168856936902
198.7521355773386
198.78473237034177
199.0995155802747
199.0995227955
199.09562106693667
199.09579178908317
199.14267932385593
199.14315106497145
199.1431877285151
199.1431877285151
199.27602249275304
199.3198233237552
199.33128612772128
199.33878397000078
199.44746601755938
199.44795674776609
199.57706994607494
199.5861205316547
199.6671325024972
199.84813364208776
199.88406338065278
199.99222776736644
199.99388616970936
199.9936701876149
199.9987264344502
200.02686346010802
200.02949850061088
200.05650272646608
200.06122773713366
200.06676550499992
200.06389794880778
200.16284542981293
200.1569546212343
200.15763611741184
200.15787673342535
200.17377826186308
200.29749649600384
200.30294613454748
200.42232203488138
200.48048046870258
200.4824591821431
200.5083536616046
200.5280291069679
200.522444849759
200.61005062119554
200.60755236426746
200.60755611751998
200.62721988211754
200.6367625997862
200.71616420531055
200.71264959034679
200.71264959034679
200.71265669517535
200.7138534521374
200.71616420531055
200.7820401692134
200.78606272142386
200.80297472507672
200.80677598724824
200.80819206399687
200.8106849011138
200.80764028700742
200.80764028700742
200.82131477105813
200.90813500277318
200.9238777562476
200.96646837688857
200.96647236092994
200.96946149260958
201.01317011523736
201.06426134062139
201.1095948474682
201.1095948474682
201.11553926995546
201.11490619001526
201.1194057290323
201.19655777897245
201.20034200232885
201.21532255159485
201.21532255159485
201.21718855735338
201.2171887841198
201.24650715508267
201.245292661605
201.27809581584802
201.318783464535
201.33531902623685
201.39943541411859
201.40028697717716
201.4017293388548
201.40193175026332
201.40245195384733
201.4797930661639
201.48316228243158
201.48665787303008
201.50335626854329
201.51543183691072
201.59170008967658
201.59047562803383
201.67269085633475
201.67269096056856
201.78574492500624
201.78747227081107
201.84921008768686
201.92731339053344
201.95923403167697
201.96021883760963
201.97236239167256
201.97416178502652
201.98028566605913
201.98101164161102
201.9986136763274
201.9986902903465
202.0015353940521
202.0015353940521
202.0076293201455
202.00980724354716
202.0235403296384
202.02447912040788
202.02429493103088
202.02691635316623
202.0470038468498
202.04829846009457
202.06517638858176
202.1175604959279
202.12041452054112
202.12133946279025
202.12139515334164
202.1443234974223
202.20177939861983
202.20238925549575
202.20277043351763
202.20412860108723
202.20954458019557
202.20954458019557
202.20954447596176
202.20947785210714
202.20957546559094
202.21300178099114
202.21364166548807
202.21443073606878
202.2535629549641
202.3035674834972
202.40185838852975
202.4022192336723
202.40239563563082
202.40302404276642
202.40541495857886
202.40744295316168
202.4094898457883
202.46418320197893
202.48543319526027
202.48543319526027
202.4948612717594
202.50725366168967
202.5068858530343
202.50753550857178
202.51351475806686
202.51406840936173
202.5288121505292
202.52876714695975
202.52876714695975
202.5421977361121
202.58442026433988
202.58455849483113
202.65131153574706
202.6513160052557
202.6534624442813
202.6534617835088
202.65414320810103
202.6549842800673
202.65816104684336
202.7167156549436
202.71641938486786
202.71720445334566
202.7174608709107
202.71770496703527
202.71770496703527
202.7259706687811
202.7306089449668
202.731813801266
202.7823019618409
202.821674622869
202.8223306774536
202.82135804418238
202.82523857371928
202.8820469680512
202.88221295255278
202.88263532420865
202.89356074048177
202.89440173507577
202.89471345504208
202.898438712945
202.90409920657564
202.9074820965014
202.9073769970192
202.91711777733735
202.9165638801782
202.9545546924746
202.95554843451404
202.95800572309534
202.96022896231497
202.96022896231497
203.01702238114606
203.01981439200145
203.02006144815562
203.02453468652695
203.02676299971623
203.0317770529661
203.03404884811755
203.12153341169557
203.13300316641988
203.13614767722115
203.13755300957715
203.13755300957715
203.14037245410535
203.14096970454992
203.1979184577136
203.1979242000133
203.1981466416568
203.20118198054865
203.21386316554492
203.21758790153788
203.21758790153788
203.2396163531707
203.2396163531707
203.2396163531707
203.2392073935413
203.2389367741494
203.2397958676541
203.24311679959013
203.25087622491327
203.25115170369529
203.25359597494977
203.25358921462959
203.25654269568102
203.2568737488484
203.25679548996416
203.25727412259297
203.34217228804957
203.34410258013267
203.35141204929124
203.35210322385274
203.35198138066588
203.35774701558069
203.37722520880166
203.45904902997077
203.45879238039097
203.53180374411642
203.53180374411642
203.53180374411642
