with mode=3, handoff cost coefficient = 1.0
183.69798406671194
183.98297408625803
184.70952182091673
184.8693926330651
185.2649788679374
185.26490564770995
185.50074020514367
186.98524839298233
187.1777934585639
187.17848938234945
187.58495239411243
187.6706999671384
187.85101544387976
188.17647162128117
188.44386823144183
188.61837623866234
188.69611379707814
188.82024959238493
188.82017834491776
188.97934021503747
188.97970157238723
188.9800072481982
188.9800524548915
189.1214245240427
189.18715431309076
189.18715431309076
189.3309175314514
189.33269042199083
189.6609206977801
189.70318709352716
189.70278903419444
189.6937075236471
189.6937075236471
189.6937075236471
189.6937075236471
189.73639391177392
190.22895320497096
191.14651630287497
191.2361672358651
191.2577565378397
191.45391442835063
191.45282956158417
191.56084387711647
192.01842834940018
192.03319209045583
192.03375649060536
192.03292889089272
192.0617906744143
192.06168949864485
192.06254334571847
192.06323700528833
192.06323700528833
192.36598892836267
192.62691373834315
193.0772894716502
193.16699200154324
193.30933246133017
193.28945616017035
193.29973445374625
193.5561214214708
193.5565332502633
193.57025063690844
193.6043111313099
193.6623409460233
194.22383153366252
194.6607154515282
194.87143347214277
195.16294270728648
195.1907817229239
196.02389593886747
196.10393096168139
196.64660644009126
197.3394893182982
197.404112804423
197.5834812907194
198.41326417761158
198.41004443172088
198.47746756306736
198.50779985721812
198.50752427361627
198.92230075371256
198.9776255663773
199.16889942570992
199.34960622251688
200.23150135860374
200.2932288021023
200.53522722905237
200.70702552243588
200.7198554305348
200.9082632326053
200.90676631314847
200.91488771195975
202.59849977852184
202.5884034520568
202.59292919672558
203.1976431046714
203.2850503389604
203.29349646530096
203.3152101622757
203.42271872674
203.44225874954927
203.48699332624463
203.95896791204805
203.9553373116636
203.95787770157344
204.23932450462664
204.23922427990524
204.75753407447877
205.00083166515205
205.87009800781095
205.89959998430672
206.0572966131356
206.05162901907934
206.05173008762122
206.0517796326287
206.48616777948862
206.7575242355038
206.97957780599012
207.1192404374011
207.11910952400714
207.11751827571234
207.13706531094383
207.13202289308057
207.1390754892977
207.13567898613624
207.7141534797486
207.69738350384412
207.87696322732083
208.05265139448554
208.2254026673344
208.25394800980592
208.25576673733423
208.278169550248
208.2935360582675
208.5366598956006
208.5347880510677
208.62285156976978
208.6460121073383
208.6396807811266
208.66153673333739
208.68899883229156
208.69845109460644
208.7004070915681
208.6986869248473
208.69402864303143
208.76373382311905
208.76373382311905
208.7637285836914
208.77299881688
208.77145313332667
208.77122599389597
208.77280433427651
208.77847928675462
208.92377292353208
208.94984850348922
209.09042167199232
209.12637321109852
209.10457890015036
209.34816232074297
209.34816232074297
209.35146186075303
209.36226462223263
209.4053007481682
209.41029061242503
209.43473987474226
209.43633499879886
209.44521999086285
209.44521999086285
209.55952090699472
210.34714835655794
210.36045889184646
210.372571333309
210.3703629112008
210.3727705917246
210.3746199026863
210.37851147792497
210.3746055349906
210.3746055349906
210.55701824925404
210.5605012295143
210.5479854373628
210.53212716625785
210.55657338302964
210.56374612509205
210.57625788746373
210.5763894107947
210.57665240566595
210.58907482621518
210.724524895675
210.73644987533623
210.73926261859629
210.74000037651922
210.73988644620238
210.73988644620238
210.83707476392533
210.83696332083554
210.84680258670744
210.84682339084358
210.86839235938643
210.88458867818932
210.889563735847
210.9026613499711
210.90037251662176
210.9658793570056
210.95699360266084
210.9648251971308
210.96803659758058
210.97481048314546
210.97494983031527
210.97478235083088
210.97992078109573
211.0090787773181
211.01475015167424
211.01497060583458
211.0174806754345
211.0173179667664
211.019164681038
211.02122062273986
211.02122062273986
211.0536581663619
211.06707415947224
211.06770376280613
211.06759584538023
211.06598779409495
211.06598779409495
211.06598779409495
211.22157644034516
211.22205454772674
211.2387946518737
211.24323486876912
211.2472559501035
211.24539425162968
211.2738799244179
211.276309887716
211.2948562951705
211.29486284878377
211.29618750827862
211.29158334283588
211.29158334283588
211.29158334283588
211.30246574585905
211.30115368792113
211.30751544186072
211.30674312595303
211.31515707269395
211.31152070260603
211.310766392504
211.31313380368792
211.31313380368792
211.32228652411877
211.3251397739868
211.3251428440725
211.3314020991562
211.3264396257578
211.3264396257578
211.3264396257578
211.3264396257578
211.3264396257578
211.33275224803097
211.33393066998147
211.33617708565194
211.33806244588212
211.33806244588212
211.3467906352307
211.35135032918475
211.3502861380964
211.35401087411884
211.35530119693286
211.36074742066202
211.3621204142163
211.36483104779495
211.3822872158662
211.46775729461092
211.46664005760027
211.4659905570701
211.46531064560855
211.47294773751406
211.4741140030016
211.47405617487522
211.47450799998452
211.47450799998452
211.47450799998452
211.4763713906482
211.4829511630328
211.48087972708475
211.48103774578632
211.48571199034322
211.4943379032223
211.49444576405324
211.48394410137814
211.48394410137814
211.49455847068486
211.49455847068486
211.49794306515267
211.49634830465178
211.49753022277383
211.4988092460113
211.50040086328875
211.49971846399797
211.50639593687328
211.5066811711265
211.5066811711265
211.5055187922713
211.51053723459626
211.51050639384607
211.51050639384607
211.50968204746178
211.50968204746178
211.50968204746178
211.50968204746178
211.51334142463386
211.51593377940915
211.5170426278691
211.5170426278691
211.51976219406754
211.5185487481602
211.5185487481602
211.5185487481602
211.52789595889445
211.52885670323676
211.52858779364712
211.52893203904617
211.52893203904617
211.52893203904617
211.5336478567214
211.54482373409928
211.54673005053587
211.5516143482333
211.55161994815526
211.55319029833925
211.55894340555926
211.55894340555926
211.56096931707035
211.56149003999616
211.56149003999616
211.56126460197873
211.5642583893907
211.5642583893907
211.5642583893907
211.575809512459
211.57973571418893
211.58243894853408
211.58290636641914
211.58298035127703
211.5840275951979
211.5840275951979
211.5840275951979
211.59178444037687
211.59110932858832
211.59085313149316
211.58843566070405
211.58843566070405
211.58843566070405
211.58843566070405
211.58843566070405
211.59325297721605
211.59325297721605
211.59366048062475
211.59792998023607
211.59639407035885
211.59639407035885
211.60009679714886
211.6003034353031
211.60123068725565
211.60108711623133
211.60595059063058
211.61040765607078
211.61036571631732
211.61334190356862
211.61314702808718
211.61575325816986
211.61654875411568
211.61665222288892
211.61665222288892
211.61665222288892
211.61665222288892
211.62089823993526
211.62075689268536
211.62004283233023
211.61910121597504
211.61910121597504
211.61910121597504
211.61910121597504
211.62165688754652
211.62165688754652
211.62165688754652
211.62400202484343
211.62465507147317
211.62437754053
211.62464392151776
211.62464392151776
211.62464392151776
211.62464392151776
211.62464392151776
211.62464392151776
211.62464392151776
211.68873878967497
211.68950295946146
211.69658696060188
211.6987357972092
211.69962544010136
211.700002755543
211.70486327098274
211.70797264679845
211.7136559860774
211.71925141169123
211.71893309068636
211.71922541784002
211.71885258945636
211.71885258945636
211.72161745379253
211.72161745379253
211.72161745379253
211.7231644004064
211.72440468122275
211.72711559293597
211.72711559293597
211.72736467430641
211.72840847967475
211.72840847967475
211.73011612383104
211.78909401328607
211.78888336782657
211.78015967801568
211.7825823700749
211.7825823700749
211.7825823700749
211.78681179202763
211.78701786204064
211.78701786204064
211.78701786204064
211.78931796280133
211.79136546397635
211.79136546397635
211.79141831951014
211.79141831951014
211.79141831951014
211.79141831951014
211.79141831951014
211.7926247906975
211.7926247906975
211.7926247906975
211.7926247906975
211.7926247906975
211.7926247906975
211.79613438542444
211.80026564954196
211.80001952945923
211.79984009433036
211.80003660682632
211.87807913482686
211.87841231173624
211.87712266991474
211.87747992318526
211.87747992318526
211.87747992318526
211.87747992318526
211.87747992318526
211.87747992318526
211.87747992318526
211.87747992318526
211.87747992318526
211.87747992318526
211.87747992318526
211.88193039662272
211.88176896910122
211.88134181997341
211.88134181997341
211.88134181997341
212.06892509355083
212.0715523504031
212.07379789220147
212.0745374729878
212.07464198004234
212.0744805903318
212.0744805903318
212.0744805903318
212.0744805903318
212.0744805903318
212.07789357557465
212.07808540705824
212.07769227662456
212.07761368830106
212.07761368830106
212.07761368830106
212.07761368830106
212.07761368830106
212.07761368830106
212.07761368830106
212.07761368830106
212.07761368830106
212.07761368830106
212.07761368830106
212.07761368830106
212.07761368830106
212.07761368830106
212.07761368830106
212.07761368830106
212.07761368830106
212.07761368830106
212.08071870161388
212.0808358815554
212.08202190615003
212.0822168411321
212.0822168411321
212.0822168411321
212.0822168411321
212.0822168411321
212.0822168411321
212.0822168411321
212.08573777104854
212.08450520963635
212.08746385007126
212.08759045748158
212.08759045748158
212.08759045748158
212.08759045748158
212.08759045748158
212.08915667953556
212.0902449684544
212.09669684316913
212.09995422954273
212.0998324878132
212.09976934838647
212.09886766371903
212.09886766371903
212.09886766371903
212.09886766371903
212.09886766371903
212.11283621872522
212.114198176644
212.11442951007896
212.11524893572755
212.21108900686653
212.2141573410579
212.2141573410579
212.2134019876996
212.2134019876996
212.2134019876996
212.2134019876996
212.2194734331099
212.21677707200075
212.21879956291806
212.21947813843758
212.21947813843758
212.21947813843758
212.21947813843758
212.21947813843758
212.21947813843758
212.21947813843758
212.21947813843758
212.21947813843758
212.2194734331099
