with mode=0, handoff cost coefficient = 1.0
133.96495937618172
134.01164757180118
134.04529846957192
134.06163622064258
134.0761701446589
134.10094245228234
134.10377193174145
134.10349299061724
134.10583670602773
134.10825165490934
134.13095932974946
134.14103323845836
134.14315525128671
134.11585875900695
134.11585875900695
134.10846887357917
134.18841496978024
134.18993637922847
134.18993802521146
134.17882926265764
134.17971684383022
134.1776443044572
134.18993637922847
134.18964259161754
134.18964569912694
134.18826959362153
134.18826313899473
134.18993637922847
134.1902909812267
134.20338318048056
134.21258171208936
134.21258275115625
134.21258275115625
134.21289582278848
134.21518707659885
134.21518707659885
134.21734924165526
134.25539981914164
134.2684104950828
134.27761032854187
134.29645629365686
134.30054183496537
134.3018181462957
134.3109163557516
134.3101861955788
134.31742967048427
134.31756147521904
134.31734827249494
134.31734876498086
134.31739993384525
134.3174798012792
134.3362433331505
134.33612204361413
134.33619283168554
134.33761355878602
134.34157721475432
134.3520280164864
134.35569712741213
134.3637404905951
134.36608149807344
134.36620041768495
134.37485562536727
134.37601399350456
134.37580412781114
134.39429275893232
134.39433685189073
134.39456138124413
134.40304776937495
134.4043776130346
134.41287759061615
134.41332371701824
134.4133270561233
134.4134691101918
134.413463309846
134.41525272776914
134.41818599662292
134.42339325268588
134.42339325268588
134.42665481459312
134.4349772178172
134.43990450601396
134.4394790596287
134.43952024575023
134.4385546778161
134.4385346592065
134.43990450601396
134.44005601136678
134.44368146912797
134.44372362701336
134.4437680075581
134.44390165836546
134.44528492335562
134.44531709819617
134.47553221249575
134.50526989852617
134.50526989852617
134.50519523475944
134.50525697445724
134.508081986503
134.508081986503
134.5081118337006
134.50870319873283
134.5087100658032
134.5087056495877
134.51774294738973
134.51779228398559
134.520232774052
134.52038483911386
134.52034062730993
134.52039793638804
134.5204720605411
134.5234251930668
134.52343031408506
134.5334400986024
134.53402036145803
134.53402310145407
134.5340252625224
134.5340376651799
134.53389269231812
134.5372526974363
134.54026997916088
134.54696820091692
134.5473526037866
134.5479350619919
134.54843205636593
134.54814199258047
134.54814199258047
134.54864300753425
134.54851756320153
134.5509510050619
134.5512751142332
134.5512751142332
134.5514320382823
134.55551417995397
134.55629074562424
134.5564400115764
134.5577772894957
134.5651044207387
134.56489994266235
134.56516426367205
134.56529651402414
134.56522156427255
134.56649010995346
134.56685271944264
134.57086279958898
134.57085168607318
134.57411102876242
134.57410410725447
134.5742876042453
134.57729853086454
134.57731303893598
134.57732534447425
134.57745810967566
134.57746834908087
134.57746841491573
134.57747496506784
134.58016927010775
134.58021487954517
134.5802158684345
134.5802159709692
134.59848946067143
134.59947807049963
134.59984969490088
134.60064913909125
134.60065891769102
134.63531654560055
134.6381519745163
134.63819708368086
134.63836212974837
134.63836214449557
134.6402712980758
134.6704350840678
134.66994701773493
134.67390420186618
134.67383702827746
134.6741838137383
134.6741932163445
134.67418354614162
134.67651064495806
134.67658487775134
134.67658493494508
134.67658184421265
134.67658184421265
134.67650546044382
134.67658487775134
134.6767430285321
134.6817488602092
134.68175100561479
134.6817540558839
134.68187545746247
134.6822637905659
134.6822715435959
134.6822895749692
134.69169787550484
134.6928659429648
134.69305555511374
134.69499189001493
134.7123059313824
134.7136583587182
134.71400583236525
134.7149888221366
134.71626509800913
134.71668241841783
134.71668889361735
134.71724912378568
134.72081612441858
134.7209469831484
134.72057829136736
134.7214711151217
134.7223024556866
134.7223024753884
134.7222714663862
134.72227979781476
134.72228978438002
134.72295381983935
134.72306322615822
134.7232252533892
134.7232272768283
134.72437848252756
134.72439438236975
134.7277644444095
134.7281713730652
134.72814889931786
134.72811942708498
134.74542861014257
134.7454326181689
134.74743063170808
134.7476572372203
134.7476572372203
134.74891717255548
134.7489192968949
134.74891518076439
134.7502829402173
134.76508430789812
134.76508430789812
134.76508430789812
134.78238552715413
134.7827937994027
134.7829076195483
134.78290667091338
134.78291837035215
134.78292114282647
134.78319033470552
134.78376268383818
134.7837672020986
134.78389583890237
134.78390203372635
134.78509331256265
134.7868563826603
134.78720184928045
134.7877467237413
134.78774674865238
134.78844571374322
134.78858523701595
134.78874932301989
134.78881693671156
134.78989930659054
134.79004946640214
134.79002104732947
134.79005075733556
134.79005718233262
134.7903671830189
134.79044426374563
134.79046717166034
134.79363507589045
134.7954751361769
134.79561161748256
134.79681130812938
134.79720861720955
134.7972099751344
134.79721040269328
134.79720455739508
134.79747648456004
134.7986337785072
134.80802279278475
134.80970178584266
134.8097035988045
134.81415693869073
134.81418272946576
134.81765131479062
134.81779870578256
134.8183023951713
134.83362817433093
134.83363677673452
134.83372241597039
134.83385803635093
134.83507314778586
134.84008894914757
134.84347448897944
134.8435690015277
134.84358558861
134.84358558861
134.84696572894913
134.8469735350698
134.8469682728589
134.84696830072477
134.8471742244586
134.8472231262557
134.8472231262557
134.84673577810142
134.84673580167257
134.84677568989224
134.8472231262557
134.84722920948656
134.84724386512195
134.84818129563757
134.84870871191757
134.84870871191757
134.84877371737156
134.8504619888601
134.85049153654347
134.8510953846926
134.85112895234067
134.85335050647294
134.85335311642527
134.85335285550562
134.85335302198135
134.85557186651957
134.8556542770792
134.85565691103972
134.85608396103572
134.85641640984326
134.85645109788473
134.86086730048916
134.8608694926649
134.8618292450368
134.86190112766215
134.86190239012515
134.86207884022295
134.86209986188967
134.86209986188967
134.86265865509768
134.8639273097528
134.86393177312664
134.86393177312664
134.86479680841097
134.86479680841097
134.8653737983447
134.8656391183728
134.86572991018113
134.87339324767035
134.8737087069235
134.87370871855606
134.87371288377216
134.87383722509722
134.87383915778042
134.87826022985527
134.87826213589415
134.8782552055446
134.87825527075543
134.87862842410607
134.87958174659605
134.88012568012797
134.880137942885
134.88018533848282
134.88018598456685
134.88019526514134
134.88021636941082
134.88029519630788
134.8802914049828
134.88045749820182
134.88046416573027
134.88046571203566
134.88062030123183
134.88062030123183
134.88062011558895
134.88072190189223
134.88322726958933
134.88375341885586
134.88597231837025
134.88818114709568
134.88848892014502
134.89099435367365
134.89102754707864
134.89353173541997
134.893531773601
134.89353854647499
134.89439112098455
134.89520992259892
134.8952134839492
134.89521348967372
134.8952191262688
134.89522076955916
134.8952831730072
134.89698985769434
134.89708169038542
134.89718610563511
134.8971988522386
134.89727868670352
134.89747571620455
134.89747624974055
134.8984017148769
134.8984024308336
134.89840405083908
134.89869897922358
134.89869897922358
134.89869897922358
134.90039231463098
134.90096386304563
134.90150839719962
134.90153182509508
134.90374414650634
134.90375525936665
134.90375798759183
134.90376048297244
134.9037614412539
134.90377328697053
134.90378259573993
134.90378262281806
134.90379885526897
134.9077794457406
134.9078625037014
134.90878423948666
134.9087896777816
134.90881129481787
134.9088130088339
134.9088196568199
134.90881966639515
134.90881966639515
134.9090493378613
134.90908839264068
134.9096258359435
134.90968172576206
134.90969816146682
134.91835479356337
134.9183603963313
134.9183603963313
134.91915906588898
134.91938511449473
134.91943867278866
134.91946672059268
134.9199904143402
134.92168686249494
134.9216868756424
134.92168834453543
134.9217176076117
134.9234127077557
134.92342767384952
134.92343000818406
134.9234752237876
134.92349568689178
134.92376362600027
134.92468224629343
134.9246824006871
134.92468603977142
134.9247018912082
134.92690889344493
134.9269917091528
134.92699174882333
134.92699184173216
134.9269972729706
134.9270114932209
134.92702686643565
134.92748432196476
134.9296805097245
134.9296989787652
134.9297023601332
134.92970238285523
134.92996752429065
134.9299808536888
134.9299808536888
134.93000045174057
134.93000482946678
134.9376760772845
134.93773030193012
134.93774300608857
134.93779016827168
134.93779574215068
134.93783941918375
134.93835809696355
134.9383727403189
134.93837276290782
134.93838120554932
134.93860316606686
134.9386438254297
134.9386438254297
134.9386491852883
134.9387272579869
134.93890289289385
134.93890289289385
134.9394296482996
134.93964030923865
134.93969529290334
134.93969529290334
134.93968801272078
134.93972802400728
134.93993263299626
134.93993263299626
134.94011498248514
134.94012131825718
134.94012488277795
134.94012491665183
134.94063478141533
134.9409329693086
134.94093734175823
134.94094734362892
134.94095586207143
134.94096049559852
134.9409605031639
134.9431494641282
134.9431494641282
