with mode=3, handoff cost coefficient = 1.0
133.96495937618172
134.0478557221502
134.30774604380863
135.05754311681972
135.08999803653802
135.09673234732807
135.12228771146536
135.3277528094257
135.3277528094257
135.55439049367206
135.5474982953996
136.39535454109023
136.63986359317207
136.63986281435544
136.7970242235608
136.84619917223387
137.3106559927553
137.31087527658468
137.35371620822178
137.45317545914244
137.4827582708362
137.48954140731462
137.4895320979376
137.48874683473414
137.49328495233834
137.50664175744686
137.50665112933274
137.54176926114653
138.24226403009268
138.24225495759413
138.38836483467173
138.38837713890055
138.40222015463007
138.4094276386548
138.47550982687955
139.22577184557025
139.23811660168377
139.24204186370122
139.4980642547579
139.54175488887734
139.5520934447535
139.5520934447535
139.5520934447535
139.55526108742364
139.6170406594727
139.6170406594727
139.654009398958
139.65401199229504
139.95863082078125
139.96242925934155
139.98278984441114
139.9827875480919
140.06399986445086
140.08172774702385
140.08790353290564
140.09464876034292
140.09410225446243
140.09410225446243
140.09410272419655
140.33310159237848
140.3383975612982
140.33899426671672
140.35887976661144
140.49146734229578
140.49089107520683
140.49089107520683
140.49089107520683
140.49089107520683
140.63194163171968
140.63251788757339
140.6332986313429
140.7563100349209
140.75673613991916
140.75912102774384
140.76095149738524
140.76095149738524
140.76095180470725
140.76560568629623
140.7656039961662
140.76573792684647
140.76573792684647
140.76573792684647
140.76573792684647
140.76573792684647
140.76573792684647
140.76573792684647
140.76573792684647
140.7691167391184
140.7691070912366
140.76992400762546
140.76990551794742
140.76990551794742
140.7710535859677
140.7710535859677
140.7710535859677
140.7710718095638
140.7710718095638
140.77390190136734
140.77390190136734
140.77390190136734
140.77390190136734
140.77390190136734
140.77390190136734
140.77390190136734
140.77390190136734
140.77390190136734
140.77390190136734
140.77390190136734
140.77390190136734
140.77390190136734
140.77390190136734
140.77390190136734
140.77390190136734
140.77390190136734
140.77390190136734
140.77390190136734
140.77390190136734
140.77390190136734
140.77390190136734
140.7771818276212
140.77716128239476
140.7775973590641
140.77747678188803
140.77747678188803
140.77747678188803
140.77747678188803
140.77747678188803
140.77747678188803
140.77747678188803
140.77747678188803
140.77747678188803
140.77747678188803
140.77747678188803
140.77747678188803
140.77747678188803
140.77747678188803
140.77747678188803
140.77747678188803
140.77747678188803
140.77747678188803
140.77747678188803
140.77747678188803
140.77747678188803
140.77747678188803
140.77747678188803
140.77747678188803
140.77747678188803
140.77747678188803
140.77747678188803
140.77747678188803
140.77747678188803
140.77747678188803
140.77747678188803
140.77747678188803
140.77747678188803
140.77747678188803
140.77747678188803
140.85601314946544
140.85602613565362
140.8553601871109
140.8553549591889
140.8553549591889
140.8553549591889
140.8553549591889
140.8553549591889
140.8553549591889
140.8553549591889
140.8553549591889
140.85704290083476
140.85704290083476
140.85704290083476
140.85704290083476
140.85704290083476
140.8601573112878
140.8601573112878
140.86016467586876
140.8601790745292
140.8601790745292
140.8601790745292
140.86294648981487
140.86294648981487
140.86310621434006
140.86319565718927
140.86319565718927
140.86319565718927
140.86319565718927
140.86319565718927
140.86319565718927
140.86319565718927
140.86319565718927
140.86319565718927
140.86319565718927
140.86319565718927
140.86319565718927
140.86319565718927
140.86319565718927
140.86319565718927
140.86319565718927
140.86319565718927
140.86319565718927
140.86319565718927
140.86319565718927
140.86319565718927
140.86319565718927
140.86319565718927
140.86319565718927
140.86319565718927
140.86319565718927
140.86319565718927
140.86319565718927
140.86319565718927
140.86319565718927
140.86319565718927
140.86319565718927
140.86319565718927
140.86319565718927
140.86319565718927
140.86319565718927
140.86319565718927
140.86319565718927
140.86319565718927
140.86319565718927
140.86319565718927
140.86319565718927
140.86319565718927
140.86319565718927
140.86319565718927
140.86319565718927
140.86319565718927
140.86319565718927
140.86319565718927
140.86319565718927
140.86319565718927
140.86319565718927
140.86319565718927
140.8647414494502
140.86489519450902
140.86488548729918
140.86487014212852
140.86487014212852
140.86487014212852
140.86487014212852
140.86487014212852
140.86487014212852
140.86487014212852
140.86487014212852
140.86487014212852
140.8727774972782
140.8736518227889
140.8737694613273
140.87259194031373
140.87259194031373
140.87259194031373
140.87259194031373
140.87259194031373
140.87259194031373
140.87259194031373
140.87259194031373
140.87259194031373
140.87259194031373
140.87259194031373
140.87259194031373
140.87259194031373
140.87259194031373
140.87259194031373
140.87259194031373
140.87259194031373
140.87259194031373
140.87259194031373
140.87259194031373
140.87259194031373
140.87259194031373
140.98352062909638
140.98352062909638
140.98352062909638
140.98613928917848
140.9864021506149
140.9864021506149
140.985178682762
140.985178682762
140.985178682762
140.985178682762
140.98669627840167
140.98669627840167
140.98669627840167
140.98669627840167
140.98669627840167
140.98669627840167
140.98669627840167
140.98669627840167
140.98669627840167
140.98669627840167
140.98669627840167
140.98669627840167
140.98669627840167
140.98669627840167
140.98669627840167
140.98669627840167
140.98669627840167
140.98669627840167
140.98669627840167
140.98669627840167
140.98911806797582
140.99012033843013
140.99012033843013
140.98980702945832
140.99314529833381
140.99315507163277
140.99364005785608
140.99435561977475
140.99435561977475
140.99435561977475
140.99435561977475
140.99435561977475
140.99435561977475
140.99435561977475
140.99435561977475
140.99435561977475
140.99435561977475
140.99598525763253
140.99598115947708
140.99598993193382
140.99691176709737
140.99691176709737
140.99691176709737
140.99691176709737
140.99691176709737
140.99691176709737
140.99691176709737
140.99691176709737
140.99691176709737
140.99691176709737
140.99691176709737
140.99691176709737
140.99691176709737
140.99691176709737
140.99691176709737
140.99691176709737
140.99691176709737
140.99691176709737
140.99691176709737
140.99691176709737
140.99691176709737
140.99691176709737
140.99691176709737
140.99691176709737
140.99691176709737
140.99691176709737
140.99691176709737
140.99691176709737
140.99691176709737
140.99691176709737
140.99691176709737
140.99691176709737
140.99691176709737
140.99691176709737
140.99691176709737
140.99691176709737
140.99691176709737
140.99691176709737
140.99691176709737
140.99691176709737
140.99691176709737
140.99691176709737
140.99691176709737
140.99691176709737
140.99691176709737
140.99691176709737
140.99691176709737
140.99691176709737
140.99691176709737
140.99691176709737
140.99691176709737
140.99691176709737
140.99691176709737
140.99691176709737
140.99691176709737
140.99691176709737
141.0377678109652
141.0385380037862
141.03863951882678
141.03854437400418
141.03854437400418
141.03854437400418
141.03854437400418
141.03854437400418
141.03854437400418
141.03854437400418
141.03854437400418
141.03854437400418
141.03854437400418
141.03854437400418
141.03854437400418
141.03854437400418
141.03854437400418
141.03854437400418
141.03854437400418
141.03854437400418
141.03854437400418
141.03854437400418
141.03854437400418
141.03854437400418
141.03854437400418
141.03854437400418
141.03854437400418
141.03854437400418
141.03854437400418
141.03854437400418
141.03854437400418
141.03854437400418
141.03854437400418
141.03854437400418
141.03854437400418
141.03854437400418
141.03854437400418
141.03854437400418
141.03854437400418
141.03854437400418
141.03854437400418
141.03854437400418
141.03854437400418
141.03854437400418
141.03854437400418
141.03854437400418
141.03854437400418
141.03854437400418
141.03854437400418
141.03854437400418
141.03854437400418
141.03854437400418
141.03854437400418
141.03854437400418
141.03854437400418
141.03854437400418
141.03854437400418
141.03854437400418
141.03854437400418
141.03854437400418
141.03854437400418
141.03854437400418
141.03854437400418
141.03854437400418
141.03854437400418
141.03854437400418
141.03854437400418
141.03854437400418
141.03854437400418
141.03854437400418
141.03854437400418
141.03854437400418
141.03854437400418
141.03854437400418
141.03854437400418
141.03854437400418
141.03854437400418
141.03854437400418
141.03854437400418
141.03854437400418
141.03854437400418
141.03854437400418
141.03854437400418
141.03854437400418
141.03919566804697
141.03919566804697
141.03919566804697
141.03919566804697
141.03919566804697
141.03919566804697
141.03919566804697
141.03919566804697
141.0415199329114
141.04175715439843
141.11176174177098
141.11478139674446
141.11478139674446
141.11478439296138
141.11478140121955
141.11478140121955
141.11478140121955
141.11478140121955
141.11478140121955
141.11478140121955
141.11478140121955
141.11478140121955
141.11478140121955
141.11478140121955
141.11478140121955
141.11478140121955
141.11478140121955
141.11478140121955
141.11478140121955
141.11478140121955
141.11478140121955
141.11478140121955
141.11478140121955
141.11478140121955
141.11478140121955
141.11478140121955
141.11478140121955
141.11478140121955
141.11478140121955
141.11478139674446
