with mode=1, handoff cost coefficient = 1.0
133.96495937618172
133.99616924811835
134.01431351733333
134.04071394951154
134.07664152470642
134.08871502109372
134.12356213373116
134.1396144799233
134.17674363517463
134.22135162211566
134.22580685118834
134.27191920508565
134.32086344558684
134.33603076269736
134.35980463579335
134.37645742307956
134.41883366252958
134.4276132460095
134.42808749003385
134.44172591441725
134.4784805165374
134.49322244711743
134.5659405787726
134.57296588439124
134.57830723340962
134.62081766148648
134.62596999714972
134.6785748740735
134.68584596857556
134.70702471979354
134.72877637347833
134.76692825468098
134.7807035956844
134.79721596350555
134.81055920381493
134.84618111455003
134.86359704382477
134.8743822006778
134.89150305496366
134.89440469942832
134.9047673441808
134.92335434869636
134.9292258704572
134.9581800793979
134.96727436253647
134.98197454402765
135.054072169429
135.0663584253373
135.0659181104564
135.0697189441985
135.07872474023023
135.08277574876323
135.10229666735336
135.1401538955405
135.141052821775
135.1517915594461
135.1907534859799
135.26162643267597
135.27550523713344
135.2770952185722
135.31462257704266
135.36649880788758
135.3841581788909
135.41741730864774
135.45369588472016
135.4930012590243
135.49389800893715
135.53433430308968
135.55126976097824
135.5608219108206
135.566674518117
135.57780558939524
135.58670717686778
135.586813893058
135.62337981971444
135.63477930748206
135.63619612419524
135.63808655754278
135.639586503638
135.67567200007622
135.73805668271217
135.74741142593106
135.7522088261274
135.75966976601126
135.76417691023352
135.7652169200663
135.76970638655993
135.83550090166952
135.83960049945793
135.8430686671173
135.8471221693297
135.84844607632465
135.86716744489397
135.86810674595932
135.90698854038968
135.9454749707954
135.94535539027765
135.95442116403498
135.96101340173567
136.0124499355751
136.02526000977326
136.02489197540973
136.0308195561576
136.0630030171737
136.0644085880268
136.0656773222689
136.07521976270473
136.1040397685913
136.15266480099393
136.15792634947155
136.15943750738532
136.16328421891774
136.1670017230238
136.21212881744256
136.2454862614079
136.2917421406701
136.33237261423457
136.35589177298974
136.36079495120936
136.37723691173704
136.3759521006853
136.38620022272138
136.38747562521763
136.41422891261496
136.42715321490334
136.43081683974847
136.51460165881105
136.52654748755407
136.52536637662647
136.5247237724128
136.57371116481622
136.60308183715247
136.60349085903704
136.63145996949012
136.63065729048085
136.6411234511422
136.7134099326132
136.72651708337725
136.72843730611476
136.7316574282626
136.77387968714686
136.80660132026236
136.81850882103402
136.83505488842556
136.88540612285303
136.92339151621792
136.96801387139988
136.99441758974567
136.99628827761455
137.01851707036477
137.0464815811385
137.06683467631626
137.0799661194852
137.08204611908204
137.0922756148568
137.10720810710802
137.10894432513336
137.10895827823214
137.13804888037282
137.13922813982478
137.141070904665
137.14982333864566
137.1497302193905
137.18271855965034
137.20881070272497
137.20753576060315
137.21893178517814
137.22618316393374
137.22702794918808
137.2609516479982
137.30336181358803
137.38864238845136
137.39265641316956
137.39882228809594
137.4101743536316
137.40951600193202
137.41019435249322
137.44580177672822
137.46258154285232
137.46355475306504
137.46517963467505
137.4950618580949
137.4957532044859
137.4959720712991
137.4953024402909
137.49575530112125
137.49660170405787
137.528654667572
137.528790490656
137.53319971618762
137.56823695561215
137.58793016445858
137.5880715332712
137.58874303684092
137.58982047685038
137.68359099112195
137.6955067339668
137.7257587822432
137.7982052751448
137.8613060062263
137.87709559411638
137.92375500178866
137.92440981808525
137.93272826269182
137.9476586014883
137.97796605418782
137.99400602575858
137.99742765774013
138.02849557117023
138.02793445231643
138.05246242641977
138.06592942942495
138.0644649804397
138.08340370764145
138.0898931435488
138.0953032794587
138.09619586219475
138.09648915177976
138.13411977290136
138.16278893456033
138.20774958770997
138.25559071770425
138.25512521669685
138.2636375830116
138.2879774586933
138.31777057356416
138.31928649584142
138.36341440869137
138.43521919206523
138.43582022020894
138.47585492802978
138.49322226978552
138.50147398634795
138.51184791060896
138.5178842843361
138.52586470982425
138.55651932891396
138.55573423309846
138.5562564303975
138.57537902169594
138.57659432524068
138.5787959686229
138.58859789804296
138.60452688518052
138.60516446698747
138.63974534781693
138.64375258813374
138.71070550181068
138.78681691925271
138.79307068880655
138.80097428933098
138.83181750758268
138.86503817534438
138.87274920447803
138.8738314245227
138.94626664794478
138.96471710135776
138.99383083534673
139.00667910668778
139.01403593312932
139.04910405573855
139.0556455298433
139.08084080162632
139.08146806598785
139.11480140720707
139.12218731200554
139.1227807318058
139.12179188278503
139.16249976113298
139.1707649912924
139.1847623680358
139.19834319873235
139.2060845150751
139.20339431821935
139.24190072740285
139.24031653606252
139.2417964016345
139.25785547298798
139.30125079734972
139.30262249761205
139.31591610345708
139.3161418548518
139.32003227350322
139.36322746982034
139.36438684430095
139.37911315126257
139.38679079947573
139.3907185339818
139.4528745496503
139.46167400820275
139.47695851165338
139.5324902380065
139.53839660033842
139.56927334188282
139.61516176903072
139.61666223955643
139.6169238591407
139.62509893806134
139.62326899700216
139.63270933041164
139.6669122070938
139.67351888803947
139.6780013052457
139.6775864996096
139.67615096467438
139.71096104213703
139.72675324386088
139.74297775482236
139.75957118048427
139.7576074214772
139.7597297031968
139.7768881642178
139.80729012400013
139.80709245137254
139.80693408778725
139.84300065640306
139.85432785110987
139.85458962508994
139.85494891796714
139.89295713869288
139.89382520083655
139.8917037524124
139.88888137421944
139.89260000501525
139.8962620252048
139.90504364397648
139.90639450073178
139.90745030689553
139.91626377796908
139.92601830209978
139.94667968700543
139.94702590107534
139.98592633818973
140.0014775451666
140.03456402974294
140.06945418120554
140.0687628245392
140.0673159150231
140.0735344542657
140.07332107780258
140.11017416239304
140.1104931898537
140.11126157059223
140.11136104927976
140.14408872330023
140.14265930222373
140.1432786272244
140.15373710224438
140.15321379121102
140.1654074364134
140.16601984126942
140.20925033349786
140.2412702983327
140.24222519320205
140.2427855420762
140.24223741176252
140.2491350773894
140.26399689081197
140.26529924071096
140.2648677604148
140.27136479391223
140.29543537542247
140.30506266168325
140.31315230873176
140.31222945306274
140.31144511622395
140.32516916604607
140.3238852478063
140.32606408202213
140.3405510189849
140.3405574120131
140.34048341076283
140.34095487083522
140.3436358541673
140.34683903523776
140.34678816694586
140.34958229636646
140.36543020066742
140.3649692302368
140.40925357349676
140.424316576678
140.43773088500367
140.43842525660574
140.4386954259186
140.4519039708286
140.45257944569778
140.45278507944798
140.45529580774303
140.46804767802783
140.4713022911223
140.4817377395983
140.4903392889673
140.49255805987923
140.49528459753165
140.53852901993392
140.56820597712937
140.56876839353117
140.56979303625965
140.5806567803221
140.66165813230305
140.66445614411188
140.67394980800876
140.7221756780258
140.72218083216652
140.7210610784883
140.7207403217203
140.735646575962
140.73525694253271
140.79027012890876
140.80031766130998
140.80162322844228
140.80642770126573
140.80732226971367
140.80827447004484
140.80817360274693
140.81763289202928
140.86576686986567
140.86626895132017
140.9075773172374
140.92986089979337
140.93113269994566
140.96249925688352
140.9623880621639
140.96317211717883
140.96512714281795
140.97130831615848
140.97088514786122
140.97071951538965
140.9772852997177
140.98493774696018
140.9861592420279
140.9871001344202
140.98791523631868
140.988794232755
141.00112918529555
141.0023315803349
141.00328613230602
141.02847414110403
141.02806009893362
141.0400254379124
141.03941615746723
141.06666108471714
141.10227955927908
141.1322296736084
141.1412090177446
141.153221218617
141.15344373838582
141.15402989378586
141.15483510726543
141.1686574751183
141.17835857352335
141.17770243380966
141.18607964729523
141.22346752786558
141.22256338710918
141.2372350333924
141.23357875199991
141.23591870847468
141.24238488687416
141.23944647340522
141.24005873794417
141.27593794418857
141.28409886823374
141.28639781491376
141.28667953617736
141.28720671360844
141.2880419485681
141.30188503676246
141.30280413268548
141.32345311362565
141.32433564160357
141.36630696849267
141.40492113099234
141.405095707986
141.40497858084768
141.4171650527031
141.41870585071663
141.4391607428616
141.43423806547082
141.46313633103247
141.47488933816376
141.47418923529756
141.5106907024626
141.5119297421376
141.51272083767222
141.5118510510838
141.5111811293861
141.5118773864645
141.51372967912843
141.520826347378
141.52232420614993
141.5223098584063
141.52497643808616
141.52322444712757
141.53851283233033
141.5498471354062
141.55013210681392
141.5482563223218
141.56302999576462
141.5629755790725
141.56302999576462
