with mode=1, handoff cost coefficient = 1.0
158.1146569850532
158.15297943156978
158.20640858682924
158.2501944232135
158.27742756715975
158.32898742648806
158.35905774166685
158.41455898086053
158.48009315154508
158.56297849623468
158.60328139499694
158.61322662100255
158.673910075553
158.75171133073016
158.76050719974108
158.82511005234332
158.83773773109777
158.87619179010883
158.91598855376762
158.92574520056147
158.93797905028032
158.9578387923301
159.00202359485652
159.0091663654964
159.0306096657498
159.0675978821131
159.0882908050666
159.10618928377045
159.12798501302942
159.1364691809775
159.17966042815075
159.18820318497373
159.20209765184418
159.2292814329714
159.24398776581438
159.26473561722108
159.28288015913174
159.29479441588575
159.3263501216932
159.32885815591735
159.34606289403717
159.38490645781962
159.3867128343022
159.4382536987719
159.46369237573924
159.4979288541232
159.50631706058402
159.53013210279724
159.5481719041174
159.58693675738573
159.62889857241512
159.63256154901265
159.63812834777968
159.63951779756042
159.6496645064798
159.6575191143599
159.67125548361142
159.6803872646407
159.70088093711445
159.7232045123066
159.7282797688116
159.7279489649785
159.74210109012506
159.7424294866217
159.75651930609015
159.7723520329772
159.78488269253262
159.82894875522075
159.84765962127167
159.84361435393149
159.86586255127918
159.87918869533868
159.90941485306055
159.91392118346795
159.93155018524243
159.95178662875128
159.9698672583729
159.96591521958587
159.98595381868117
159.98660885197626
160.04357506473633
160.04258422357117
160.10268456665293
160.10244597867916
160.14188206386711
160.1594981691695
160.19334732819175
160.2253170691916
160.26563991801757
160.26510814442562
160.27217554296004
160.2720845813745
160.28870042087453
160.3048856626025
160.3031608280462
160.31031731199081
160.31231290805115
160.3380070862368
160.362617429721
160.36766819615966
160.4692168700012
160.5807480853358
160.5921534399278
160.63117336258614
160.64177959970004
160.67010353660308
160.66858982115113
160.68571480420258
160.70957238319346
160.70885899367198
160.76141537843364
160.77244895766393
160.77442370328012
160.78656641397492
160.8171743033146
160.81604311164082
160.83517683429363
160.85087868967102
160.85266524359844
160.87209155313928
160.92985557660296
160.93303737482347
160.97544864022316
160.98144309758234
160.99047146169045
160.99395787982513
161.0365305264926
161.08591862560885
161.10949280876068
161.10946715685117
161.12114920046503
161.13598584196248
161.13456611321794
161.15058616121493
161.1591328601856
161.17031302143613
161.1801862123671
161.23784789079969
161.25278099295718
161.25362125445895
161.2577029702115
161.2678642582855
161.28375764473498
161.2827849822468
161.32829235638872
161.36889833590197
161.3671483718715
161.36733043836335
161.39403297714463
161.39522532678433
161.42513770567285
161.4693796702246
161.4846253325425
161.4850523020278
161.51331498931756
161.52754186593992
161.54010416013477
161.55422625297348
161.5691678267528
161.5704244885993
161.57665966297162
161.59651329230206
161.59935252351477
161.5961739726929
161.59507257515727
161.59747295999804
161.60890792307126
161.62967294650454
161.64332515376663
161.6434939866739
161.65528880774949
161.70862511601885
161.71618520953115
161.73663317404385
161.7376145064442
161.7409497186455
161.7480626834617
161.757454489726
161.78602392575272
161.82753772107247
161.82785971203157
161.82627546223398
161.83802249308164
161.88221834173436
161.88283566615019
161.90112829033808
161.95202397640873
161.95327248073167
161.97373814848112
162.02696236552504
162.04221824591062
162.0390908270912
162.04945069465063
162.0489039491553
162.05567463027106
162.05947977654526
162.06021201827997
162.08517157385424
162.0845767656859
162.09030122394836
162.10041456739614
162.10474900435665
162.10591438243716
162.12539172493825
162.1307496620264
162.13710931676326
162.14792117624967
162.14961725798614
162.15098702327853
162.19588220301392
162.20724952465483
162.22126050382582
162.22516520577193
162.2394747563766
162.25937658422325
162.26118935660386
162.31813910926797
162.36201299235125
162.36026692182685
162.37690926762332
162.37502891240362
162.407552617214
162.4076736675646
162.42457721611078
162.44107418343768
162.4576925874149
162.46732777477854
162.48349748932583
162.54141849097687
162.55577183634793
162.55595782936464
162.58040149987036
162.60880884430415
162.66304575804784
162.68015552346245
162.67944332998817
162.68533041763808
162.69696494766896
162.75479324936464
162.76295943266464
162.8055354513295
162.8332106442637
162.83008294227713
162.8325751091577
162.83332811096676
162.83467665164082
162.87159400844388
162.91201148972328
162.91383118852505
162.93938898363547
162.95427001194827
162.9538041707188
162.95489750702174
162.9548719246952
162.9547780626699
163.01744770284157
163.022044222855
163.021913407926
163.02473943486518
163.02404321805645
163.04094600701424
163.04275315003056
163.0599753763712
163.06254062871463
163.06313951162014
163.06201435809191
163.06061657067949
163.0863707386482
163.08820881692284
163.08962742514174
163.12854784622675
163.21796707398664
163.22075462588552
163.23176150555832
163.25518222882457
163.25501141341334
163.27762590451175
163.31280868849768
163.3552404643541
163.35541720507405
163.36467714859756
163.3942594682326
163.39364203216672
163.4127171620715
163.41968518061174
163.44949186999096
163.5048750261046
163.52182344682817
163.5269030993713
163.52830933975682
163.56073674807556
163.58970435459833
163.64668559605917
163.66727193353321
163.6650141663598
163.68608047694607
163.6939947143732
163.69355628903543
163.69838801688516
163.74026757349304
163.74819651999874
163.74517355123555
163.7459384519096
163.7618172754058
163.76130628167402
163.8034573358571
163.8119742979884
163.82790994818976
163.82727582861793
163.8258394929933
163.82378142824405
163.8228794392648
163.82790994818976
163.85095713537365
163.8514054949169
163.86080977556372
163.86305795867256
163.86420574976484
163.86997434094707
163.89004421143432
163.90103403946898
163.91440969236226
163.91521052850834
163.93312055828164
163.95805503141239
163.971317400323
163.98053156319872
163.98830108866775
163.9884155611919
163.99711639648365
164.00403608240623
164.00417514519475
164.03203573346553
164.04137711087935
164.0420735889237
164.05262452375771
164.0520009525188
164.0689903014748
164.08901631279096
164.08941567699827
164.11092421150886
164.11131972808053
164.11921062855833
164.12064008034397
164.12071386628176
164.12146166656825
164.12605057331584
164.12547894546896
164.1254128833091
164.1310270369429
164.1305147797685
164.130549690475
164.13915408603708
164.1641944945884
164.1861740919522
164.1880920174187
164.19482093164046
164.20208492585704
164.22172921325654
164.24396899191157
164.25347937724183
164.25341436900334
164.26239672126275
164.28632712191487
164.286175618957
164.28692115087287
164.29893793336745
164.30719328227292
164.30664492752078
164.30619548662173
164.31330825924022
164.32906219322365
164.32960321516651
164.32942051389892
164.32980004309545
164.3296007021492
164.3510903177292
164.36465300001825
164.36606233903345
164.38577292121334
164.38756379554445
164.39458056099673
164.40460871978556
164.41956796967546
164.42799319165542
164.4661198781739
164.46635458334194
164.46682711685844
164.47848211809116
164.5065202848144
164.50640453076846
164.5076052890454
164.5087883458198
164.51497698594014
164.51647625962985
164.53740923713593
164.54472856659487
164.54376858598874
164.56261069304264
164.5671814306601
164.56745729218412
164.56740508986843
164.57554949822153
164.582325130598
164.59254916037855
164.60491275175502
164.60636987584112
164.6106538751423
164.6137766156784
164.62498738566887
164.62576873083597
164.62650847801362
164.64207395765337
164.642388135312
164.65099898861075
164.65129520692372
164.6654093986909
164.6755164751231
164.68440561979452
164.68440670227645
164.68479126908943
164.68962609000425
164.6892005656427
164.69170626550562
164.6947282525634
164.69472395790615
164.70166622467522
164.7094201402957
164.71685945784859
164.71724623369565
164.71583350186341
164.71684201992733
164.72022214160154
164.7208431546071
164.7220309620473
164.72207586068396
164.7227638805832
164.72869003075033
164.7484311642436
164.7482402146446
164.7802501073666
164.77982806439738
164.7806693416451
164.7857933305662
164.7951251958968
164.7949237591458
164.80095521076254
164.80881098742694
164.8088932453515
164.82752796683204
164.82811772692995
164.82816321053917
164.82867146934416
164.82865739635514
164.8307751479231
164.83961388012426
164.8406183416088
164.85374342151127
164.85553622983375
164.87448803193274
164.88197121932205
164.89445994324592
164.89607420832868
164.90105136978545
164.9018832039058
164.905734171832
164.91379414366074
164.91387929593563
164.9142624503033
164.92195141204618
164.93669436885594
164.93667018884594
164.93596539294964
164.9422906480233
164.94922265506682
164.94953315775555
164.9539032473947
164.96703764357702
164.96724385489603
164.97531882183145
164.98028891470997
164.97997890329395
164.97955142574617
164.97902420521987
164.98526213223565
164.98608602057905
164.9864051599889
164.9865313470579
164.99148799750722
164.99057802787243
164.99816185780745
165.00303034235154
165.01416110067166
165.01618535262193
165.0204691210156
165.02042354419265
165.0272365534372
165.04296913178683
165.0530615627667
165.05337837230334
165.06035721845342
