with mode=0, handoff cost coefficient = 1.0
158.1146569850532
158.21088187706522
158.26148954607825
158.26055320890634
158.29608538536613
158.2960787268172
158.29607349309725
158.30040872026038
158.31350998348555
158.31350880918274
158.31916108217533
158.3394610080149
158.457729317097
158.45564264599346
158.4556421052407
158.46420007951195
158.46419869714907
158.46670681594628
158.46670255053644
158.47424541517927
158.59093280568192
158.58204107429344
158.58318963486397
158.58899771526683
158.58900279112132
158.59093280568192
158.6370721760703
158.63707301874277
158.63705173823183
158.69345780586343
158.69337827283593
158.69343687506037
158.69344979539855
158.70403801278636
158.70594577008038
158.70370670764683
158.70883607609954
158.70293833601406
158.70422629301538
158.70794290472276
158.7630266405353
158.8170670103984
158.85586023063638
158.90888898408943
158.96424722987877
158.99030893005119
158.99031350837242
158.99428609829604
158.9942882691849
158.99512835372133
158.99513266112535
158.99799859791162
158.99800237809936
158.99332710024706
159.02312795699723
159.02427642151073
159.02689884675272
159.03002357733237
159.03032369811902
159.03431595800953
159.03446149227292
159.07755496332163
159.07755849793423
159.07958092119844
159.07957903845815
159.08251565278601
159.08115072793666
159.08343761738342
159.09313919457628
159.08999326257089
159.08861153322454
159.11146016292957
159.10826963299218
159.10864711169054
159.10856550694552
159.10722418578516
159.11146016292957
159.11644637558257
159.1288105589828
159.12946943994461
159.14207407309362
159.14323948768975
159.14333495598123
159.17218580974802
159.1729209737424
159.18604654861355
159.18600988457348
159.18623802140704
159.18671167897745
159.18776541644348
159.1928058436082
159.1930573127246
159.20474697560365
159.20469861829497
159.20532342356552
159.20563541655164
159.21069080659507
159.21069159943093
159.21092772602194
159.2119593367579
159.21196032401835
159.21285552445025
159.21300778518793
159.21301120133748
159.2204912444747
159.22428800408858
159.22428759331927
159.2363249169565
159.25103239081204
159.25103235815521
159.2516045222864
159.25175932074634
159.25241988871736
159.2524193925734
159.25319465498362
159.25319749974963
159.25313679106506
159.33752010511944
159.33664955756288
159.34339022600324
159.34612265698283
159.37622913884587
159.37683828834352
159.37674584566204
159.37688312248625
159.37716987688725
159.37793192116055
159.3779313189563
159.37790909048715
159.37828656668296
159.37869543696615
159.46299527721646
159.46400090422895
159.47450665818795
159.47450650279725
159.4729304946103
159.4728087327376
159.47290273725093
159.47450665818795
159.4753524191599
159.4753525861322
159.47555307145524
159.47564502731075
159.4760101853115
159.4764911468959
159.47670275707603
159.48379800298443
159.48473020572325
159.48498848678517
159.4969227201974
159.50067166352602
159.49952269076869
159.49951538928613
159.49991404770913
159.51399841793585
159.52239917015686
159.52239920306272
159.53644023932156
159.5419802398049
159.5419805105281
159.54198048500132
159.54177968116562
159.54376283388734
159.54578537105013
159.54757806280773
159.5479138521582
159.54752805820473
159.54773969891065
159.54774150613966
159.5477423597201
159.54801566482323
159.54783184985163
159.55751840662393
159.55751906107488
159.5619560231777
159.57668995833762
159.5765790314602
159.5766414295273
159.5775294733268
159.57807165805124
159.58741951819403
159.58741789614174
159.58746936084034
159.5876529729604
159.58765298025114
159.58749128933994
159.58765763374615
159.6016602704523
159.6019721820923
159.61120776582086
159.6112550462833
159.61125621251549
159.6112525442697
159.61121605808083
159.61132511064517
159.61867582853696
159.63371653788982
159.63376531567926
159.64045721603947
159.64049348428446
159.6410436945987
159.64162977200294
159.6417110142977
159.64176669319787
159.64191842640471
159.64191887418417
159.64193807531652
159.6426864654609
159.6427830930763
159.6578165312501
159.6578191856802
159.65783846366068
159.6583660162334
159.6664593992788
159.66997557722516
159.66997647001995
159.66997707059804
159.66973369824314
159.66981718713976
159.670072276716
159.6701233776737
159.67140942576586
159.6715474149047
159.67166601611464
159.67148597972113
159.67148628808576
159.67149585482815
159.67151885943355
159.68523904218068
159.69926192458468
159.71309650880454
159.71283301211835
159.71296974514127
159.71620214779585
159.71620219324765
159.71620226278907
159.7163284659137
159.7253626743147
159.72536251441448
159.7254656124973
159.72554204921596
159.72591614450238
159.72600703182516
159.72600755864656
159.72602152163878
159.7278722577788
159.72787294848038
159.72831538570279
159.72840201813466
159.73601276711076
159.74458699842904
159.74458527303767
159.74486963848682
159.74488179056843
159.74494634218902
159.74458686784078
159.74658689812995
159.7466764038231
159.74667780785788
159.74669363199166
159.74660559492023
159.74689788111522
159.75873913530205
159.80108105914604
159.80112390027188
159.80119607820615
159.80152503041285
159.81651948364066
159.81653780652618
159.8165392927719
159.81838719552042
159.81841133497988
159.82685453370414
159.82674368340983
159.82674374984092
159.82687668460272
159.82769960234214
159.8283366713041
159.8283220423425
159.82832225429974
159.82832569337114
159.82856561676988
159.82848183753023
159.87081960773372
159.87081961099722
159.87081993182343
159.87082913909728
159.87082914295726
159.88258295115472
159.88415433082054
159.88423013619914
159.8842154434669
159.88421298162183
159.88723713017967
159.88723826056454
159.88723910348347
159.92953560734185
159.93703644477276
159.93675660299888
159.9365920323224
159.93659229760195
159.93659243681265
159.93980198366938
159.9398021105957
159.94094373157768
159.940840724548
159.940841542528
159.94718326302169
159.9471833373055
159.94733725282813
159.9614273971017
159.96255811806205
159.962709523501
159.9627223934687
160.00499744961465
160.0050532284709
160.0063795185389
160.00637989758195
160.01429509851803
160.01447422721753
160.01757909589517
160.0197450281595
160.0204229243755
160.03184738976623
160.03495872581965
160.03503365394442
160.03515068632584
160.04929804988512
160.04929873770914
160.0492989485967
160.04939925194623
160.05090286550865
160.0508938183481
160.05089404241062
160.05097504904282
160.05225717391028
160.05217457481763
160.05245104045872
160.052163434994
160.052313250388
160.05239860927213
160.05226306787608
160.06721025873262
160.0646709714748
160.06471542039222
160.0654763866632
160.0655639457651
160.08009275030483
160.0817471184279
160.0808576426431
160.08107106778007
160.08098570889592
160.0810136817528
160.0817471184279
160.08174730010762
160.0817473635653
160.08173837871092
160.0817812046086
160.08762845208733
160.08767013606646
160.08769217465257
160.0879085943176
160.0879332096841
160.0879411292123
160.09371381783566
160.0937654973313
160.1012278111799
160.10122785821352
160.1213698446225
160.12138894002643
160.1213862803645
160.12138634264076
160.12163977436902
160.12189049093243
160.12287134199622
160.12297803207974
160.12297805515885
160.1236112097204
160.12375813175777
160.1237581395596
160.1246647569728
160.1248063045514
160.1248392614035
160.12569399717333
160.12569405441423
160.1260276709878
160.1260765944774
160.12607688520006
160.12602760397036
160.12603013100198
160.12782380101876
160.12786443281473
160.1278644794615
160.1279070725994
160.1279779250312
160.12800567101525
160.12808379069548
160.1356150935437
160.14140584078854
160.14146783772244
160.1413653389402
160.14139291488465
160.14139304222272
160.14132925576993
160.16246882618336
160.16263390537242
160.16309676742688
160.16760715987093
160.16760724731193
160.1683424042518
160.16837359029464
160.1684356169081
160.17418435498496
160.1782705985571
160.17827213762368
160.1824682081027
160.18247956928371
160.18247991165904
160.18247938812198
160.18246867312527
160.18850501332295
160.1885372782752
160.18856221483574
160.18862900479414
160.18867183158122
160.18867187912565
160.1886719369149
160.18869847433814
160.18876086627552
160.18878406070633
160.18883587010552
160.1885572664535
160.18855730420154
160.18868744816282
160.18868745230216
160.18883587010552
160.19025759049532
160.19028845654108
160.1909994140279
160.1909994937349
160.190997289355
160.1909997956779
160.19098359703486
160.1909994140279
160.1910012737355
160.1910098605673
160.19101880566782
160.19101881531324
160.19101882700514
160.19180283108093
160.1936758810261
160.1936758914268
160.1936842675108
160.19510534011508
160.1951051620057
160.19510516652772
160.19512255808087
160.19513766215903
160.19521264332596
160.1952168126892
160.19522659177926
160.19522907215207
160.195239467001
160.1952993374122
160.1953813121396
160.19538194410345
160.19554505679997
160.19554522064325
160.19554522594655
160.19554611316863
160.19743060319004
160.19749329833328
160.19749341153775
160.19756710947414
160.19757574811908
160.19762978424123
160.19763282030684
160.19764486630243
160.19764918246847
160.19766232254707
160.1977142173984
160.197913516663
160.19978663555685
160.20088098375368
160.201888467348
160.20188777612552
160.2018877789667
160.20189963590872
160.2018985639688
160.20378299118732
160.20387888645334
160.2038932109459
160.20390045758413
160.20391312334672
160.20391313590804
160.20391314667447
160.20534225995445
160.2053458452938
160.2057128206217
160.20571884121796
160.2061272162062
