with mode=3, handoff cost coefficient = 1.0
134.62879560027943
134.67169776900138
135.6369841042752
135.7122582158574
135.88642601474814
135.90831646053994
136.42377075433126
136.43790506637248
136.4824705636545
136.56736150810997
136.56658315186885
136.60069676413556
137.53559353074488
137.54295986553552
137.54295986553552
137.88261352388912
137.88261352388912
138.18098493078907
138.5414374486241
138.54580514099243
138.95683162728116
138.95819914284388
138.95830011633456
139.00565154867002
139.02272640367156
139.34644976330816
140.25127243465988
141.1197547285492
141.18616022769774
141.27557788803722
141.27289132261015
141.27289726533868
141.58686476325104
141.96414642472723
141.98240020077662
141.9710620025523
141.97106313711677
142.2465736147832
142.24933597461887
142.25686504701787
142.25685798182613
142.25730414487668
142.25681153493036
142.25681153493036
142.25681153493036
142.25681153493036
142.25681153493036
142.25681153493036
142.25681153493036
142.25681153493036
142.25681153493036
142.25681153493036
142.6060268932122
142.60470804221987
142.59694871661083
142.59689615453925
142.60287687247103
142.60287687247103
142.60032454160896
142.6004709250688
142.85954192735338
142.88838137645857
142.89142907135633
142.89302960215596
142.89300583404886
142.8930261898352
142.89380534224878
143.11590632919393
143.11621970269758
143.11250642531508
143.113455005736
143.11844619631128
143.1195036212798
143.11866399043083
143.11866399043083
143.12025003486661
143.1332122837388
143.13515038403932
143.13517568300668
143.1351432170203
143.1371803608262
143.1371803608262
143.1371803608262
143.14614111157096
143.146026907203
143.14601531885214
143.15617503545712
143.15608297202203
143.15608912243385
143.15608912243385
143.15608912243385
143.15608912243385
143.15608912243385
143.15608912243385
143.15608912243385
143.15996264554346
143.17522899640304
143.1842650423859
143.18425747906872
143.19882327903719
143.19700562450436
143.1989213135936
143.19880518473602
143.19880518473602
143.19880258818668
143.19880258818668
143.19880258818668
143.19880258818668
143.19880258818668
143.19880258818668
143.19880258818668
143.19880258818668
143.19880258818668
143.19880258818668
143.19880258818668
143.19880258818668
143.19880258818668
143.20052843830965
143.20052843830965
143.20051524452526
143.20043391220003
143.20043391220003
143.20043391220003
143.20043391220003
143.20043391220003
143.20043391220003
143.20043391220003
143.20043391220003
143.20043391220003
143.20043391220003
143.2034924684646
143.2034924684646
143.20347091172002
143.22525425999888
143.22553778999847
143.2300782832859
143.23283839284767
143.23329133740364
143.23292167830127
143.23319553628147
143.23319553628147
143.23319553628147
143.23319553628147
143.23319553628147
143.23319553628147
143.23319553628147
143.23319553628147
143.23319553628147
143.23319553628147
143.23319553628147
143.23319553628147
143.23319553628147
143.23989211676727
143.23989211676727
143.24091487532903
143.24105772083846
143.24105772083846
143.24105772083846
143.24105772083846
143.24105772083846
143.24105772083846
143.24105772083846
143.24105772083846
143.24105772083846
143.24154775985394
143.24154775985394
143.24154775985394
143.24154775985394
143.24154775985394
143.24154775985394
143.24154775985394
143.24154775985394
143.24154775985394
143.24154775985394
143.24154775985394
143.24154775985394
143.24154775985394
143.24154775985394
143.24154775985394
143.24154775985394
143.24154775985394
143.24154775985394
143.24154775985394
143.24154775985394
143.24154775985394
143.24154775985394
143.24154775985394
143.24154775985394
143.24154775985394
143.24154775985394
143.24154775985394
143.24154775985394
143.24154775985394
143.24154775985394
143.24154775985394
143.24154775985394
143.24154775985394
143.24154775985394
143.24154775985394
143.24154775985394
143.24154775985394
143.24154775985394
143.24154775985394
143.24154775985394
143.24154775985394
143.24154775985394
143.24154775985394
143.24154775985394
143.24154775985394
143.24154775985394
143.24154775985394
143.24154775985394
143.24154775985394
143.24154775985394
143.24154775985394
143.24154775985394
143.24154775985394
143.24154775985394
143.24154775985394
143.24272006248626
143.2461396174661
143.24645720427307
143.24646221559962
143.24917947864628
143.2503123579762
143.25098516074422
143.25097576615184
143.25097576615184
143.25097576615184
143.25097576615184
143.25097576615184
143.25097576615184
143.25097576615184
143.25097576615184
143.2576018930091
143.2576018930091
143.26034704876758
143.26034704876758
143.2599771107167
143.2599780745869
143.2599780745869
143.2599780745869
143.2599780745869
143.2599780745869
143.2599780745869
143.2599780745869
143.2599780745869
143.2599780745869
143.2599780745869
143.2599780745869
143.2599780745869
143.2599780745869
143.2599780745869
143.2599780745869
143.2599780745869
143.2638706974784
143.26385694470684
143.2632415000874
143.26254147356846
143.26254147356846
143.26254147356846
143.26254147356846
143.26254147356846
143.26254147356846
143.26254147356846
143.26254147356846
143.26254147356846
143.26254147356846
143.26254147356846
143.26254147356846
143.26254147356846
143.26254147356846
143.26254147356846
143.3416262921012
143.34205565619428
143.3420661916106
143.34005037530073
143.34005037530073
143.34201055526964
143.34201055526964
143.34295336210303
143.34388405284082
143.34391040612965
143.34473166113446
143.34561541788494
143.34554322254084
143.345654649667
143.345654649667
143.345654649667
143.345654649667
143.345654649667
143.34767297708746
143.34767297708746
143.3476773921124
143.3476773921124
143.3476773921124
143.34946940660024
143.34953903142286
143.34977284932975
143.3507377934739
143.3511731281512
143.3511853075413
143.3511853075413
143.3511853075413
143.3511853075413
143.3511853075413
143.35122399082408
143.35122399082408
143.35122399082408
143.35122399082408
143.35122399082408
143.35122399082408
143.35122399082408
143.35122399082408
143.35122399082408
143.35122399082408
143.35122399082408
143.35122399082408
143.35122399082408
143.35122399082408
143.35122399082408
143.35122399082408
143.35122399082408
143.35122399082408
143.35122399082408
143.35122399082408
143.35122399082408
143.35122399082408
143.35122399082408
143.35122399082408
143.46397545600962
143.4642015395224
143.46383305989707
143.46383305989707
143.46383305989707
143.46383305989707
143.46383305989707
143.46383305989707
143.46383305989707
143.46383305989707
143.46383305989707
143.46383305989707
143.46383305989707
143.46383305989707
143.46383305989707
143.46383305989707
143.46383305989707
143.46383305989707
143.46383305989707
143.46383305989707
143.46383305989707
143.46383305989707
143.46383305989707
143.46383305989707
143.46383305989707
143.46383305989707
143.46383305989707
143.46383305989707
143.46383305989707
143.46383305989707
143.46383305989707
143.46383305989707
143.46383305989707
143.46383305989707
143.46383305989707
143.46383305989707
143.46383305989707
143.46383305989707
143.46383305989707
143.46383305989707
143.46383305989707
143.46383305989707
143.46383305989707
143.46383305989707
143.46383305989707
143.46383305989707
143.46383305989707
143.46383305989707
143.46383305989707
143.46383305989707
143.46383305989707
143.46383305989707
143.46383305989707
143.46383305989707
143.46383305989707
143.46383305989707
143.46383305989707
143.46383305989707
143.46383305989707
143.46383305989707
143.46383305989707
143.46383305989707
143.46383305989707
143.46383305989707
143.46383305989707
143.46383305989707
143.46383305989707
143.46383305989707
143.46383305989707
143.46383305989707
143.46383305989707
143.46383305989707
143.46383305989707
143.46383305989707
143.46383305989707
143.46383305989707
143.46383305989707
143.46383305989707
143.46383305989707
143.46383305989707
143.46383305989707
143.46383305989707
143.46383305989707
143.46383305989707
143.46383305989707
143.46383305989707
143.46383305989707
143.46383305989707
143.46383305989707
143.46383305989707
143.46383305989707
143.46383305989707
143.52287255316514
143.52543320189469
143.52544987871624
143.52547287249286
143.52585729237273
143.52585729237273
143.52585729237273
143.52585729237273
143.52585729237273
143.52585729237273
143.52585729237273
143.52585729237273
143.52585729237273
143.52585729237273
143.52585729237273
143.52585729237273
143.52585729237273
143.52585729237273
143.52585729237273
143.52585729237273
143.52585729237273
143.52585729237273
143.52585729237273
143.52585729237273
143.52585729237273
143.52585729237273
143.52585729237273
143.52585729237273
143.52585729237273
143.52585729237273
143.52585729237273
143.52585729237273
143.52585729237273
143.52585729237273
143.52585729237273
143.52585729237273
143.52585729237273
143.52585729237273
143.52585729237273
143.52585729237273
143.52585729237273
143.52585729237273
143.52585729237273
143.52585729237273
143.52585729237273
143.52585729237273
143.52585729237273
143.52585729237273
143.52585729237273
143.52585729237273
143.52585729237273
143.52585729237273
143.52585729237273
143.52585729237273
143.52585729237273
143.52585729237273
143.52585729237273
143.52585729237273
143.52585729237273
143.52585729237273
143.52585729237273
143.52585729237273
143.52585729237273
143.52585729237273
143.52585729237273
143.52585729237273
143.52585729237273
143.52585729237273
143.6066285497633
143.60745056552196
143.60652987269626
143.60847625406268
143.61065859928317
143.61066378654522
143.6110869130268
143.61109032428038
143.61109032428038
143.61109032428038
143.61109032428038
143.61109032428038
143.61109032428038
143.61109032428038
143.61109032428038
143.61065859928317
