with mode=0, handoff cost coefficient = 1.0
134.62879560027943
134.65611292030965
134.65611292030965
134.65610531109655
134.6901035335926
134.68685328814453
134.70209157864892
134.75113503851554
134.75105555828307
134.7570078116805
134.7488776101622
134.7488776101622
134.75158176999224
134.75657733476083
134.7570078116805
134.77746512660823
134.77990937342173
134.78000900800416
134.7847820710665
134.78776920356748
134.80967027471286
134.8114046817933
134.84848967512093
134.84920733559898
134.8488887672447
134.85059782356515
134.8516294465096
134.85163132833307
134.85637238805614
134.8592864475976
134.8769738878556
134.8799232302083
134.94326713395856
134.94645988214336
134.9463833703507
134.95174442407358
134.95174570284718
134.9522060725683
135.01553320899185
135.01583452952144
135.0162089114227
135.01621003338502
135.0777551177462
135.07871233490098
135.07871743288587
135.07982489421036
135.07877121942616
135.08967327155185
135.09646976242271
135.0975871596492
135.09663886769718
135.12895323435188
135.28236238614662
135.28236238614662
135.28186908788382
135.28280251964617
135.28343184012806
135.28689129965213
135.2875828829092
135.28798487942086
135.28798487942086
135.28866573457103
135.29972590196297
135.37172376205947
135.37172419438258
135.37195737519292
135.37172202834972
135.3717238500592
135.37172022920936
135.52419535117568
135.52332085081844
135.52244329147305
135.53706456825537
135.5371129815806
135.53890180910412
135.63317425403133
135.63261068058827
135.63025866621746
135.6310248395583
135.6320519763944
135.6336391642622
135.63395120140694
135.63850305592933
135.6377473956801
135.63791642115098
135.63883596936788
135.6388483041863
135.6441641888142
135.64405626298176
135.64755305965232
135.64739109535606
135.65519335192846
135.71041481825847
135.7117591559233
135.86478843567315
136.01688017038379
136.0170734594968
136.0174440862754
136.01744895057354
136.0717547192007
136.0717554734873
136.0725847900089
136.0761016870298
136.0762712675871
136.07663609890892
136.07663609890892
136.077207384066
136.07720505876455
136.0773927220052
136.1341739322562
136.1341739322562
136.13102991541
136.13194797368064
136.131955362426
136.1341739322562
136.21071682818223
136.2124473165155
136.21357287376216
136.21374313812527
136.21387181426888
136.21639407350696
136.21657656146138
136.21665618485267
136.2444527259659
136.24460986386484
136.24588164389186
136.24588164389186
136.257975516374
136.25895876908936
136.25922965874506
136.33554568747286
136.33546307119278
136.34279731099625
136.34314925749794
136.3432365259638
136.34323697946758
136.34371759423786
136.41919707452234
136.41921488493873
136.419215024085
136.41924405236878
136.41920552657777
136.4193140077758
136.42021585698706
136.42021585698706
136.42018183999667
136.4200959855034
136.42027764087248
136.42041347642083
136.42086351362565
136.42104714817683
136.4216559997927
136.42165653075836
136.42211997145546
136.42210269595068
136.42210368912845
136.4216619833815
136.42165063096633
136.42211997145546
136.42218941983162
136.42227469147824
136.4228648966801
136.42279993106217
136.42328269036767
136.46125370502497
136.46125370502497
136.46130757885066
136.4621554320829
136.46215605087048
136.4624327125362
136.46245446023357
136.46254123932226
136.46254124239522
136.46253026022734
136.46258611473112
136.46910116589248
136.4917246424414
136.49229887041676
136.49266046733146
136.4926996819107
136.49270059795438
136.51063940552876
136.51056434435648
136.51054058681822
136.51054058681822
136.51054058681822
136.51063940552876
136.51066499065678
136.51067077433166
136.52989775086368
136.52981187369184
136.52992744153624
136.5299274562591
136.5299787953617
136.52997880335028
136.53001363691865
136.53003803433364
136.53003874552184
136.53007237415486
136.5301372038487
136.53020921762166
136.53021313455233
136.53024618063182
136.53026323341888
136.53922024568277
136.53924534308513
136.53924534308513
136.53955391601977
136.53990144773945
136.539918988743
136.5399052544382
136.5399052656088
136.54005522573541
136.5400554445261
136.54900119066352
136.5490745576769
136.5493399492371
136.54943476362732
136.54943476691233
136.552371730153
136.55248732713127
136.55252402949876
136.55252865613542
136.56380187974764
136.5638403296986
136.5638834880057
136.5639131263451
136.58301355337653
136.58304934944874
136.58304934944874
136.5831201173238
136.58311418003498
136.58315979957402
136.5831598198905
136.58314723580347
136.58317746775182
136.58316943801435
136.58326541828544
136.60221838580335
136.60225218437938
136.60230915591313
136.60240612193647
136.6042377282983
136.6047864831561
136.60480714155852
136.60482973298272
136.60495197336985
136.60495197336985
136.60496068364102
136.6049997489278
136.6050265278352
136.60504618845408
136.60541374832633
136.60543355818703
136.60550087608655
136.60550952300255
136.60559039451493
136.60555421402972
136.60557771542136
136.6055847687777
136.6055847687777
136.60741513343007
136.60744752163913
136.6074544813503
136.60745461974648
136.6075359308925
136.6075799830421
136.60759461980155
136.61882486088703
136.61887783825807
136.61890091651256
136.61890091651256
136.62574234733714
136.62578408978084
136.62592410894263
136.62595596290367
136.62600717833422
136.62602054250988
136.62602969594798
136.6260213985844
136.62603754245816
136.62603755448686
136.62604460732243
136.62607827526932
136.62613566046858
136.62617860078242
136.62627063656558
136.62628877814132
136.62629377227418
136.62632637507966
136.6263263806046
136.62633412961156
136.62633695700274
136.62634906551168
136.6352890598011
136.6353117091611
136.63530887508782
136.65451046506456
136.65452091385544
136.6545464339892
136.65456318950572
136.6634962686163
136.66648761496947
136.66648761496947
136.6665731069012
136.66658198499886
136.66658759502926
136.66660381194387
136.66662428468007
136.66661640231428
136.66670599143418
136.6698391529314
136.6725414407261
136.67255126685862
136.6725523059931
136.67255232439132
136.6725523206619
136.6725523206619
136.67974564873606
136.67974724870078
136.6797516954593
136.69871685596996
136.7095738043584
136.70958045279707
136.70958048216957
136.7095767933177
136.71674029486792
136.71674032081654
136.7167860826675
136.7168433336937
136.7168433336937
136.71685329350237
136.71690227467667
136.71689893505166
136.7169848495531
136.7170628114476
136.7170696421555
136.71706983452734
136.71886548536406
136.71887744283345
136.71887588128567
136.71887584134498
136.71895275062877
136.7278862967289
136.72788041930175
136.7281560596453
136.72815896105723
136.72815896105723
136.72818980581494
136.7282188006227
136.72823144663306
136.72863353023496
136.7398923125342
136.73989563978725
136.73989574745633
136.73989576033597
136.74063523058828
136.74080012341187
136.7408047368099
136.7600379921978
136.7600545887259
136.76008423627937
136.76040770009055
136.7603933520025
136.76122534662713
136.7614301535592
136.76144554150895
136.7614376901278
136.76151719232556
136.761510325664
136.76172066495747
136.76172194438564
136.7618171938842
136.76181750688846
136.76184275738166
136.78081037152023
136.780817463302
136.7810044587672
136.7811008562306
136.78115456052802
136.7813067636182
136.78821636441685
136.78822404207642
136.7882242068991
136.78836653169319
136.78839028716877
136.7883906285277
136.78839550412758
136.78837307003755
136.78838521979125
136.78839028716877
136.78839919815326
136.78845580190173
136.78844975381884
136.78845186016127
136.78984422341804
136.78984683846417
136.78984876135326
136.7898581215015
136.78999725696312
136.79356544318946
136.79358186639294
136.79372905120923
136.79377813933493
136.79378274772
136.79378275934363
136.8032631624833
136.80327773086213
136.80328220440464
136.80328684092083
136.80668814876003
136.80706436118962
136.8070601235322
136.80706381917446
136.8070639592056
136.80706399210868
136.80859458260198
136.8086359716661
136.8086360008364
136.80867787873964
136.809026891545
136.8090352146589
136.80908161637626
136.80909865272113
136.81870904821895
136.81872507266436
136.818776362159
136.8188077140532
136.81881157167845
136.81884728198278
136.81896789151338
136.819085022047
136.81909869561298
136.81909869561298
136.8191009561328
136.81915835572923
136.81915792592832
136.81915560214145
136.81915775298813
136.8191578762388
136.81915835572923
136.8191589901411
136.81916690661265
136.81916690921022
136.81916839633033
136.81919749507463
136.8191975543031
136.81919761104345
136.81919772444863
136.8192053831863
136.8240066951117
136.82403102795777
136.82403112589253
136.82411358669916
136.825842755335
136.82652952981897
136.82653640870436
136.82671222128639
136.82677616778372
136.82678316161304
136.82678406011124
136.82682910760556
136.8290612055007
136.82906784204303
136.82907536807957
136.82907524573477
136.82907615757432
136.8290754958478
136.8290755120231
136.82926777407562
136.82926777407562
136.82928137747552
136.83151277111864
136.83151288787664
136.83151680234715
136.83151712587087
136.83153084638997
136.83153317338505
136.83159762179025
136.83160235870594
136.83160247034635
136.83160297642394
136.83161452841526
136.8316571442942
136.8364589449084
136.83663002720073
136.83681597274878
136.83682222167283
136.83682261375756
136.83682261375756
136.83750059622037
136.83766592333075
136.83766592712007
136.83766584735594
136.83766588231893
136.84246651964924
136.84236515997725
136.84236604551052
136.842451297717
136.84245197595013
136.84253195227683
