with mode=1, handoff cost coefficient = 1.0
134.62879560027943
134.66764941651908
134.7027752214484
134.70390956170982
134.7171703656193
134.80853400756428
134.80988363156575
134.82660451271056
134.886279239942
134.9104516135069
134.92811805920084
134.93269026122243
135.01432099436173
135.04330564048414
135.0864722235155
135.09721036256093
135.1053286066058
135.13071750313824
135.1554690675984
135.1580865577016
135.1729589228955
135.20582326774002
135.2138746408084
135.2544943441159
135.274612936106
135.2980681048993
135.3658316574372
135.40884357677635
135.47955603719683
135.50230779608106
135.54596207591675
135.55522260012984
135.59752912019394
135.60101803262765
135.61322008033326
135.61343113425508
135.6547856779653
135.697096054111
135.70224153372857
135.78863618334674
135.79465557095529
135.82431134530088
135.90228448613215
135.96852063788984
135.99211412513262
136.01364862946448
136.01984331789856
136.03157839448392
136.08978636999652
136.09866906306218
136.1221771265575
136.1453400566445
136.1829851060142
136.2702918906356
136.29271284226712
136.33616004816915
136.35554640682304
136.3550878300638
136.44094454520595
136.4473625408913
136.47854021687192
136.48010270967083
136.493861176692
136.5218291661568
136.57590880257345
136.5947997336203
136.6870605569857
136.7037969739169
136.7236024235401
136.7241589940531
136.74368395390732
136.74994603329858
136.77628605525032
136.7765745184396
136.79872121415733
136.80580544212177
136.82582941346652
136.83206572330533
136.84839072071486
136.90100333234395
136.90168218279317
136.90172367538352
136.9253798469466
136.94125688499412
136.98080671534856
137.0337329193848
137.0557047646835
137.05519646777495
137.05215336199825
137.05362744359766
137.06693126432293
137.107898621253
137.16479492742798
137.20534501156706
137.20715497480717
137.2102545475019
137.21130384437672
137.2160495101864
137.21675849587788
137.2383774657314
137.24420011367724
137.26667286765218
137.29739719046387
137.31590697669162
137.35463370159923
137.35198494876607
137.3541427604614
137.39477410602535
137.39447427947914
137.39455878984285
137.40105704704203
137.41604173252205
137.45463282883398
137.51332193881126
137.55307269741746
137.55410922924068
137.55832429006165
137.55928984148446
137.57411229256476
137.57378321820505
137.57404406240627
137.59666635462665
137.5963818382816
137.59689868841846
137.63539562739527
137.67741719989522
137.68291614311252
137.71476007074753
137.71489685266064
137.73206813533037
137.73284190077652
137.77004071167437
137.8888823276121
137.90318974412577
137.94186240201572
138.03960649300714
138.09632631937868
138.1379535162231
138.15819139414853
138.16006174028033
138.16357357814354
138.18990054229266
138.24977951470547
138.30741955688129
138.3071897150274
138.32262219270604
138.32187294954164
138.37291176623395
138.41258843377958
138.41663431384822
138.41696767629927
138.44922587515168
138.5014774345681
138.54242374463868
138.56106278878568
138.56071423318596
138.57344301539405
138.57667203060333
138.57593441023658
138.6137228190953
138.67232389152423
138.67390875440543
138.69178538285752
138.69072801570042
138.7045617965636
138.74593930688147
138.74750314378414
138.78648956678998
138.84007000566433
138.8777815818464
138.87895806903055
138.8785105655905
138.87874931887922
138.91682529886475
138.99190177080965
138.99229871940136
139.0267323192294
139.0254455197226
139.04268659242456
139.04241564863437
139.04338800932297
139.04364807846605
139.04335029893537
139.04400905517667
139.04355937564435
139.05628185115114
139.05924998425905
139.06031130365545
139.09864211585779
139.09951844722212
139.15313386059188
139.15292996693003
139.15179390726308
139.17555208526318
139.23078545103562
139.22929998016667
139.24016147104126
139.2423765784594
139.25588779926935
139.25620714133453
139.2716047611413
139.30253618377054
139.30587010434965
139.30496806450608
139.3256995161728
139.35950794002733
139.4147027919603
139.4182414645934
139.43612514913735
139.48996479633786
139.49423882180193
139.49477205753712
139.5143063033178
139.5540828046149
139.5735926156686
139.574761311906
139.61462761672985
139.6361185306303
139.70674614463127
139.70697835015727
139.7199494772859
139.81987520046874
139.81978650260234
139.82222544774635
139.84197127315312
139.84231863995234
139.8453022350694
139.91343849679436
139.91496704312925
140.00872288700873
140.00805854492566
140.02582398865928
140.02733655396216
140.02888009992193
140.04672071645024
140.0467459037997
140.08629246883783
140.09779141740594
140.114930751351
140.11470222880408
140.15233781986862
140.16516294201466
140.18361133145956
140.18299021720304
140.19788951500232
140.2343804481208
140.27167793560693
140.34569607157746
140.36469140088198
140.3973106865845
140.47506963698842
140.51094499724343
140.51344162720423
140.51419553789304
140.53099302722538
140.5352422983491
140.5346485952538
140.57389611769162
140.5791766338235
140.61536024186285
140.61449357946708
140.6671661083759
140.68631312814603
140.74440940904577
140.75989312802724
140.76288169323794
140.77554527802312
140.80572520637304
140.80588152643708
140.8208513949789
140.83456430350753
140.8362612471104
140.83628326100222
140.83807433119176
140.87450085629638
140.875012698517
140.9474056059486
140.94725267863512
140.99825211830574
141.01107960281945
141.0568955290162
141.05658116251223
141.07627979495234
141.07599012776603
141.0883695598666
141.1055950363082
141.11753802915763
141.11780124651744
141.11781183092356
141.11770028123746
141.11712768226076
141.1167141656114
141.1163407558681
141.127920290703
141.1289566274039
141.16425018286023
141.1641263264863
141.17584640969608
141.1767696851752
141.17756198953253
141.2159662852614
141.2349378371758
141.30912279113357
141.30955341972788
141.32279150564383
141.32374033941034
141.3392498555604
141.37500625310454
141.3745943641732
141.41105472104758
141.412515795645
141.41385783013894
141.45254934698934
141.4710286326386
141.48697630303184
141.52459870405562
141.611474390978
141.64732118684893
141.65846700922287
141.69219260889196
141.72882957056714
141.7615635981033
141.76239441653502
141.7898057615749
141.7883757222317
141.80578757666504
141.80550289978217
141.80758802458902
141.80943448605856
141.80921636238702
141.84518928365847
141.85838409565196
141.90775448051215
141.90644064988734
141.92497657050328
141.92700564140762
141.92769941333708
141.93999807035974
141.94031490689966
141.9414421956629
141.9725919222409
141.9976426365794
141.9982786324682
142.00081949189206
141.99932210887545
142.0354739139784
142.0357921743285
142.05296681470023
142.099643099351
142.12008707011418
142.12094257678626
142.14381400136375
142.18481154783495
142.20997638914372
142.25626014984465
142.26993459382234
142.28324472727212
142.30912928717476
142.32493760362885
142.35378662858852
142.36663656652888
142.38354404674402
142.38319810434217
142.38270578041875
142.393232260022
142.41968125214476
142.4203678280887
142.42272211771683
142.45025797408152
142.4514321233132
142.4514552842442
142.50741585626469
142.50868267676483
142.50895813323922
142.50848235851078
142.50970224840884
142.52673971892585
142.56063069487914
142.55888319764315
142.63384934930036
142.63387904726224
142.6691680329582
142.66963440345498
142.66919686246683
142.6692737445697
142.66902751712627
142.68502159775295
142.70511625246752
142.70595772157426
142.73181059694414
142.7592050050484
142.7768189831899
142.79461810145452
142.79363476215434
142.7961050170682
142.80647224272437
142.84299909993004
142.84108192228538
142.8677601977211
142.9052606608783
142.95592384289705
142.98396449255438
143.022040888625
143.03796529504802
143.04958311414913
143.05195620561247
143.0509883406372
143.06255488590418
143.11020535444067
143.14230681228668
143.17265215600858
143.18836845286427
143.18941408289658
143.2057997671754
143.2196088618906
143.25582128399668
143.25354872077077
143.27999056732642
143.2802845572809
143.28054334160467
143.29606573431823
143.31220187544324
143.3307649723808
143.34549084247942
143.38483520085998
143.4223461589689
143.44874626459352
143.4787048598545
143.4784186740672
143.517000188532
143.53251739018356
143.55925129849118
143.55937245965438
143.5604069503188
143.57066546271597
143.58563355548398
143.58544953031156
143.5865290070689
143.60983381189902
143.62465644644107
143.6246208007619
143.63628336297506
143.67850978335073
143.7074111766639
143.70713989159867
143.70664047096972
143.70587103427752
143.71597631232393
143.7164206179255
143.7472230304607
143.75590235697348
143.7547930135793
143.78522861603898
143.81202760222243
143.83060297168484
143.83037838726264
143.8315121037862
143.83484175685246
143.83507181333147
143.85338430950586
143.85428392487032
143.85532829273086
143.88248256752084
143.882648145994
143.88263419322834
143.91509731841356
143.94163724359322
143.94183850957134
143.94178558491478
143.94154551489837
143.9567108609864
143.95654834087674
143.97124638224187
143.9868594462235
144.00909857436002
144.01924187562375
144.01925497487383
144.0451516120908
144.04554111788315
144.04550057566595
144.0844587236428
144.11130201998634
144.1117023625016
144.11113098361307
144.1124082788898
144.1113214731894
144.11194752376957
144.10984959372126
144.10622936506323
144.1124082788898
144.11286858399768
144.12367192905987
144.13168992582226
144.139458196301
144.14746207571272
144.1475906039176
144.15524323138266
144.17448923081793
144.17477337109105
144.1752424956003
144.18327065962936
