with mode=0, handoff cost coefficient = 1.0
158.04230447199623
158.04065459955282
158.0411652367389
158.13776488553668
158.13775904733777
158.13758250457107
158.1342322096362
158.13758250457107
158.13776488553668
158.14820137217725
158.15039829976453
158.14947659305247
158.1487250590181
158.14830882203938
158.1498771562684
158.15039829976453
158.15038525814876
158.1590728170963
158.15907303274724
158.16050716506592
158.16162670889497
158.17008216495594
158.17656104798894
158.17712320422075
158.18610415048155
158.21287646715808
158.23599561097456
158.26087406489196
158.26431144009538
158.2897845791917
158.2898753781076
158.28992315608664
158.28992315608664
158.2940491673334
158.30797129386744
158.30797129386744
158.31666614815146
158.3166662501855
158.32133749614235
158.33224535387603
158.36814070281324
158.3694205886966
158.36941383769658
158.36946201504924
158.36944672816907
158.36984757491553
158.37172521002566
158.3714034347489
158.370749887378
158.370749887378
158.3725704769756
158.37262265646697
158.379781219323
158.3796494159638
158.38001638845867
158.38001638845867
158.3801166665637
158.4059531836751
158.41470516093844
158.41470516093844
158.420982913599
158.43554353387893
158.44159778314378
158.44142579437485
158.44143216518523
158.44627279211954
158.4454302785175
158.4452560026806
158.45791143098626
158.4580326254484
158.45831856086616
158.45863537481642
158.481557492753
158.481557492753
158.48155511535762
158.48974751763657
158.54364039909865
158.54358200097658
158.55174017635417
158.55254714147162
158.55254714147162
158.55273207009137
158.55450985373298
158.55450947391518
158.5545494601439
158.60825371942798
158.60664535569452
158.6066433772329
158.60864950858303
158.66219402537877
158.66219571597782
158.67336314616855
158.67386186455434
158.67545025747097
158.67631133191387
158.6765749262114
158.70495092048833
158.71060010758887
158.72469627636795
158.72470632672324
158.74877596975603
158.74991009134305
158.74756750619497
158.7475688974303
158.7475688974303
158.75565334718303
158.75820337581172
158.7605748887761
158.7605748887761
158.7861386588654
158.78618541941722
158.7866520063708
158.7866520063708
158.786651824389
158.78481863867023
158.78384471754262
158.7866520063708
158.78665579116154
158.79195412306876
158.79152553337863
158.7918591604934
158.7956296403071
158.79576119716978
158.796478532922
158.80782217211714
158.80780255817353
158.80781245447946
158.80815836216635
158.80855612674097
158.81064858386932
158.81062913728903
158.81065198904673
158.8096752460417
158.8127724192641
158.8140658880173
158.81678605485362
158.82515472451047
158.83113596544706
158.83111307327718
158.8316614990636
158.83757026219328
158.83757403383007
158.8377981327885
158.8377497374106
158.8389664913431
158.83963404342015
158.83964691247562
158.8396462810658
158.84024169477178
158.85143590877956
158.85144119440724
158.8533251280255
158.86602014378136
158.86849345524882
158.868587089577
158.86857243095162
158.86919059403803
158.87192315189344
158.8722597812025
158.88480600103927
158.88496731747458
158.88496731747458
158.88496731747458
158.88500062225998
158.8936453906582
158.8936401050305
158.89368145770413
158.89325680694753
158.89325711332117
158.89325722819606
158.89690411581566
158.89690411581566
158.89701536321965
158.8970161303239
158.89966920207053
158.9055346579669
158.905914342716
158.90609575041518
158.90605729554176
158.90619080132137
158.9058157990973
158.90581574742703
158.90561759682558
158.90609338208566
158.90619080132137
158.90643455513657
158.90652749755608
158.9065274896345
158.90669243826318
158.9066924840441
158.90695228508068
158.90719069798538
158.9072596250331
158.90816964171634
158.90835149864859
158.91009443769218
158.9100100021812
158.9160524478564
158.91628033110706
158.91628033110706
158.91628489265068
158.91633300375128
158.91643058188893
158.9164688600659
158.91652299484022
158.91767152637888
158.91939435036758
158.91951531834704
158.91963073334793
158.91993818045768
158.92081211711263
158.92081211711263
158.92177000764391
158.92177490974825
158.9278149079733
158.92894077778183
158.92896834765068
158.92955779030606
158.92959152072203
158.93315942521113
158.93937776626518
158.93938126802303
158.93938135237573
158.94023455587637
158.94023545610355
158.94023545610355
158.94305344480853
158.9565195221511
158.9566348679627
158.95743819929163
158.95743819929163
158.95801091557217
158.9580565443345
158.9713283952654
158.97135474543262
158.97144708674114
158.97144708674114
158.97145915210535
158.97146737794128
158.97167587850026
158.97120924345785
158.97133476102988
158.9713828911773
158.9713828911773
158.97167587850026
158.97170583719043
158.97170587084963
158.97170587084963
158.97472414358737
158.97472898077422
158.97559066670019
158.97568581258975
158.97568577120168
158.975780397579
158.97578043896706
158.97601765394992
158.97601768199482
158.97623986474568
158.97623988597925
158.97665746370487
158.97860749884023
158.97949339127265
158.9795824163966
158.97971543953372
158.97971543953372
158.97974824930517
158.97974738683718
158.98061940601488
158.98062109318337
158.98062109947114
158.98062416617393
158.98063480226196
158.98063432333998
158.98063645626647
158.98066699238706
158.98226593157602
158.98226593157602
158.9822771069975
158.98232425491526
158.98408705309208
158.98449763066878
158.98449763066878
158.98450837171882
158.98452703739403
158.98457365702305
158.9845811102898
158.98780671107554
158.9882072989386
158.98818129225984
158.98824431471147
158.98910265558428
158.99088362241162
158.9908836567175
158.99089404121776
158.99096976665743
158.99096976665743
158.9911018496622
158.99168538254835
158.9924949115458
158.9932857014842
158.9932857014842
158.99366089044418
158.99507359177872
158.99510185247348
158.995161123743
158.9951692224815
158.99523200859738
158.99525644309048
158.99827454301075
159.00129091775395
159.00129096470388
159.00129096470388
159.00129539997977
159.0013082184262
159.00131217945048
159.0016869060932
159.00253653069313
159.00253769598686
159.00585598877365
159.00595801680964
159.00595930106488
159.00598515908004
159.0060817002566
159.00607578917965
159.00607839722105
159.00615345845034
159.0061534669824
159.00643783462664
159.01305035949662
159.01307239974832
159.01308837559594
159.01663474906215
159.01664261574402
159.01668815648787
159.01669324714982
159.0167518864964
159.01687886417616
159.01687924335803
159.01693743482596
159.01693745193234
159.0170127855795
159.01703535872514
159.01979945489092
159.0199001462077
159.0199063037318
159.01991107651963
159.02355688944968
159.02661402823801
159.0266110945966
159.02666944628578
159.02671402744167
159.02671403402104
159.02727930106778
159.02727930106778
159.02727819543432
159.0272899127445
159.0272949995389
159.02729779354274
159.02733951256172
159.02734433575398
159.02734574415643
159.02767064684585
159.02767127967857
159.02945286150074
159.0330589816029
159.0334526572663
159.0334530837109
159.033452238504
159.03347218072432
159.03525220362002
159.03525012051176
159.03801064530973
159.0380280274677
159.03802996813613
159.04104501188556
159.0446302885424
159.0464086635367
159.04713856860923
159.04719261970837
159.04896943646122
159.04925029829965
159.04925041498518
159.0492507400976
159.0495480558477
159.05024308731205
159.0503026926517
159.05029010552383
159.050291018793
159.05067549282174
159.05435007693208
159.05436821007595
159.0552073026237
159.0619542745572
159.062004749663
159.06200474954886
159.06567455323346
159.06567455475192
159.06567343390105
159.06572635924945
159.06573873685556
159.06575959407107
159.0658903961348
159.06890281555033
159.06890341873145
159.0689053484534
159.06928397543956
159.06929839302447
159.0693016275461
159.06930551456773
159.06930551456773
159.07286847750353
159.07286854179677
159.07426064075798
159.0742800011388
159.0743361415866
159.07514380013345
159.07513228584904
159.07519091850355
159.07517605126037
159.07524526934662
159.07530091802272
159.07533237494633
159.07554303087187
159.07563812542583
159.07564752710172
159.08239172548147
159.08319061152253
159.0868608338116
159.086863337271
159.08691973236876
159.087631351227
159.087631351227
159.08845603477087
159.08852532965895
159.08918787643483
159.08918955901098
159.08923309961162
159.08948466647522
159.08951110705695
159.08953146407828
159.09320281703256
159.09404410371306
159.09404409311435
159.09404839930792
159.09726629212727
159.09765509267248
159.09849218898245
159.09849218898245
159.0985039445022
159.09850159788337
159.09850160819974
159.09859442106486
159.09892411298287
159.0989571158197
159.10199848179528
159.10204114262703
159.10205011043652
159.10206371884416
159.10344441110848
159.10344438312273
159.10382221146205
159.10683656482075
159.10861676177313
159.1086067289633
159.11535092906064
159.11535092906064
159.1153539016894
159.1154466351039
159.11545058191578
159.11545058191578
159.1154536070296
159.1154504395235
159.1154466351039
159.11585696180464
159.11723168367115
159.1181216124763
159.11815573942516
159.1199183953719
159.1199804586964
159.12135578359565
159.12138255986102
159.12313899801038
159.1234659035938
159.12356527653708
159.12358246335032
159.12362865312787
159.12362895979666
159.12363501605773
159.12363936037957
159.12365190419544
159.12368167487313
159.12371467550432
159.12372245091836
159.12709513631017
159.12709537875287
159.1270965629264
159.12712327160747
159.1271300682831
159.12713158540524
159.12714123944076
159.12727343885797
