with mode=1, handoff cost coefficient = 1.0
158.04230447199623
158.064095605358
158.08561887441954
158.09071361046355
158.15510794027125
158.16808071217295
158.19980026713333
158.22852593187622
158.25529297126508
158.2870247796515
158.29931922786827
158.3152891745574
158.4419700798074
158.4776185942896
158.519691691163
158.54359497574612
158.5655055964498
158.57846481060244
158.6253934601432
158.6435476111958
158.70691224805316
158.73980843830884
158.78500731564367
158.7866197729824
158.78806157289137
158.79172419484613
158.82264959179008
158.86713624502534
158.90579315472286
158.92439075410024
158.96312702874238
158.96788173003415
158.98286561479816
159.00781162402455
159.0170663818008
159.0355310540684
159.0500320709506
159.05111787138483
159.09487487157156
159.11933576131733
159.13861056702433
159.16023871289823
159.16052930860496
159.1751241571312
159.17762450949616
159.1824140478887
159.21675934752867
159.26692378200326
159.28465861208497
159.29258808526058
159.2933589602196
159.29461041246734
159.30933238836064
159.34481704811822
159.37204303746284
159.42143091423932
159.42629857333662
159.43009804801062
159.4448332209252
159.49065828881263
159.50966647762067
159.53415919939928
159.54724028478148
159.57351692847303
159.5896773867623
159.60338739084432
159.63696046781757
159.63507498484785
159.65118552607095
159.66177677020403
159.68101356469748
159.69206325886262
159.70410817098445
159.72930115412458
159.74346674041982
159.76682236434598
159.80021709580137
159.81014946961278
159.8185476774184
159.82977831570616
159.83247569671516
159.83922457849854
159.83906939659016
159.842761288471
159.87958283814885
159.87913009965956
159.87701481470705
159.88001891571147
159.91262366691453
159.9201512681209
159.95629316331406
159.98237456601493
159.99536320810415
160.0391199712023
160.05390539565195
160.0790422999765
160.08056018651746
160.10240467024806
160.12498211092463
160.13655093559157
160.16120450006997
160.16538331875697
160.178264297657
160.19992201249948
160.20323398135872
160.20352894688048
160.21696156508295
160.25102156451905
160.25082968845982
160.2505683104162
160.2561733223464
160.26514452916086
160.27518128629137
160.29154536806627
160.32688647716765
160.36252037760343
160.37218278428878
160.40671822265483
160.44701429589867
160.4606838840226
160.48769345628614
160.51494970737375
160.5178247108687
160.5298538839718
160.55062426374857
160.5479765547454
160.5626864307525
160.58280146322673
160.58542569842106
160.6136450076167
160.64141651039924
160.64896796418833
160.65560982869542
160.66085407962206
160.69123646286607
160.7101386820363
160.75350221629984
160.75092082962183
160.76906629131602
160.77590771648406
160.7842030405496
160.78792045943186
160.8280925563929
160.84692090732958
160.84770039290402
160.8530476320218
160.85405376531816
160.89783850615993
160.9585610447859
160.97432968980587
160.97814468665516
161.03446674782893
161.0415590244603
161.05890051674658
161.0831316732306
161.08471170593478
161.089324592573
161.11635964745358
161.13754014870983
161.14094642313148
161.14196512374943
161.15418526695254
161.16716100909107
161.1967235297937
161.2000818573087
161.2436873475994
161.26811940838698
161.27663167130132
161.29139582312024
161.30258092772843
161.32924637133073
161.33328901159734
161.33877837215326
161.35527235320686
161.36952320581526
161.39766317044516
161.39936895689343
161.4043976054702
161.40828187695914
161.41199208840172
161.4408589490895
161.43824028219294
161.46527225517957
161.48020675683082
161.50487174880186
161.51498152846557
161.5295982161296
161.5463625927732
161.54478308709486
161.55964680289392
161.55883101303118
161.56558827403643
161.56363753880856
161.5633454961019
161.6040387470573
161.6063159482201
161.61386416133521
161.6563741075256
161.65465099614966
161.65126730260698
161.67863468688827
161.69508168355623
161.70171975479477
161.7168616576187
161.728077740177
161.7377946951429
161.7542212889918
161.76329412103894
161.7750987207277
161.78661670573402
161.7929939904515
161.807829031059
161.80680033124904
161.81234158399548
161.81706370929862
161.82619359223648
161.8776747793243
161.87811694341565
161.8754248335971
161.91149157386454
161.9371589692471
161.93739597957762
161.96299528078578
162.00400065285856
162.04367520274667
162.0495185636691
162.06763376712823
162.0812410190299
162.08246247843587
162.0865790924462
162.13609181821707
162.1345009894756
162.19425210112462
162.23333629916777
162.24149518353823
162.26866345817024
162.29110188903095
162.30903304408747
162.343039332769
162.35845268866746
162.3749675600703
162.4148169063656
162.43439900102715
162.43281597751204
162.43353714822473
162.45161915465823
162.4838660054527
162.48304309382652
162.49112177887653
162.50096532849867
162.51573040957834
162.51616823771633
162.51984605840352
162.52602443220724
162.52803023862842
162.54464550846652
162.55054355200076
162.59335742904162
162.6033900798484
162.6129077933855
162.63226486087385
162.64936680449807
162.65890221687198
162.6833920581956
162.69922664903814
162.70105417119933
162.70245721150042
162.72683077241226
162.74624222799358
162.76260643921157
162.76503657898846
162.79751703850616
162.7996746616443
162.81266106210015
162.81504308781135
162.8149693038149
162.83356152681787
162.83941627298108
162.8371910958163
162.83866197919124
162.84988399979287
162.85021894245438
162.84611158304276
162.84552993355078
162.84692434056277
162.84754532763958
162.85021894245438
162.85225055499185
162.8567345222374
162.85886441618595
162.85953803411047
162.870324110985
162.87009129216827
162.87742386434573
162.87890518057694
162.88000549294074
162.902088346106
162.9065134336389
162.90986120572794
162.9246870473718
162.92910200094462
162.93001502301755
162.93780275363144
162.94599661665208
162.94592298468288
162.9504097857974
162.95154437746203
162.95672471413832
162.96226285193916
162.96839980150182
162.96877070392983
162.96934934576714
162.9740133828155
162.97475254677192
162.98879900288372
162.98936077232622
162.99673796107507
163.0100689041404
163.01125156214707
163.01905186204675
163.01926064012912
163.02526624918355
163.03604112624967
163.03970109173287
163.047331447663
163.05163630506368
163.05298702163498
163.05816443622328
163.07194898854965
163.07260098904135
163.0759991046017
163.0801637625278
163.08824768146374
163.10116642151155
163.108664001847
163.10848924661818
163.1313464455922
163.13319334670692
163.1375385981234
163.14569935050272
163.1468626403084
163.15449363305495
163.16720459199564
163.16847957929576
163.17233319892034
163.17328240398973
163.17379611825191
163.19094380874373
163.195081518073
163.20121945468892
163.20179539005034
163.2068785872897
163.21503269886094
163.21536475765882
163.21697716995777
163.21711102847658
163.21776298533266
163.23132391514613
163.23163725144502
163.2358207201287
163.248651764396
163.248590191531
163.24852963165756
163.2487175078001
163.2529044940416
163.25916225175703
163.25947848227042
163.2603222156262
163.26492082831578
163.26963609760384
163.26928073537732
163.27383856409227
163.27389730703257
163.2732814991253
163.2778043050285
163.27873650804455
163.27858224503362
163.2783539110631
163.285923480338
163.28526658471193
163.2852099869909
163.28981666565994
163.3036611244347
163.33421627729803
163.3347620610677
163.3352907326703
163.34292252153801
163.34268519715584
163.3471027596546
163.3554180837188
163.36370704321723
163.37603810825982
163.375574012507
163.3757598727155
163.37986487748654
163.38128658120363
163.3811100074558
163.39009692244642
163.39448547382634
163.40371056697998
163.40356461180684
163.40373862630366
163.40466390383742
163.40845348912995
163.4075842748764
163.41163392386474
163.41547893971597
163.42105251799927
163.42536545037882
163.43379981242575
163.43426776280606
163.4356610391906
163.43994874390256
163.44882757245043
163.45005300126223
163.45178597641083
163.46153576479767
163.46207340510475
163.46233150997259
163.46630776055125
163.4673926693554
163.46846927565008
163.47578460601702
163.48467929268702
163.48440551785828
163.4879820760883
163.48887152255338
163.49084221804637
163.4951147492762
163.50310452932257
163.5142065131027
163.5143535235249
163.5148417459038
163.514467288703
163.52232919485695
163.52226513050638
163.52198126463028
163.52356041592188
163.52344456139107
163.52898591575513
163.53232032025085
163.54348908281014
163.54352763268355
163.5426720848717
163.55238795693094
163.5630128876175
163.57377469444512
163.57388787420146
163.57417454489476
163.59274704728088
163.59440791692407
163.5945368187365
163.5984747489175
163.59841996671452
163.59871031231694
163.59924145358923
163.59992250807838
163.60061126066068
163.60122031033018
163.60526593095358
163.6050338813058
163.6050240307156
163.6046924637339
163.61055211236598
163.61078424267157
163.6122145836434
163.61866638807177
163.6186713634008
163.6187076295153
163.618014136975
163.61803066505013
163.6182151553003
163.61895655168905
163.61936434203844
163.6194196709762
163.6199750114132
163.62081799346032
163.62695083761847
163.62738415704735
163.62774452121926
163.63763609314492
163.63871026061014
163.64357380419227
163.65214243678966
163.65580173711774
163.65595957964715
163.67487350078244
163.6796054919268
163.67928914122464
163.6867154237481
163.68695907314805
163.68693370584415
163.68672131960372
163.69077188234846
163.69135543305376
163.7002542168982
163.70041329541283
163.70470408983607
163.70808321881503
163.7269690132263
163.72708752221115
