with mode=3, handoff cost coefficient = 1.0
158.04230447199623
158.04230447199623
158.1848448147211
158.43883843852032
158.5876063534853
158.60432427581227
158.60590649968282
158.65122718933043
159.35725654626114
159.67124690953486
160.04589997462898
160.10815508990856
160.74721798815196
160.74876768699588
160.747688262293
161.04204456633568
161.13973381062564
161.13965397368307
161.48660968258457
161.52430039210756
161.52416116051435
161.52450778759246
161.690184700272
161.690184700272
161.69004732211812
161.80376194551496
162.04615152043232
162.0552458020841
162.05466679537824
162.0782247300105
162.12105373896895
162.12733811100497
162.34037305208932
162.3395809584536
162.34095743453622
162.35785372882427
162.3579473385943
162.52169721535915
162.52169721535915
162.5780531129677
162.5780531129677
162.59003526316613
162.5902394140497
162.59018175705438
162.60104834419863
162.60013079333942
162.6001293053379
162.60013466995412
162.60013466995412
162.62409746252487
162.62409746252487
162.6243747671722
162.66269453235924
162.6546768144724
162.65474268235826
162.8119807079518
162.8141252290565
162.8150666805757
162.82889426270353
162.83193587614633
162.8344465753242
162.84863666629386
162.84869673642774
162.8490370830487
162.84857656442978
163.01240715129885
163.01255024489538
163.15814762420126
163.2983602853789
163.2982241361293
163.29812122530092
163.30089050013297
163.30089050013297
163.30089050013297
163.42334003616438
163.4233353958826
163.42344419827174
163.42344419827174
163.42344419827174
163.42344419827174
163.42344419827174
163.42344419827174
163.42739420672854
163.42743491323967
163.42743491323967
163.42743491323967
163.42932432085766
163.42932432085766
163.43670902536206
163.43670902536206
163.43668020640206
163.47813807647447
163.47758400863552
163.50898526329783
163.5090016935195
163.5090016935195
163.51364236071532
163.5135740793037
163.5134091186108
163.5131850950886
163.5131850950886
163.5131850950886
163.5131850950886
163.5131850950886
163.5131850950886
163.51561987058716
163.51561987058716
163.5154425701709
163.5154425701709
163.6393400999995
163.64710703297803
163.75486635884076
163.75330743970383
163.75486366477278
163.7548849723885
163.7548849723885
163.75562587399034
163.75562587399034
163.75562587399034
163.75562587399034
163.75562587399034
163.7565081196972
163.7572227593657
163.75731107767544
163.75731107767544
163.75731107767544
163.75731107767544
163.75731107767544
163.75731107767544
163.76189536823742
163.76189536823742
163.76189536823742
163.76182388307322
163.76182388307322
163.77546662242614
163.77594657351838
163.77579206629568
163.77594776738158
163.77594776738158
163.77594776738158
163.77594776738158
163.77594776738158
163.77594776738158
163.77594776738158
163.77594776738158
163.77594776738158
163.77594776738158
163.77594776738158
163.77594776738158
163.77783046783642
163.7777430145448
163.77761660881762
163.77752542231931
163.77752542231931
163.77752542231931
163.77752542231931
163.77752542231931
163.78457709377923
163.78457709377923
163.78457709377923
163.7847408244359
163.7847408244359
163.7847408244359
163.78891889929113
163.7894711844197
163.78924147362025
163.78924147362025
163.78924147362025
163.78924147362025
163.78924147362025
163.78924147362025
163.78924147362025
163.78924147362025
163.78924147362025
163.78924147362025
163.78924147362025
163.78924147362025
163.78924147362025
163.78924147362025
163.78924147362025
163.78924147362025
163.78924147362025
163.78924147362025
163.78924147362025
163.78924147362025
163.78924147362025
163.78924147362025
163.78924147362025
163.78924147362025
163.78924147362025
163.78924147362025
163.78924147362025
163.78924147362025
163.78924147362025
163.78924147362025
163.78924147362025
163.78924147362025
163.78924147362025
163.78924147362025
163.79099016074616
163.79123048179025
163.7912604945718
163.794003196354
163.86941124890853
163.87016056029907
163.87016056029907
163.87016056029907
163.87016056029907
163.87016056029907
163.87016056029907
163.87016056029907
163.87358110063212
163.8734743124179
163.87380378826686
163.87380378826686
163.87380378826686
163.87380378826686
163.87380378826686
163.87380378826686
163.87380378826686
163.87517948122425
163.87517948122425
163.87517948122425
163.87517948122425
163.87517948122425
163.87517948122425
163.87517948122425
163.87517948122425
163.87517948122425
163.87517948122425
163.87517948122425
163.87517948122425
163.87517948122425
163.87697310920288
163.87694128189537
163.8769967733976
163.87916199501987
163.8791771089494
163.8809372131129
163.8809372131129
163.8810186739131
163.88109951967428
163.88109951967428
163.88109951967428
163.88109951967428
163.88109951967428
163.88109951967428
163.88109951967428
163.88109951967428
163.88109951967428
163.88109951967428
163.88109951967428
163.88109951967428
163.88109951967428
163.88109951967428
163.88109951967428
163.88273973107601
163.88283536012565
163.88353098504373
163.88353098504373
163.88353098504373
163.88353098504373
163.88353098504373
163.88353098504373
163.88353098504373
163.88353098504373
163.88664210211437
163.95647170437005
163.95631579597463
163.95628081402018
163.95640671167294
163.95640671167294
163.95640671167294
163.95640671167294
163.95640671167294
163.95640671167294
163.95640671167294
163.95640671167294
163.95640671167294
163.95640671167294
163.95640671167294
163.95640671167294
163.95640671167294
163.95640671167294
163.95640671167294
163.95640671167294
163.95640671167294
163.95640671167294
163.95640671167294
163.95640671167294
163.95640671167294
163.95640671167294
163.95640671167294
163.95640671167294
163.95640671167294
163.95640671167294
163.95640671167294
163.95640671167294
163.95640671167294
163.95640671167294
163.95640671167294
163.95640671167294
164.01253889389744
164.0125647357903
164.0129728138884
164.0128529064707
164.0128529064707
164.0128529064707
164.0128529064707
164.0128529064707
164.0128529064707
164.0128529064707
164.0128529064707
164.0128529064707
164.0128529064707
164.0128529064707
164.0128529064707
164.0128529064707
164.0128529064707
164.0128529064707
164.0128529064707
164.0128529064707
164.0128529064707
164.0128529064707
164.0128529064707
164.0128529064707
164.0128529064707
164.0128529064707
164.0128529064707
164.0128529064707
164.0128529064707
164.0128529064707
164.0128529064707
164.0128529064707
164.0128529064707
164.0128529064707
164.0128529064707
164.0128529064707
164.0128529064707
164.0128529064707
164.0128529064707
164.0128529064707
164.0128529064707
164.0128529064707
164.0128529064707
164.0128529064707
164.0128529064707
164.0128529064707
164.0128529064707
164.0128529064707
164.0128529064707
164.0128529064707
164.0128529064707
164.0128529064707
164.0128529064707
164.0128529064707
164.0128529064707
164.0128529064707
164.0128529064707
164.0128529064707
164.0128529064707
164.0128529064707
164.0128529064707
164.0128529064707
164.0128529064707
164.0128529064707
164.0128529064707
164.0128529064707
164.0128529064707
164.0128529064707
164.0128529064707
164.0128529064707
164.0128529064707
164.0128529064707
164.0128529064707
164.01420927407227
164.01420927407227
164.01420927407227
164.0144360765531
164.0144360765531
164.01464431934568
164.01464431934568
164.01464431934568
164.01464431934568
164.01464431934568
164.01464431934568
164.01464431934568
164.01464431934568
164.01464431934568
164.01464431934568
164.01464431934568
164.01464431934568
164.01464431934568
164.01464431934568
164.01464431934568
164.01464431934568
164.01464431934568
164.01464431934568
164.01464431934568
164.01464431934568
164.01464431934568
164.01464431934568
164.01464431934568
164.01464431934568
164.01464431934568
164.01464431934568
164.01464431934568
164.01464431934568
164.01464431934568
164.01464431934568
164.01464431934568
164.01464431934568
164.01464431934568
164.01464431934568
164.01464431934568
164.01464431934568
164.01464431934568
164.01464431934568
164.01464431934568
164.01464431934568
164.01464431934568
164.01464431934568
164.01464431934568
164.01464431934568
164.01464431934568
164.01464431934568
164.01464431934568
164.01464431934568
164.01464431934568
164.01464431934568
164.01464431934568
164.01464431934568
164.01464431934568
164.01464431934568
164.01464431934568
164.01464431934568
164.01464431934568
164.01464431934568
164.01464431934568
164.01464431934568
164.01464431934568
164.01464431934568
164.01464431934568
164.01464431934568
164.01464431934568
164.01464431934568
164.01464431934568
164.01464431934568
164.01464431934568
164.01464431934568
164.01464431934568
164.01464431934568
164.01464431934568
164.01464431934568
164.01464431934568
164.01464431934568
164.01464431934568
164.01464431934568
164.01464431934568
164.01464431934568
164.01464431934568
164.01464431934568
164.01464431934568
164.01464431934568
164.01464431934568
164.01464431934568
164.01464431934568
164.01464431934568
164.01464431934568
164.01464431934568
164.06867563301054
164.06872740102364
164.0687744625769
164.06882785341242
164.06882785341242
164.06882785341242
164.06882785341242
164.06882785341242
164.06882785341242
164.06882785341242
164.06882785341242
164.06882785341242
164.06882785341242
164.06882785341242
164.06882785341242
164.06882785341242
164.06882785341242
164.06882785341242
164.06882785341242
164.06882785341242
164.06882785341242
164.06882785341242
164.06882785341242
164.06882785341242
164.06882785341242
164.06882785341242
164.06882785341242
164.06882785341242
164.06882785341242
164.06882785341242
164.06882785341242
164.06867563301054
