with mode=0, handoff cost coefficient = 1.0
158.38525989969568
158.79005164867368
158.78740106564578
158.84177777575488
158.86235690461862
158.87544758696598
158.92666834051778
158.99696387906405
159.05025244505825
159.0679435031099
159.1176720320257
159.1176637476087
159.1176604121678
159.1176604121678
159.12130880908708
159.1255226944159
159.11060544152866
159.1075290853632
159.12998872443168
159.13732702552224
159.11785710631295
159.11839343128113
159.11897250902896
159.1237834537236
159.13732702552224
159.13738495960754
159.1383707665781
159.14046691553833
159.14402755671148
159.14425492875077
159.14192914362133
159.1508755801256
159.15156516980593
159.15157038305605
159.16621872461087
159.16647215258223
159.37029433652248
159.371880357951
159.37236191520105
159.39439709515108
159.3965273927991
159.3984736508082
159.41957197310822
159.41955476582848
159.41957197310822
159.42620094233803
159.4262014903003
159.43348169033214
159.43413476464244
159.48225015295282
159.4895731983338
159.4918275032531
159.49198467230093
159.49520281479704
159.4952030452902
159.4953360852355
159.49533765092184
159.495610286427
159.49660264963103
159.49706472091125
159.50025156554923
159.5003625424263
159.50506051730116
159.50506069399916
159.50716564740733
159.5190036898667
159.52369142612628
159.52718485773306
159.54138697856246
159.54377188288794
159.55612874920237
159.56501600685274
159.56502627450254
159.5809184743929
159.58570661474891
159.59868270510793
159.5986837834787
159.6009847842115
159.60730786602164
159.6231886060283
159.61877829396337
159.61908181577118
159.61920084252753
159.61529322678828
159.6231886060283
159.62377417383885
159.62517078511416
159.62527409517403
159.62502456186323
159.6265795975547
159.6323663470581
159.64353866516484
159.6678082565686
159.67122027823714
159.67122181989407
159.67112264580774
159.6711566894117
159.67169789430073
159.67124043842054
159.67178002771223
159.67211609034825
159.67212568359716
159.67296854650434
159.67296912091564
159.67296975375092
159.6732362750137
159.6740132561397
159.6740132561397
159.67401855928645
159.67423539011648
159.67490240407543
159.71302421352914
159.71158623019647
159.71714704104104
159.7172786270837
159.71769404324687
159.71753377336296
159.72867721368073
159.7286812787998
159.72730082455556
159.7273016851816
159.72979898157334
159.7284008998765
159.73362655626943
159.7349849617943
159.73577408427985
159.73436919594388
159.8360101859033
159.83455184788596
159.93683831205203
159.9399608394136
159.94081794756443
159.94048533590893
159.94058958220202
159.94131197587592
159.9437980479109
159.94382917042114
159.94316302038595
159.9444257081457
159.94460190630474
160.0103619416083
160.01416042017453
160.01402824065497
160.01393678140101
160.01393728268502
160.0141399572548
160.01459092086105
160.02471357325024
160.02611102484346
160.02946573259734
160.02967150085152
160.06597411534426
160.07546841891553
160.075664871976
160.076641029686
160.07664228638353
160.07693266242697
160.08213559738002
160.08213955095064
160.0809680730995
160.08146664596285
160.08473002896886
160.08540225691584
160.08552896683406
160.08551038967045
160.0854502068418
160.08534410685635
160.0854860208181
160.08562100309743
160.08602142054187
160.0860969531794
160.08733049337863
160.0872128581594
160.08593951253343
160.08595925593914
160.08583854837278
160.09116387855244
160.09142201134583
160.09232839855073
160.0911335140215
160.09296044728026
160.09296102588112
160.09269604661094
160.09312713192276
160.09330213188662
160.1024094322955
160.1026535056585
160.10305954593312
160.1056829549062
160.1056744886676
160.10473552665277
160.10475829792895
160.10551594231177
160.10619773945152
160.1062261253753
160.1062269727616
160.10579794593824
160.1058934983436
160.10589029137
160.1085565077585
160.10705752852468
160.10733935747237
160.10855623505603
160.10855639188281
160.1085565077585
160.10864092837974
160.1086744762128
160.1088050200118
160.10965433927475
160.1096554585547
160.10858257512928
160.10841775364824
160.10841790981078
160.1096819156013
160.10979151308874
160.11001813412975
160.10993517145857
160.10991984211313
160.11002290850178
160.11007672848297
160.11016522181563
160.14368268526857
160.14428465853717
160.14435605798315
160.1443561565139
160.1442176040807
160.14420791343676
160.14420798184713
160.1444109892576
160.14405017622462
160.1440484906618
160.1440485156191
160.1438881901797
160.1444109892576
160.14457180840583
160.1445485342674
160.14478561488588
160.14506403004205
160.1450947748261
160.14610582736543
160.14612404334935
160.1467547736199
160.14675673693725
160.1469709926284
160.1469709949873
160.1469813783268
160.14699874157347
160.14689658906565
160.1468967191082
160.14697492552045
160.14701140720902
160.14701140720902
160.14714059632269
160.14712839339737
160.1471298883929
160.14719691910486
160.1471969341568
160.14738349570516
160.14738349714776
160.14776120245443
160.14779495939544
160.14779522235543
160.14836076134208
160.14834060878442
160.14834064277545
160.1645461948014
160.1655570249908
160.16555712128547
160.16643415772944
160.18317902983478
160.1838106413311
160.18400027385212
160.184094990158
160.19293989970942
160.19297152004896
160.1929781756167
160.19292479185583
160.1930792630837
160.19315605536224
160.21877905847273
160.2189582247452
160.21891015615387
160.2189101747981
160.2190375320482
160.21906708451866
160.21918158242053
160.21946296681404
160.21946304279126
160.21949180017847
160.2194816013407
160.21962396507368
160.22203430896954
160.2220085518497
160.22200899302746
160.22206493681998
160.23089101595698
160.23093954730118
160.23098952864947
160.2316163027129
160.2317919671739
160.23185410826835
160.23185045183988
160.23185184523547
160.23191950779642
160.23346770500896
160.2335415695783
160.23354087085679
160.23440728517554
160.23440911915876
160.2343433187465
160.23434345875728
160.23439089034594
160.23440728517554
160.23466982995964
160.2347271998839
160.23475495199764
160.23515938597998
160.23520622506518
160.2358299607051
160.235830307773
160.2358445549989
160.23615979003793
160.23641779151708
160.2364475877488
160.23645643612713
160.23645655707068
160.23684133639188
160.2368770448265
160.2368805868103
160.2368905986273
160.23693448275822
160.23691870723673
160.23691872706587
160.236917380928
160.2369279294394
160.23693448275822
160.2369941212533
160.2369945087478
160.2370353053443
160.23706703451148
160.23859394755866
160.2386173842098
160.238628541528
160.23874679400265
160.23880256356193
160.23882334015977
160.23882649041053
160.23882685360695
160.23883885871658
160.23884912480347
160.2388574003784
160.238857405541
160.23901251073323
160.2390241881355
160.2390740357497
160.23908963538037
160.23909518946908
160.2391008293216
160.23910103508524
160.23910079206146
160.2391008262089
160.23910454569886
160.2393710286547
160.23939713982958
160.23940054241632
160.23942217701727
160.2409487547417
160.24100123782918
160.2410012683224
160.2409956503688
160.24099131954074
160.241120740881
160.24115469171437
160.2411731986067
160.24117499543536
160.24120535564145
160.24124013611495
160.24124312625392
160.2412560031693
160.24126516145708
160.24131235612452
160.24131237694414
160.24131740291355
160.24131740291355
160.24131862986636
160.24161606517384
160.2416285986835
160.2416285986835
160.2416285986835
160.24164061196183
160.24165175421433
160.24190382600415
160.24190742534967
160.24191394666514
160.24196368838102
160.24197521987122
160.24197521987122
160.24197581666067
160.24197584417843
160.24616926687278
160.2463632610309
160.25276985172198
160.25277673600084
160.2530327639864
160.2532887530574
160.25329148221581
160.25354342374825
160.25354790816732
160.2535997658636
160.25360794718128
160.25363516469787
160.25363985040545
160.25363985894592
160.25375835955768
160.25376022330295
160.25431534020962
160.25431534459716
160.25432018568154
160.2544476299769
160.2546058278926
160.25460583138027
160.25460770561818
160.25681561459507
160.25681678145185
160.25681686267592
160.25683874872902
160.25683530066686
160.25685154381893
160.25685579627577
160.25685646400552
160.25685676827192
160.25685678304768
160.25687374885442
160.2568850510934
160.26329160775228
160.26329160746428
160.263291609721
160.26329163237853
160.2633145182876
160.26332902558556
160.26332426198866
160.26336405628263
160.26338864043493
160.26342543792003
160.2634288218638
160.26342882828848
160.26348397941527
160.26354779399065
160.26354779406498
160.2635478172225
160.26370317824376
160.26371447650922
160.26371452668826
160.26372121186856
160.26374892854088
160.2637527964812
160.26396476443054
160.26409062986593
160.26409455537927
160.26411916585425
160.2642266052496
160.2642266543717
160.2644429998824
160.26596948181438
160.2659727910469
160.26597708620406
160.26597715848297
160.2659919877502
160.26600928900905
160.27241555781572
160.2724155574079
160.2724317926424
160.272431599558
160.27243388313315
160.27262273258438
160.272752936647
160.27275293744864
160.2727725937952
160.27295784143467
160.27299152777874
160.2732010914639
160.27319591615324
160.2732126310195
160.27322761493227
160.27324426667718
160.2732656777054
160.2732657458503
160.27326792383693
160.2733039070639
160.27330187524063
160.27330636477444
160.27348577492197
160.27374905203152
160.27375182763066
160.27375183327894
160.27400714002363
160.27621232372766
160.27621444996714
160.27646971181488
160.27648667676004
160.27650855151018
