with mode=1, handoff cost coefficient = 1.0
158.38525989969568
158.3850677839456
158.41468235536757
158.43422049864466
158.4493510200443
158.48457005238356
158.50658010952182
158.51703877480273
158.5901553407415
158.59187417536467
158.62927989982126
158.6364741504321
158.66062925816988
158.70571933783327
158.72871188082846
158.78498202428133
158.79345805536792
158.8403555484422
158.86431516004774
158.87690255211612
158.89160810218578
158.8990519049942
158.90762349083096
158.96838444885498
159.02639900936742
159.0652669080419
159.10080109058507
159.16338466286896
159.2012784197279
159.2047830218719
159.2108841733546
159.22724390465737
159.28238347182017
159.3427800556193
159.35275912333495
159.35417952852106
159.36057092434785
159.39371675049912
159.40587990170226
159.41503862858747
159.4265474616714
159.4671656575218
159.4694952844915
159.48202398920682
159.55474865294275
159.55745719114464
159.61153970807177
159.65847193557136
159.71239008944633
159.75442357741352
159.76376473385903
159.76980483383753
159.78465674870083
159.80639821094692
159.80816030630604
159.80798680620867
159.8721686305776
159.88634026196465
159.92791339135368
159.9453655066013
159.97826175467446
159.98317574446054
159.9958349280707
160.04807018376763
160.0477605782606
160.05132087827124
160.0495033496843
160.1028944320051
160.13892073961773
160.14084966249976
160.17507972460848
160.2286625088671
160.2291939866586
160.23240641462763
160.2496327407897
160.26532198228392
160.2696933291146
160.32681013827565
160.33466876389548
160.35176441056265
160.37317839395564
160.42731538078775
160.48820222692223
160.49458231394726
160.4978263898872
160.51503659878244
160.58375478970987
160.58879207448376
160.6027977360994
160.6364014240194
160.69863768092011
160.70076940099327
160.7040020228506
160.70689747833774
160.7062468542524
160.74029233730352
160.74963566122398
160.75072879904394
160.78672263862907
160.79186751251456
160.84534576907208
160.867923075354
160.8712564242189
160.87366246775943
160.87845524191897
160.88564113822605
160.8958095622701
160.89563662112354
160.9184867532306
160.92702794865323
160.92607862470416
160.92741917991958
160.92692738050513
160.933234408499
160.99239761611867
161.04306025128014
161.05978206271527
161.0671147529662
161.11897901343528
161.136289047661
161.1359839691415
161.13567214037263
161.1459351840591
161.15027297567158
161.2012531231287
161.22133213338492
161.2220572040544
161.2249435000788
161.22443890875584
161.23607506338763
161.23586880608184
161.23556300919182
161.24188939672632
161.3586993190965
161.4380222154766
161.44213284089759
161.44476862464515
161.44930937241438
161.51329199687206
161.5972968055629
161.59896926407438
161.6193573785877
161.61949661663434
161.6725306830566
161.6736022224041
161.6759737218975
161.68130788094936
161.74409842999995
161.7454532205863
161.79622946609774
161.80983649252101
161.83011712659723
161.86058202130997
161.86054437014405
161.86533342750567
161.8703707426122
161.86924863376274
161.88752520736057
161.92361245046303
161.93133518612126
161.93252492725665
161.93451663133126
161.9431522026162
161.94879676365483
161.9975871087082
162.00303753348706
162.00430267303614
162.00484441812108
162.05366726909665
162.05420478921152
162.05600078161376
162.06925076125742
162.0714887312109
162.07729342846943
162.08214144101183
162.08212107719362
162.10357926542343
162.1226495985413
162.1378468156849
162.19063769348358
162.2079016180552
162.24167054172915
162.2814611022687
162.28330557510958
162.28552687538743
162.28792982477873
162.35378739474436
162.36947380909203
162.36863378752463
162.37091369997714
162.41981633398208
162.4688655530377
162.46948910008902
162.47395410459362
162.47435110262984
162.47407311106207
162.47706954653063
162.49366083180107
162.4947921710222
162.54400851131126
162.53966567346345
162.54609315850783
162.54666616189786
162.54646757027234
162.54869683151938
162.5812954080491
162.58288541143116
162.59378919914428
162.59702366728206
162.64584336730863
162.64926467739826
162.64870948251053
162.65109477626117
162.65616186694623
162.69077947619616
162.6926868235941
162.73921620285395
162.75327882845298
162.75393978950248
162.7538366236974
162.76761007826954
162.7796960264477
162.81305796449135
162.81388068007078
162.82509089299964
162.87989907145345
162.88244345431397
162.88214220921122
162.94510106217172
162.99623940815326
162.99510734705734
162.99598593746825
163.02689507754005
163.03125823963114
163.0307559842629
163.03114287578308
163.0303415709809
163.02888017639933
163.04382034773286
163.0764470802043
163.08219292188951
163.08418711920356
163.08816897754053
163.1018859907994
163.1073827612164
163.1060631529866
163.10246375403048
163.20581239733818
163.20859783152022
163.21395674027124
163.23351449746272
163.23568176963198
163.26849094395678
163.2850730194499
163.31894701142178
163.31649231460761
163.36837246748593
163.38204883050733
163.39313980310538
163.44532196133508
163.47728528413396
163.49555681436595
163.5073869471492
163.5096177463704
163.51097250189375
163.50944457866086
163.51007382893818
163.5108620187198
163.5082345767358
163.5510988821706
163.55250354091208
163.5858017035946
163.63827696288337
163.66154476952514
163.71214137636176
163.7157538802737
163.76215539076918
163.77584465707105
163.77597855681796
163.8242963761526
163.82584462993555
163.83849910077168
163.87001237630025
163.868685197826
163.9154899121045
163.91390548455368
163.92818853562204
163.96023427581324
163.9734344039467
163.97771651075237
163.9766759613633
163.9779969947679
163.97900888628203
164.01370416243603
164.04411495476717
164.0440907875391
164.08194752337536
164.11038006301587
164.1556516846714
164.17040831759607
164.20654811394755
164.20582363696113
164.20645745441792
164.2218465107731
164.2255452201395
164.22892212705057
164.27996221857705
164.31146954051115
164.31221192308126
164.3654276168849
164.36504093273868
164.38252474468354
164.38005744872834
164.38093180764668
164.43003785258665
164.4277099351228
164.4751021487781
164.52491922886824
164.52500728540656
164.54271614771028
164.54382687322487
164.5478230247587
164.54904290059403
164.5503109529323
164.5484196327152
164.5480766147964
164.54722920233522
164.56339527572786
164.56588578440255
164.56679408630885
164.56419765716234
164.59732386694407
164.6130215210699
164.6137410165208
164.6630648406194
164.66639321896633
164.66716602441693
164.666689760306
164.6798612230648
164.7310776987498
164.7312226504886
164.72975144544995
164.73111739430738
164.73423111733973
164.73648463489985
164.73798656360464
164.73547398217744
164.73238306268908
164.7344290810017
164.7378365886454
164.7400946097011
164.7546039113927
164.76814854668768
164.76561712163928
164.83311146808222
164.83409129829428
164.8335774445246
164.85020558290248
164.8995222145217
164.91688447618336
164.91389430676597
164.92939969310964
164.92930178760608
164.93039591735615
164.94333255945787
164.94473466182177
164.9469973690168
164.96362914923375
164.96594127098615
164.963433321514
164.96431413627178
164.96801846825159
164.96550566345
164.96486354257078
164.9644933251346
165.02856590004356
165.05989230104672
165.07322010333192
165.07344761684547
165.07263293767744
165.1065697872559
165.1050138964708
165.12349446260066
165.13774546474755
165.15124101988678
165.14944315604265
165.19933062966052
165.22693315738775
165.24211616000176
165.24599858661972
165.24745007026718
165.24694461704348
165.26262667666572
165.26221105521287
165.26403085192652
165.26538991106588
165.2635622416617
165.26591875655856
165.266767300307
165.2778337019667
165.30849042734326
165.3210456654482
165.3202209311193
165.33210096031735
165.3316036495848
165.38259347685803
165.38265145324252
165.39777432916864
165.42929824467564
165.42928009028
165.4780644540722
165.5117041723442
165.52790709494246
165.5629619560662
165.59892300732403
165.60131085910152
165.60711094499462
165.61233028334337
165.6149446180758
165.61476730540656
165.64871663199685
165.64857661385167
165.65979841979512
165.66071833316192
165.66288314360034
165.67894142833848
165.69395482935388
165.73149020970303
165.7812007700507
165.78212161379037
165.78733540390655
165.79805446736003
165.79991703884735
165.79890531350264
165.80090702355412
165.8034568850708
165.806197174521
165.80623348557108
165.809208931443
165.81349298146543
165.82383377002466
165.85047994087128
165.86273178413117
165.865422822048
165.87754142465107
165.88105358839937
165.89486008666302
165.91104463159445
165.94829117036844
165.96082529553763
165.96300465634664
165.96400712445484
166.01366399322137
166.01394924501184
166.02631263087477
166.0296262945278
166.03091698500523
166.0311334821799
166.03297180648417
166.03457585405351
166.06817221088428
166.0725051571807
166.07264273820186
166.0720572803789
166.0772865719541
166.07861300688936
166.08197907479916
166.0820425261273
166.09590148264033
166.14268299926792
166.15237985099816
166.15162873514376
166.18785945653406
166.2227707847914
166.2217857763313
166.26112567920143
166.2616315599823
166.26389900318986
166.26680471897996
166.2698708481622
166.2680227890143
166.26760644451343
166.3041253705379
166.30204725403362
166.30379612736812
166.31800406677567
166.3203497303633
166.33438355477435
166.33469533850797
166.33956078443978
166.34019237126506
166.3394702883795
166.34009638595333
166.33990583586876
166.34196649424433
166.33835741392858
166.3427479942064
166.37663345601564
166.37970262085733
166.3816436477593
166.3823279166756
