with mode=3, handoff cost coefficient = 1.0
158.38525989969568
159.19391593169442
159.75927780717817
159.80310517472736
159.83248251754293
159.8621725968545
161.13636096969827
161.6482918397274
161.6621799169388
161.95769162563718
161.97784327227902
162.05911735857072
162.06068704403634
162.84016168964732
162.84016025161966
162.8401451729033
162.93843294758918
163.05310463480563
163.08024307366836
163.42365282770712
163.50682686846957
163.53419264026917
163.53419692338647
163.54203546899555
163.58994367083514
163.56670922774526
163.61680849527878
163.62035842638144
163.62035842638144
163.62043262453807
163.9389613744415
163.9426881259506
163.94291710312388
163.94291710312388
163.95689785526062
163.95683246286342
163.9608727895027
163.96602989504618
163.9661125208589
163.96615742099095
165.06469399809458
165.06469399809458
165.064729048959
165.09492462909594
165.11098697124282
165.11298465633513
165.11348420736607
165.1135739841088
165.1135739841088
165.1135739841088
165.1135739841088
165.11814880247962
165.35692887080776
165.39781730859525
165.3978777985104
165.3978777985104
165.39792083964514
165.40178739234076
165.41239700099814
165.41235478802716
165.41608760355817
165.41691519422804
165.41696444976947
165.46471055338856
165.48460981256918
165.46215912313968
165.4675105431015
165.4675105431015
165.47163870258035
165.47157620028892
165.47149281793372
165.47149281793372
165.47149281793372
165.48760259384238
165.48764853474492
165.5243719427188
165.5243719427188
165.52504562890522
165.52497190239797
165.52497190239797
165.52869897999204
165.52881699544307
165.52856691541425
165.5291922769386
165.5291922769386
165.5291922769386
165.54367395675396
165.54444254949723
165.56270823736781
165.56269630357824
165.56271289395212
165.56034122234618
165.56203089199232
165.56203089199232
165.56203089199232
165.56206318957794
165.5727923058351
165.5733852340605
165.5734682236455
165.5734682236455
165.5746501169251
165.5746501169251
165.5746501169251
165.5746501169251
165.60443183608336
165.6058514092297
165.6057596686569
165.6057596686569
165.6057596686569
165.6057596686569
165.6057596686569
165.6125584276433
165.61260032000163
165.61262816287967
165.61204788396245
165.61666058286946
165.61664373984217
165.61662975122488
165.61662975122488
165.61662975122488
165.61662975122488
165.61662975122488
165.62338893841445
165.62525756283924
165.62643657794362
165.6264355470324
165.62969555819225
165.62815143431308
165.6285715533357
165.6285715533357
165.64562493360296
165.64557952543484
165.64557952543484
165.6455328577456
165.6455328577456
165.6455328577456
165.6455328577456
165.67226146673983
165.67219614549532
165.67420470870616
165.67765825836977
165.67767369671162
165.67768269746023
165.67767374272194
165.67767374272194
165.67767374272194
165.67767374272194
165.67767374272194
165.67767374272194
165.67767374272194
165.67767374272194
165.68022268085593
165.68022268085593
165.6802577645404
165.68027346683346
165.68027346683346
165.68027346683346
165.68027346683346
165.70044493604476
165.7030866230498
165.70360191852888
165.7036014192675
165.7036014192675
165.7036014192675
165.7036014192675
165.7036014192675
165.7036014192675
165.7036014192675
165.7036014192675
165.7036014192675
165.7036014192675
165.7036014192675
165.7036014192675
165.7036014192675
165.7036014192675
165.7036014192675
165.7036014192675
165.7036014192675
165.7036014192675
165.7036014192675
165.7036014192675
165.7036014192675
165.7036014192675
165.70493035897357
165.70493035897357
165.70493035897357
165.7075293748253
165.72191464484393
165.72240678060234
165.72242844106344
165.72240686920537
165.72240686920537
165.72240686920537
165.72240686920537
165.72240686920537
165.72240686920537
165.72240686920537
165.72240686920537
165.72240686920537
165.72240686920537
165.72240686920537
165.72240686920537
165.72240686920537
165.72240686920537
165.72240686920537
165.72240686920537
165.72240686920537
165.72240686920537
165.732706937585
165.73268860205883
165.7338513429948
165.7338406417602
165.7338406417602
165.7338406417602
165.7338406417602
165.7338406417602
165.7338406417602
165.7338406417602
165.7338406417602
165.7338406417602
165.7338406417602
165.7338406417602
165.7338406417602
165.7338406417602
165.7338406417602
165.7338406417602
165.7338406417602
165.7338406417602
165.7338406417602
165.7338406417602
165.75219367363613
165.7521649985299
165.75215145505467
165.77005860580923
165.77009747103702
165.77009474196876
165.77005026275415
165.77005026275415
165.77005026275415
165.77005026275415
165.77005026275415
165.77005026275415
165.77005026275415
165.77005026275415
165.77005026275415
165.78713720924407
165.7871543209321
165.78717024204795
165.787159508882
165.787159508882
165.787159508882
165.787159508882
165.787159508882
165.787159508882
165.787159508882
165.787159508882
165.78948498882278
165.78953066808816
165.78948329249604
165.78900724198039
165.78900724198039
165.78900724198039
165.78900724198039
165.80482679017996
165.80482679017996
165.8048267183133
165.80542568238127
165.80542568238127
165.80542568238127
165.80542568238127
165.80542568238127
165.80542568238127
165.80542568238127
165.80542568238127
165.80542568238127
165.80542568238127
165.80655896149895
165.80655896149895
165.80655896149895
165.80655896149895
165.80655896149895
165.80655896149895
165.80655896149895
165.80655896149895
165.80655896149895
165.80655896149895
165.80655896149895
165.80655896149895
165.80655896149895
165.80655896149895
165.80655896149895
165.80655896149895
165.80655896149895
165.80655896149895
165.8075815318346
165.8092089979257
165.80923977524498
165.80927875701994
165.80927875701994
165.80927875701994
165.80927875701994
165.80927875701994
165.80927875701994
165.80927875701994
165.80927875701994
165.80927875701994
165.80927875701994
165.80927875701994
165.80927875701994
165.80927875701994
165.80927875701994
165.80927875701994
165.80927875701994
165.80927875701994
165.80927875701994
165.80927875701994
165.80927875701994
165.80927875701994
165.81350940370166
165.81348303822134
165.813451178707
165.813485731716
165.813485731716
165.813485731716
165.813485731716
165.813485731716
165.813485731716
165.813485731716
165.813485731716
165.813485731716
165.813485731716
165.813485731716
165.813485731716
165.813485731716
165.813485731716
165.813485731716
165.813485731716
165.813485731716
165.813485731716
165.813485731716
165.813485731716
165.813485731716
165.813485731716
165.813485731716
165.813485731716
165.813485731716
165.813485731716
165.813485731716
165.813485731716
165.813485731716
165.813485731716
165.813485731716
165.813485731716
165.813485731716
165.813485731716
165.813485731716
165.813485731716
165.813485731716
165.813485731716
165.813485731716
165.813485731716
165.813485731716
165.813485731716
165.813485731716
165.813485731716
165.813485731716
165.813485731716
165.813485731716
165.813485731716
165.813485731716
165.813485731716
165.813485731716
165.813485731716
165.813485731716
165.813485731716
165.813485731716
165.813485731716
165.813485731716
165.813485731716
165.813485731716
165.813485731716
165.813485731716
165.813485731716
165.813485731716
165.813485731716
165.813485731716
165.813485731716
165.813485731716
165.813485731716
165.813485731716
165.813485731716
165.813485731716
165.813485731716
165.813485731716
165.813485731716
165.813485731716
165.813485731716
165.813485731716
165.813485731716
165.813485731716
165.813485731716
165.813485731716
165.813485731716
165.813485731716
165.813485731716
165.813485731716
165.813485731716
165.813485731716
165.813485731716
165.813485731716
165.813485731716
165.813485731716
165.813485731716
165.813485731716
165.813485731716
165.813485731716
165.813485731716
165.813485731716
165.813485731716
165.813485731716
165.813485731716
165.813485731716
165.813485731716
165.813485731716
165.813485731716
165.813485731716
165.813485731716
165.813485731716
165.813485731716
165.813485731716
165.813485731716
165.813485731716
165.813485731716
165.813485731716
165.813485731716
165.813485731716
165.813485731716
165.813485731716
165.813485731716
165.813485731716
165.813485731716
165.813485731716
165.813485731716
165.813485731716
165.813485731716
165.813485731716
165.813485731716
165.813485731716
165.813485731716
165.813485731716
165.813485731716
165.813485731716
165.813485731716
165.813485731716
165.813485731716
165.813485731716
165.8245563250636
165.82456492485704
165.82457132043797
165.82358193338897
165.82358193338897
165.82358193338897
165.82358193338897
165.82358193338897
165.82358193338897
165.82358193338897
165.82358193338897
165.82358193338897
165.82358193338897
165.82358193338897
165.82358193338897
165.82358193338897
165.82358193338897
165.82358193338897
165.82358193338897
165.8995793422725
165.8996036251843
165.89981271681495
165.89981271681495
165.89981271681495
165.89981271681495
165.89981271681495
165.89981271681495
165.89981271681495
165.89981271681495
165.89981271681495
165.89981271681495
165.89981271681495
165.89981271681495
165.89981271681495
165.89981271681495
165.89981271681495
165.89981271681495
165.89981271681495
165.89981271681495
165.89981271681495
165.89981271681495
165.89981271681495
165.89981271681495
165.89981271681495
165.89981271681495
165.8995793422725
