with mode=0, handoff cost coefficient = 1.0
174.22586431126973
174.22585975460612
174.24527823975143
174.28956169953472
174.311681385674
174.5351208717764
174.53363383588183
174.56517649729693
174.55235526844064
174.5660956147845
174.56616037822647
174.56588021828495
174.56939392467496
174.67731973917705
174.67729476392185
174.71571290960136
174.71417388129353
174.71923523905983
174.7475865807818
174.75502501815166
175.11844694857714
175.139659817823
175.13959365852443
175.14185379079495
175.1582365266922
175.13143924864204
175.13817921122896
175.15485716379212
175.1562538731629
175.29972734760335
175.29007028890962
175.29247267499505
175.28952367988887
175.3855243475832
175.3868909691038
175.38846175812853
175.52167341248108
175.61866731280278
175.61869184230142
175.6073395070512
175.6032439599148
175.60324489407765
175.60950592688968
175.61869184230142
175.62823773894655
175.6281969534586
175.62886546712113
175.81263759953836
175.81397788557743
175.81564018024375
175.80838760891982
175.80723681134145
175.8067516436509
175.81128358366533
175.8217003113952
175.82169371311306
175.82465450847565
175.830150466495
175.83019055014915
176.0124813869553
176.0058087664383
176.00641857243653
176.0025057912148
176.00685557877125
176.0124813869553
176.03803622446418
176.03805392657083
176.12970279209242
176.130565252012
176.13056667098652
176.13057308030704
176.13272959934307
176.13273305514178
176.1549566469132
176.1552825367287
176.15684126572978
176.15713308864906
176.15525909941047
176.1595288883338
176.1594596782537
176.21754671205403
176.2196111333874
176.21971158979431
176.22061042881774
176.2535136779946
176.25982782340898
176.25981713248328
176.25973117255486
176.26912661960074
176.269126663284
176.26938195402354
176.27342370894974
176.33175253619558
176.33186325677204
176.33823188275025
176.3382425779686
176.33801250990703
176.341382516501
176.3417399487159
176.34188627543668
176.40028166560612
176.39951387820983
176.3995159285627
176.402014545889
176.40241566850705
176.40261970745718
176.4080563298495
176.40938241397393
176.4093650475262
176.41208243050568
176.41099089291373
176.41082730584506
176.41082685550074
176.41089803016993
176.46886321264523
176.4775279676292
176.4758069127159
176.50885443702563
176.52788134067967
176.5284376308934
176.52846743195522
176.5284702763197
176.52877964465813
176.52728835090164
176.52746228435814
176.52761878630963
176.54961606720113
176.5535698421243
176.55296054756928
176.55373921985253
176.55419689093424
176.554226160533
176.55299885238048
176.55622464282885
176.55632278227654
176.55822971341246
176.55824288931632
176.55834935492624
176.5590005457218
176.56495484036049
176.5674398258166
176.56800668816837
176.59955987468237
176.59947115385955
176.617053139922
176.61788169064084
176.6163725024153
176.6171378023204
176.61730275193366
176.61759770512083
176.61788169064084
176.61957507269318
176.63111711032715
176.631139750203
176.6312446080101
176.63139115440214
176.63109471135078
176.63174889646726
176.63182046073666
176.63182090746568
176.6327265091021
176.6327267647461
176.632727021245
176.6327949805835
176.63273393083034
176.63465094623538
176.63465353543228
176.63465397084707
176.6349509050697
176.63495049021014
176.643339669316
176.6428304456654
176.64980924131385
176.6498098042908
176.6612747231257
176.66127478736354
176.6613983823035
176.66146911642053
176.66157590118058
176.6615761111708
176.66180647324748
176.6618065344867
176.6619269999719
176.6619268656407
176.66222281924718
176.66335658778166
176.66354242344178
176.66354224519122
176.6640341378728
176.6649003318513
176.66493390042058
176.71084767820963
176.71084840337943
176.71106626220785
176.71183697288967
176.71203502373592
176.71247083651386
176.71249480369897
176.71281365174104
176.71402197655328
176.7140222283498
176.72535739158815
176.7268373856249
176.72677325654456
176.72753508859643
176.73858549198042
176.76870717476876
176.7797110348398
176.77979042069103
176.77979053904247
176.77978677792188
176.7803302324635
176.78074987960937
176.78077055689474
176.78127768529066
176.78402849539236
176.7838751258057
176.794867651144
176.79502905778116
176.79537011145013
176.79558370026785
176.7955934919567
176.7965718396519
176.79675223476508
176.79652103137647
176.7972114975447
176.8081576081354
176.8086133777854
176.80881634784413
176.8090212099472
176.80907642605226
176.8090763751757
176.80899846600516
176.80899626695543
176.80927571486757
176.8156090269703
176.81590554086813
176.8161380150401
176.81613819245965
176.81613800826477
176.8160741335248
176.81607426621477
176.84527679601513
176.84616775802175
176.84616592972242
176.84616703122242
176.8465300783351
176.84659773378104
176.89257378378483
176.90347769761348
176.90360641050682
176.90360645759284
176.90360163272481
176.90535051074227
176.93408770288062
176.93626932194297
176.93665775941258
176.93776979848417
176.96669874762063
176.96669515368075
176.9667901629412
176.9667897920845
176.9667910633425
176.9687136845906
176.96871358914967
176.9687136845906
176.96953442646304
176.9696087627744
176.96991366253746
176.96991162498026
176.9700141852883
176.9994666026912
177.00026106262203
177.00042986536278
177.00038804627928
177.0005995320836
177.00059895759972
177.00088467182053
177.0009126951234
177.00088467182053
177.00088365287502
177.00170033590507
177.00208393207635
177.00216702210457
177.00218910743854
177.00220678592243
177.00230017451116
177.00230083751197
177.00275441581613
177.002372678574
177.00238096811108
177.00399502004828
177.00399521571993
177.00388490951914
177.00549247237853
177.00549650306604
177.00608631842664
177.00732402612257
177.00743925193476
177.0074410297045
177.0083529173296
177.00867885787488
177.00818215377947
177.00835946823366
177.03704660362553
177.03781381838408
177.03781682482722
177.04863079928285
177.07719316864925
177.07753473747206
177.07867983757055
177.07872990429186
177.07918095148344
177.07964108488434
177.07976173637834
177.07938248004714
177.07915443160564
177.07908178780923
177.07924712495785
177.08034214522644
177.08052035487123
177.08044920408594
177.08133435119004
177.08207599368222
177.08207741523228
177.08231703165671
177.0823173906873
177.082486302676
177.0837325662057
177.0836565381186
177.0839431512996
177.08390158107164
177.08490880615028
177.08519176029537
177.08606260181327
177.13207786505075
177.13227890829256
177.13249475665884
177.1325243945655
177.1328197525898
177.1324522889053
177.13237606067767
177.13259918260735
177.1325997731331
177.14338873209275
177.14364740258074
177.14364761508963
177.1446816043562
177.14452130125596
177.14458048874442
177.144582179455
177.14463739509577
177.1446816043562
177.1447986195747
177.14479941548063
177.14505913501307
177.1504826456578
177.15052608193855
177.15051654548267
177.1504487208723
177.16548822106253
177.16552844896793
177.16554894115313
177.1656534857451
177.16582035555078
177.16586476722642
177.16586483419718
177.16593238430218
177.18096274791654
177.1809653542357
177.18173899184174
177.18174410533848
177.18186558686278
177.18186562583404
177.1827572937802
177.1827657877549
177.1828035267648
177.1828047981892
177.18329794299268
177.18330472595505
177.18331944990328
177.18406544893392
177.18411087926148
177.18423745562805
177.18430011667542
177.18434483553807
177.18523398320303
177.1852346950058
177.18534242856197
177.18499049327596
177.1849829197806
177.1849457657057
177.19280361094982
177.19297332204113
177.1930417752785
177.19313523598035
177.19402136120254
177.19426021978344
177.19426719903993
177.19436485607193
177.19435565429117
177.19435576883367
177.1943661914775
177.19436627165842
177.1997712897391
177.19981857673434
177.19982065639996
177.2002688006557
177.20028705811205
177.2003728402039
177.20138145735422
177.20131541523943
177.20669636937308
177.2068288209812
177.20684040524333
177.2069003486972
177.2068764940297
177.20687652558897
177.20781182764205
177.20781204895133
177.2080845501837
177.2084298909465
177.22246258361864
177.22248236040588
177.22248524559524
177.22322203462022
177.22322324980308
177.22341000499102
177.237636024205
177.2377048674505
177.237759607322
177.2377594354472
177.23785260476478
177.23788876091703
177.23788883708104
177.23788896577705
177.23788962141634
177.24325566977924
177.2434077337159
177.24340798424757
177.24340723881716
177.24337280727505
177.2433738405364
177.2434077337159
177.2434834099639
177.24347668553244
177.2439530740417
177.2439781134831
177.24410491822212
177.24410524304693
177.24410014835564
177.25558215800083
177.25570102182988
177.2557057722755
177.25576866301236
177.2557685770165
177.25596534637594
177.25596723292398
177.25596742506414
177.25633510293864
177.2564988037943
177.2564989358095
177.25649914601567
177.25918042739625
177.25918892548862
177.25919948350108
177.259199579237
177.25962758216315
177.25962991971127
177.25971353057503
177.25985337749225
177.2599741956012
177.2600879263434
177.26013187908708
177.2601681785095
177.26034484982029
177.2603451626939
177.26036787051768
177.2630455493345
177.26306363106633
177.26306368762135
177.26306369627952
177.26309987045298
177.27019749508955
177.2702047582296
177.27031188916015
177.27041193207185
177.270512094631
177.2705682297608
177.27058314686266
177.2706254362442
177.27079352304222
177.27083247455732
177.27080550637604
177.27080550685642
177.27113223979973
177.27119221980598
177.27119230176072
177.27120066921822
177.27121311957768
177.27164176585165
