with mode=1, handoff cost coefficient = 1.0
174.22586431126973
174.23918752063287
174.3312866094369
174.3627299121511
174.3934722012864
174.43449417538153
174.45376509027489
174.5106335376589
174.55330617825436
174.57159475826538
174.58393647262102
174.64354424772824
174.6519543249452
174.74442871056578
174.7800538000749
174.80319417164995
174.82684214492335
174.849707011595
174.88027088271042
174.88464014182742
174.9273338536605
174.93288010563606
174.9410604305833
174.95179141897177
174.98094430208846
175.03648551478244
175.05290068182282
175.11030696314273
175.12354756696655
175.20057160228322
175.24724486575877
175.27477552868316
175.32993342031145
175.35638491409833
175.3757224076627
175.3758273397582
175.41175444959205
175.44188757232885
175.45833565685655
175.49066551967178
175.49407071187466
175.51008385913673
175.57038530461307
175.57017240624583
175.57152110508804
175.61562669020955
175.6460274200818
175.65218726969462
175.718463349137
175.71963768401525
175.78165607111657
175.7868056711044
175.823735877338
175.8286844775934
175.86432576445696
175.86698248503865
175.89139034405562
175.93407976807882
175.936139436434
175.94664532018388
175.9575946780605
175.97165660618214
175.97166826660742
175.98366535917864
176.00403727045187
176.03259842108386
176.07206090307739
176.07340882681848
176.14316760444578
176.19318764601823
176.22403960145283
176.25115158713666
176.25019585386053
176.26769960784742
176.2699826352196
176.29619838143373
176.2991021755504
176.3031486136584
176.31297642857766
176.3448160524854
176.43415365254023
176.47415146278956
176.50481504349165
176.5520161832727
176.55201972268063
176.63875802376444
176.64755440114035
176.72258858803013
176.79862242414748
176.84798554615483
176.84980316181492
176.92149940616068
176.9410093591639
176.9969590018393
177.0253601752069
177.02308253006964
177.03561190609426
177.06292575908085
177.09176463059796
177.1664389969287
177.24244219966238
177.30172811049093
177.3106908678038
177.36629931584466
177.37694088463758
177.41398760177336
177.42603530062686
177.423612957231
177.42614710709492
177.4410069521903
177.44295918268654
177.46782910317543
177.50823253725284
177.51709072081658
177.51745320715145
177.57768702407074
177.640683637374
177.65171760033166
177.65205176042238
177.6576127298399
177.72098015204716
177.72106226657374
177.758906695826
177.772440004673
177.8024186598691
177.80300641618769
177.81553748510845
177.84423785605168
177.88684669603623
177.89638210814564
177.9023335304112
177.9044009349845
177.9322327591284
177.93079342887415
177.95567164005598
177.97760794762684
178.02373866509816
178.11202994229336
178.12486450025037
178.13307249010046
178.15161261105112
178.16251215093524
178.1621843202335
178.18788552323838
178.21147623033357
178.21018446747243
178.2120954591739
178.25567969265813
178.3167826143471
178.317307328469
178.31544849692034
178.32571801774284
178.3284358643295
178.32988212471759
178.36346102307823
178.39123080211283
178.40225505889347
178.43059373375283
178.45056266259735
178.45502356782208
178.4700965833868
178.54422986707831
178.56771646316992
178.56694812871316
178.56773524741752
178.5695806330993
178.61310767497272
178.61337852451067
178.6399759956756
178.6522748137668
178.6847915509704
178.74726024604325
178.77666609877585
178.7803837315436
178.79323130357824
178.80547001387455
178.8090066394645
178.86281746523645
178.89020211674307
178.88936450504852
178.89082728761062
178.8912988759933
178.8924269817625
178.9033810815466
178.9028710810313
178.9183246740148
178.96097423708906
178.96885248105409
178.97013832350413
179.05455815584824
179.07041667078852
179.08084801906708
179.10763968369534
179.1586135305176
179.15920875911064
179.16088741656827
179.16260436883417
179.16032642784353
179.2010012026261
179.20103962401492
179.21314705668868
179.21440714184573
179.2213346560431
179.26277529230077
179.2898882682135
179.28954140983876
179.3045288936973
179.33983731351216
179.3946282269349
179.39472397220123
179.39293273603744
179.39542827117543
179.39640799955924
179.4048716087475
179.44986274041986
179.45528900449165
179.52405017247966
179.5490806108978
179.5833959832036
179.5832149899993
179.5841950119953
179.58660052981313
179.60669913697583
179.6051524340404
179.63200642044967
179.69122757490572
179.72774182008052
179.72886385785438
179.76885387747336
179.7700371877898
179.81650011289838
179.85526025823876
179.8661588633083
179.91514781481206
179.93103562169586
179.9301931594201
179.94283352190598
179.9453091392346
179.94621765941832
179.94790196489234
179.97199282478817
179.97270195966865
180.05588113362552
180.07738319769095
180.07834222589238
180.10190457468858
180.1008847057643
180.1095519511838
180.16524395982145
180.16598462665027
180.17981064487628
180.19496794562798
180.20877027372558
180.27878743078497
180.3229590218098
180.32626559366383
180.3276917480778
180.32749501625972
180.32739753551098
180.32827386760465
180.37378152435926
180.38241054429494
180.38353071984295
180.3851195171906
180.42432881825306
180.43327182980497
180.44366587377527
180.4466243473985
180.52229117018453
180.52124585707085
180.5308649229239
180.54392299812156
180.57977638438499
180.58246747596246
180.60274460807753
180.60206701829017
180.60977801460302
180.6411987056467
180.66933271527517
180.7245132940319
180.75449514053548
180.76999363944134
180.80487504064223
180.81773706470614
180.8648849354201
180.897894834894
180.89514796854056
180.8935379450759
180.89494311730206
180.97193455398062
180.9755485852354
180.98284155559452
181.06599401636484
181.10528027515699
181.1044849852083
181.10109791898782
181.1317154039886
181.1442134184612
181.14289596490022
181.1506583735064
181.15352280230056
181.1751442742787
181.1750431307699
181.17512026622165
181.1761913176675
181.17605947097059
181.1744658482224
181.2328163567479
181.23261638988043
181.2566093419649
181.3186666963705
181.3309794555733
181.33425147336854
181.37695033244523
181.40540865098697
181.40660900713678
181.4074745774287
181.45170336706852
181.46723387026725
181.50736595650093
181.5053978155332
181.50647548499128
181.5103537059814
181.55365484039035
181.56397972102607
181.5766396497889
181.58683880386695
181.63089058489356
181.62975327403697
181.68719015540407
181.6905191756606
181.70522651069794
181.73819733895786
181.738008550911
181.74016302558155
181.787184722594
181.78793787347868
181.7859983076394
181.78603790063676
181.78475083897828
181.82983022300726
181.85807916242587
181.85902692695882
181.88653486108123
181.88568890040298
181.90968264140523
181.90941032648274
181.93330939107744
181.93118557098214
181.97462131592027
181.97376112005549
181.97245805971284
181.97115691267925
181.97133058995425
181.97462131592027
181.97485668352743
181.97437511921018
181.98395538623737
181.9840705712204
182.01327368110486
182.01999823133244
182.02054649631157
182.03117208930567
182.03920350879034
182.0768074489362
182.09868662645505
182.0991739421255
182.11514898447044
182.12804502916998
182.130013698817
182.13053058502226
182.1455959583531
182.1462988117947
182.14725887178568
182.14721822517717
182.16253737609736
182.1631536582986
182.17848034932263
182.17868777698155
182.1807053893375
182.18125974674123
182.18087667169377
182.18118372267872
182.1810142697404
182.19638012670433
182.2306682819173
182.23111661152967
182.23157109576053
182.23737099528856
182.24827403080607
182.24886191672996
182.24927650323244
182.25853433236136
182.2585571559965
182.25898068284263
182.26381589816432
182.26411395073487
182.27488293363643
182.27588561001295
182.2763570342364
182.28367292135616
182.32082437367117
182.33317701900546
182.33893623439957
182.35010331692573
182.35019244609262
182.35666466117993
182.3637830684966
182.3793885776769
182.379715235294
182.38422049000772
182.38399183931907
182.39068144017142
182.3970776695349
182.41259083114747
182.41992622010608
182.43871836788526
182.45459790522293
182.45519496918666
182.4605379333843
182.4606816854577
182.46145789348353
182.461757864836
182.46847282911614
182.47539648609313
182.4750679720166
182.498380667951
182.50305298314026
182.50278914316016
182.5081962150533
182.51358756155523
182.51972019201713
182.51972284510123
182.5197099001532
182.5191788032999
182.5371048955926
182.54589054524794
182.5462599492874
182.5465215874216
182.54731971028102
182.55341179620365
182.55404569633657
182.55439558542102
182.5607743403399
182.5661518105559
182.58821157387558
182.58866925224163
182.5889075788124
182.58947654913771
182.5900387165022
182.59048185001194
182.61038468204862
182.61476373757802
182.61986971275368
182.61991293590654
182.62619240968263
182.62710689188066
182.6316105741531
182.6310631388662
182.6374386009944
182.6430486050246
182.64322597811952
182.6563351240909
182.65605405996308
182.6561353126741
182.67094551055527
182.67089576455342
182.67681025936432
182.6827652032631
182.68348529879458
182.68456225622657
182.6842869774951
182.69746712450316
182.70869479682727
182.72285534036791
182.7232903806588
182.72318602051877
182.73818151403248
182.7813246604868
182.79885126962068
182.81465700445392
182.8363345366715
182.83668293912226
182.83627062535396
182.83583597981345
182.8361781734478
182.84860143317454
182.8573458773939
182.86777899208872
182.88226147345983
182.8822646802777
182.88280516790556
182.88905145105733
182.88918797263244
182.90056436192995
182.90040576762433
182.92050793611878
182.9302652681734
182.93997061142846
182.9402370801191
182.95485028403675
