with mode=3, handoff cost coefficient = 1.0
174.22586431126973
174.33633627810536
175.51622466567835
176.24655773030162
176.24654785512467
176.4870997996407
176.50631584811163
176.52025889268776
176.56368257110026
177.1783547034271
177.20486605070252
177.2204959092625
177.22037462003075
178.27286606318222
178.2848858773397
178.9019909959384
178.9583661844215
178.97671680997811
179.5319391925238
179.72667701617576
180.27961179193184
180.27911735762717
180.3678945355049
180.59779811942784
180.59766970835472
180.79892834252416
180.86845226340296
181.1753685297508
181.47215564324284
181.82419686257802
181.82345709664975
181.85166584918016
181.85743517274602
181.8575615752788
181.85759039330804
182.146157986684
182.15400104836863
182.14377937962496
182.14382952551426
182.14382952551426
182.14382952551426
182.14382952551426
182.1662141320208
182.16623967658933
182.16605787417166
182.16654462918393
182.16654462918393
182.16654462918393
182.1708686794829
182.1708686794829
182.1926615419567
182.1922962918973
182.19218124291592
182.39050945853873
182.4179086715663
182.42288743778266
182.68062843453708
182.64702928130217
182.66803290767024
182.66815656637544
182.6836735365356
182.6828698337335
182.69733466548084
182.69715701907913
182.69807643545136
182.71650661437454
182.90816117239393
182.90851157027421
182.9081699132485
182.90360998821
182.90360998821
182.90360998821
182.90360998821
182.90360998821
182.90360998821
182.90879658479494
182.90879658479494
182.90872290978044
182.90872290978044
182.90872290978044
182.90872290978044
182.90872290978044
182.90872290978044
182.90872290978044
182.9107521684242
182.9107521684242
182.910907140877
182.9109087895598
182.9109087895598
182.9109087895598
182.9109087895598
182.9109087895598
182.9109087895598
182.9109087895598
182.92325572875592
182.9231967535656
182.92289782352793
182.92780033498832
182.92780033498832
182.94967705004632
182.93794903442267
182.9381327968286
182.93815694938561
182.94151230782697
182.94151230782697
182.9417384488095
182.94178414546096
182.94178414546096
182.94178414546096
182.94178414546096
182.94178414546096
182.94178414546096
182.9483266083614
182.96392135301465
182.96602912293966
182.96618974475422
182.9663295761074
182.96755436363577
182.96755436363577
182.96755436363577
182.97058115574578
182.97074033628155
182.97061481895912
182.97054340845088
182.97054340845088
182.97054340845088
182.97054340845088
182.97054340845088
182.97322355523585
182.9731746062885
182.9735322695285
182.97351958680247
182.97351958680247
182.97351958680247
182.97351958680247
182.97351958680247
182.97351958680247
182.97351958680247
182.97351958680247
182.97351958680247
182.97351958680247
182.97351958680247
182.97351958680247
182.97351958680247
182.97351958680247
182.97351958680247
182.97351958680247
182.97351958680247
182.97351958680247
182.97351958680247
182.97351958680247
182.97351958680247
182.97351958680247
182.97351958680247
182.97351958680247
182.97351958680247
182.97351958680247
182.97351958680247
182.97351958680247
182.97351958680247
182.97351958680247
182.97351958680247
182.97351958680247
182.97351958680247
182.97351958680247
182.97351958680247
182.97626619399088
182.97625116802433
182.97625116802433
182.97619041631688
182.97619041631688
182.97619041631688
182.97619041631688
182.97619041631688
182.97619041631688
182.97619041631688
182.97619041631688
182.97619041631688
182.97619041631688
182.97619041631688
182.97619041631688
182.97619041631688
182.97619041631688
182.97619041631688
182.97619041631688
182.97619041631688
182.97619041631688
182.97619041631688
182.97619041631688
182.97619041631688
182.97619041631688
182.97619041631688
182.97619041631688
182.97619041631688
182.97619041631688
182.97619041631688
182.97619041631688
182.97619041631688
182.97619041631688
182.97619041631688
182.97619041631688
182.97619041631688
182.97619041631688
182.97619041631688
182.97619041631688
182.97619041631688
182.97619041631688
182.97619041631688
182.97619041631688
182.97619041631688
182.97619041631688
182.97619041631688
182.97619041631688
182.97619041631688
182.97619041631688
182.97619041631688
182.97619041631688
182.97619041631688
182.97619041631688
182.97619041631688
182.97619041631688
182.97619041631688
182.97619041631688
182.97619041631688
182.97619041631688
182.97619041631688
182.97619041631688
182.97619041631688
182.97619041631688
182.97619041631688
182.97619041631688
182.97619041631688
182.97619041631688
182.97619041631688
182.97619041631688
182.97619041631688
182.97619041631688
182.97619041631688
182.97619041631688
182.97619041631688
182.97619041631688
182.97619041631688
182.97619041631688
182.97619041631688
182.97619041631688
182.97619041631688
182.97619041631688
182.97619041631688
182.97619041631688
182.97619041631688
182.97619041631688
182.97619041631688
182.97619041631688
182.97619041631688
182.97619041631688
182.97619041631688
183.05720139991138
183.0573252044278
183.0565227591722
183.05650755236502
183.05650755236502
183.05650755236502
183.05650755236502
183.05650755236502
183.05650755236502
183.05650755236502
183.05650755236502
183.05650755236502
183.05650755236502
183.05650755236502
183.05650755236502
183.05650755236502
183.05650755236502
183.05650755236502
183.05650755236502
183.05650755236502
183.05650755236502
183.05650755236502
183.05650755236502
183.06126367667346
183.061225527328
183.06451838665419
183.06446284310942
183.06556664450468
183.06853822475168
183.0713550339489
183.07319291463847
183.07315321782698
183.07319202953374
183.07376270488288
183.07376270488288
183.07376270488288
183.07376270488288
183.07571999677813
183.17550500397434
183.17549828679262
183.1792287019587
183.17911336568739
183.1803827818861
183.18023910561885
183.18023910561885
183.18023910561885
183.18023910561885
183.18023910561885
183.18023910561885
183.18346426391864
183.18348015952566
183.18350495521577
183.18378985830492
183.18378985830492
183.18378985830492
183.18378985830492
183.18378985830492
183.18378985830492
183.25015955226883
183.25114448796268
183.25118647530644
183.25121436124482
183.25121436124482
183.25121436124482
183.25121436124482
183.25121436124482
183.25121436124482
183.25121436124482
183.25121436124482
183.25121436124482
183.25282396718706
183.25303911284357
183.25307830582733
183.25307879185755
183.25307879185755
183.25307879185755
183.25307879185755
183.25307879185755
183.25307879185755
183.25307879185755
183.25307879185755
183.25307879185755
183.25307879185755
183.25307879185755
183.25307879185755
183.25307879185755
183.25307879185755
183.25307879185755
183.25307879185755
183.25307879185755
183.25307879185755
183.25307879185755
183.25307879185755
183.25508896693663
183.2559255300421
183.25674593715704
183.25700644768315
183.25740439768205
183.25740439768205
183.25740439768205
183.25740439768205
183.25740439768205
183.25882498855188
183.258797446366
183.25993880080674
183.25995155949093
183.25995155949093
183.25995155949093
183.25995155949093
183.25995155949093
183.25995155949093
183.25995155949093
183.25995155949093
183.2620516599628
183.26301299091003
183.26290346399824
183.26301317817055
183.26301317817055
183.26301317817055
183.26301317817055
183.26301317817055
183.26301317817055
183.26301317817055
183.26301317817055
183.26301317817055
183.26301317817055
183.26301317817055
183.26301317817055
183.26301317817055
183.26301317817055
183.26301317817055
183.26301317817055
183.26301317817055
183.26301317817055
183.26301317817055
183.26301317817055
183.26301317817055
183.2639289076233
183.2658198532467
183.26586758138217
183.26585215021137
183.26658863468546
183.26658863468546
183.26658863468546
183.26658863468546
183.26658863468546
183.26658863468546
183.26658863468546
183.26658863468546
183.26658863468546
183.26658863468546
183.26658863468546
183.26658863468546
183.26658863468546
183.26658863468546
183.26658863468546
183.26658863468546
183.26658863468546
183.26658863468546
183.26658863468546
183.26658863468546
183.26658863468546
183.26658863468546
183.26658863468546
183.26658863468546
183.26658863468546
183.26658863468546
183.26658863468546
183.26658863468546
183.26658863468546
183.26658863468546
183.26658863468546
183.26658863468546
183.26658863468546
183.26658863468546
183.26658863468546
183.26658863468546
183.26658863468546
183.26658863468546
183.26658863468546
183.26658863468546
183.26658863468546
183.26658863468546
183.26658863468546
183.26658863468546
183.26658863468546
183.26658863468546
183.26658863468546
183.26658863468546
183.26658863468546
183.26658863468546
183.26658863468546
183.26658863468546
183.26658863468546
183.26658863468546
183.26658863468546
183.26658863468546
183.26658863468546
183.26658863468546
183.26658863468546
183.26658863468546
183.26658863468546
183.26658863468546
183.26658863468546
183.26658863468546
183.26658863468546
183.26658863468546
183.26658863468546
183.26658863468546
183.26658863468546
183.26658863468546
183.26658863468546
183.26658863468546
183.26658863468546
183.26658863468546
183.26658863468546
183.26658863468546
183.26658863468546
183.26658863468546
183.26658863468546
183.26658863468546
183.26658863468546
183.26658863468546
183.26658863468546
183.26658863468546
183.26658863468546
183.26658863468546
183.26658863468546
183.26658863468546
183.26658863468546
183.26658863468546
183.26658863468546
183.26658863468546
183.26658863468546
183.26658863468546
183.26658863468546
183.26658863468546
183.26658863468546
183.26658863468546
183.26658863468546
183.26658863468546
183.26658863468546
183.26658863468546
183.26658863468546
183.26658863468546
183.2658198532467
