with mode=1, handoff cost coefficient = 1.0
168.0155889081914
168.0352589832032
168.05266781454537
168.07227066138014
168.1213961809528
168.15864485893317
168.1690784848793
168.23433008060755
168.27110482340237
168.29816943407664
168.32439045351737
168.3345986314767
168.3397691897506
168.3759114025016
168.38656013476418
168.39046656538463
168.4122934927164
168.50680463428378
168.52035395650995
168.53900106950826
168.58403385403636
168.64675124451676
168.7047932511354
168.7328532752159
168.75459940304543
168.8075416115501
168.81812099368295
168.83040585066462
168.84997554770666
168.86699358453885
168.96970950015478
169.03015369885688
169.03238566542865
169.05439270829018
169.05685467919403
169.07026320402127
169.07660416821156
169.0781861202936
169.12131600649613
169.12199484043975
169.19605515578886
169.22004314902776
169.25388961595672
169.3616239935709
169.36444184405272
169.3768869662056
169.42254145716885
169.4372388364058
169.45238157330056
169.45796281635495
169.4687244416083
169.50758390809057
169.51815868343112
169.5724855039143
169.5722518547513
169.5941472378084
169.60214037853802
169.6077602235429
169.65013625301023
169.66468792370247
169.7132977555473
169.71911340140312
169.72179561010296
169.7306932624224
169.74388598340994
169.74741960245888
169.78590369595273
169.7916984698598
169.80476385329325
169.82094434721307
169.82399689758626
169.82831673693298
169.83338739815952
169.8446344895114
169.8464104474503
169.85798004727693
169.8560035774074
169.9035521556007
169.95154027755726
169.95160770873957
169.9576722749645
169.97570756581652
170.02975612007594
170.0641380801585
170.08707291900134
170.08789573621536
170.1174192193291
170.1326864160561
170.23532478042273
170.28188410484233
170.29465992954457
170.30696007321004
170.33595236286743
170.38686419953598
170.3892004367014
170.40861640347123
170.4183167600202
170.43923680221843
170.51708759632047
170.5307622195863
170.54423120169312
170.54695058586987
170.6024430837797
170.60881800131844
170.60772794973252
170.6508675018439
170.65967283527837
170.67194886530717
170.67653350943692
170.68120018691477
170.68077364714964
170.68198766470272
170.72278919532428
170.72861202571008
170.72777192144252
170.73268363767374
170.78189040072593
170.7800758874224
170.7979454603705
170.93954747107898
170.94798729004773
170.94753207905393
171.028792988316
171.0696168159986
171.11297909375165
171.14300145049737
171.19476404917728
171.1959846727304
171.21141589793433
171.21868022351464
171.22474099044996
171.23538760061382
171.24458160183713
171.2500220346793
171.254718488199
171.29578734304215
171.29703678743985
171.34893592271703
171.35431468066045
171.42444659831006
171.42856732717186
171.44044492766764
171.49115107188857
171.5711597107964
171.6005518925882
171.6479291375719
171.65861172454532
171.65613640000578
171.6589995875373
171.70699257452287
171.71558478594957
171.71687559140014
171.72687242016892
171.77995128352546
171.83632952250068
171.8841276804447
171.88552072325732
171.96351802742797
172.0362440192379
172.089633134261
172.09059160979768
172.130849034704
172.14958693193628
172.15993653404405
172.22364341753996
172.23502173286784
172.2586016365043
172.2569012848323
172.3073102726378
172.3127175164775
172.39282498152
172.40070310547028
172.44812851675164
172.44926436540212
172.44914652826378
172.4473317598383
172.45131337563902
172.49842218109214
172.54783216190378
172.57371653445605
172.63341898875422
172.63661627956967
172.63689239489548
172.65704048844563
172.72830353508076
172.77787369462726
172.79899871416816
172.90792152259397
172.90892641862328
172.90691229128234
172.94725484199006
172.94727068182988
172.94730670970642
173.00771947039163
173.08717387871246
173.0841322955269
173.0950473545241
173.18946271228228
173.19865212023507
173.20133482432033
173.19969077443068
173.20350272771856
173.2476593131089
173.2923995378551
173.29423129324903
173.36898457242486
173.36967621626897
173.39193868976653
173.43128431448307
173.43320654316068
173.44471732345878
173.4495247071765
173.45231644800015
173.4630578511569
173.52215973921213
173.5370331201638
173.57588347044054
173.57580650075778
173.58420572018224
173.5825073715191
173.58383879318455
173.58362157049947
173.58404181527493
173.59166378504955
173.58838814425707
173.60126925792832
173.60329790425737
173.65610237981335
173.65379553708527
173.70077518441587
173.69936700746644
173.698087346573
173.7440888579936
173.7413472628824
173.77188756671978
173.78322589998817
173.82396245167274
173.83717851462708
173.86144104357507
173.85824866617838
173.8644680429717
173.8662122858071
173.91953478179474
173.91916861330355
173.9184835605423
173.96761740430853
173.96850914774475
173.99202946766158
174.0358527533709
174.08993387906594
174.10303606775403
174.10501201979199
174.17551386348651
174.21383068549994
174.21625983591832
174.22936413987608
174.26938472112764
174.28726242370345
174.3001912595847
174.30109027324144
174.3108537029234
174.31334884930448
174.36439542179573
174.41026592068195
174.4423442913819
174.44434030317694
174.44222285454046
174.44334573800103
174.48846195895663
174.48759574799865
174.55055910744642
174.56185400802605
174.56141013233406
174.6118967396723
174.7030464109423
174.70280281386846
174.74190867624668
174.74265236757208
174.75382442863702
174.75459672850982
174.78103150434805
174.77866336178943
174.77705144774808
174.7898737659678
174.7896800535579
174.82764679047972
174.86632026267478
174.87170478660576
174.87143610963747
174.96968352225238
174.96772479750652
174.98190513171755
175.07535524976694
175.08691228721216
175.08871424033072
175.0990513744216
175.1438640032988
175.15238517974961
175.15548465884228
175.19951001253673
175.20563890610333
175.21762739871005
175.28827502251633
175.3291343583279
175.33323509719273
175.3478929066443
175.35810037133055
175.35823640562424
175.35942119952074
175.39594883490346
175.3960213430718
175.46674077835797
175.46438518841603
175.46503617951774
175.50706070648846
175.50985300257142
175.50896817711882
175.5095294763135
175.5099164223626
175.5575931472288
175.58542649671514
175.58571832128868
175.62050078583158
175.62761178768937
175.65114329604603
175.66298372830596
175.6665675722956
175.66592796128995
175.6776253866525
175.69270752388707
175.6980206519817
175.69609292709458
175.69155802773778
175.70132922724937
175.71212724150718
175.75075512109868
175.79610156970318
175.7962121595592
175.7988050424411
175.80550246390635
175.80523776977606
175.83244728408044
175.8334677762532
175.83370843391324
175.83294199846378
175.8417967048722
175.8427378653534
175.87799133414458
175.87958556756118
175.88769636462075
175.96470593515892
175.96440212408035
175.96589060803424
175.96752167670317
175.9888087195577
175.98853942629017
175.9886787541481
175.98846438210245
175.9891962674759
176.01395339888018
176.02157190146215
176.08504860268692
176.09260912948804
176.10006955662624
176.10845751936736
176.107605062853
176.10591670453522
176.11061756156926
176.10992006321806
176.15051668999382
176.1492631406919
176.16171575226642
176.16248753103622
176.16036852292268
176.18229639256393
176.18648861510056
176.19499551073724
176.25207120281428
176.26063260437874
176.25744219716267
176.26855919608823
176.26837693794758
176.26569381123306
176.26897366938383
176.2947136577004
176.2987676560375
176.29966707433147
176.3238339612421
176.37511511572043
176.37718708162896
176.37841383352477
176.42584822095097
176.44202069838866
176.46448528205187
176.46090557814688
176.4705491282798
176.47077990646562
176.46991975849969
176.47249919097314
176.47385207335026
176.49911600216248
176.53618918632247
176.58935278612117
176.58931138827722
176.60246290032262
176.6044615271685
176.61293176399178
176.6353173466279
176.65777618909993
176.66763481839897
176.69118432197916
176.6904083761244
176.73747015538987
176.74598650514739
176.74448129278085
176.7444073882033
176.7419473850275
176.7432083394964
176.74598650514739
176.74701473485993
176.77322280017023
176.7879968152087
176.78878255322945
176.79600245114577
176.81081069192348
176.83688760286947
176.83749939226158
176.8491993824096
176.8788797482869
176.87909497171717
176.90470855498825
176.9052608579307
176.9065161184902
176.90592561153196
176.90576717770253
176.93654471964868
176.93708575583463
176.93691364993754
176.9375788708821
176.93952671081644
176.96081577739204
176.96110696049325
176.9653550658029
176.9912357644734
176.991979657374
176.9920882359726
176.99359799625518
177.00362959774364
177.00412139801688
177.004696839864
177.0047086307808
177.00550288604765
177.01602360528736
177.01604332944527
177.0156423861907
177.03724258292362
177.06254165377422
177.06261664226508
177.06272269377078
177.06359729262584
177.0707734450794
177.0882461344839
177.08855839979068
177.08884436399634
177.0889686153251
177.09319467788933
177.0936381188377
177.09424112617953
177.0981195001762
177.09859224189503
177.12766242658583
177.12875791611725
177.13313273742023
177.1336806691617
177.15077184488365
177.1627234941801
177.1633248775293
177.1777375461767
177.17746074674466
177.1919094614228
177.19235395365908
177.19268911563307
177.2181486967171
177.2183937643429
177.22297009194648
177.2232480272488
177.2238395199609
177.22390116173418
177.24626854961576
177.24646362632362
177.25030286144073
177.26015260809893
177.26399751417617
177.27027624889533
177.27004365726697
177.27311470817097
177.27333634025433
177.28109201781638
177.28195000073305
177.28165080276318
177.28195000073305
