with mode=0, handoff cost coefficient = 1.0
168.0155889081914
168.01558865364393
168.01558369039893
167.99422351819385
168.00158361204387
168.0155889081914
168.02157196734933
168.02537189679646
168.0288369243768
168.02904678159956
168.05531961485127
168.05871396045336
168.05871263212651
168.07418256683144
168.07981215025237
168.24625045931106
168.2458915186778
168.25849962055628
168.2843866642719
168.3321232687532
168.33708020924755
168.33707310572092
168.39001312426618
168.42552030494187
168.42608427487448
168.4403080919675
168.47346208780792
168.47749705385823
168.47520009488275
168.4781628040717
168.4830778853941
168.48307744111736
168.50404659126986
168.50411816614692
168.50754555540863
168.5080496140057
168.53370424889775
168.53480134933235
168.54237609174015
168.5463166684712
168.54992372751778
168.7164900408409
168.74127997520262
168.74329448738084
168.7456348269986
168.74694186082246
168.7496921416574
168.75791030395368
168.76189619088814
168.7694540418082
168.8965762092718
168.9009581331321
168.90519169418042
168.91545299763288
168.9151151118732
168.91556871796215
168.96244264303658
168.96244293223864
168.96398598106703
168.96398630018354
168.96398960375848
168.99195283873195
168.99845198768355
168.9985594474388
169.01288271977575
169.0111022352479
169.00677103465515
169.00576911849197
169.00491351004075
169.01288271977575
169.013075920399
169.01305379321434
169.014261237475
169.01419774642966
169.01411512632444
169.01523538281182
169.01595443311643
169.01597618976828
169.01597621959436
169.0165671207446
169.01680215595962
169.01429201694813
169.0142884797118
169.01452832398797
169.02429698567164
169.08540992888874
169.0854100488761
169.08540992888874
169.08490346153545
169.08535437667678
169.08540992888874
169.09195988769036
169.09196028629916
169.09282749273606
169.10419116600582
169.1114741478695
169.16135593062864
169.16193623049207
169.16201030284543
169.21086967206043
169.21115572055123
169.21125888604183
169.21131212497647
169.21119575776396
169.21125717707534
169.2117555052446
169.21183425979345
169.21185374495954
169.26158702122135
169.26178112191369
169.3036859461893
169.30369639030025
169.3084944898297
169.30849449819462
169.3084945028848
169.30849642762027
169.30904022797796
169.30913097386926
169.30913862992145
169.30914930248278
169.30935870138697
169.3093738045926
169.31733498490428
169.3178365112073
169.32500394105796
169.32514094135848
169.3258768555034
169.32589758304363
169.32598362730556
169.3259867701568
169.3292725361048
169.3297343594121
169.32975319861043
169.32975322948067
169.32979254012182
169.33046883435097
169.33058735351216
169.33057562612453
169.33060663372368
169.3371992859263
169.33732896162954
169.33737290090198
169.34874372557033
169.34873760813048
169.34872918651067
169.34939885000279
169.35151602515256
169.35162923764534
169.35543295333596
169.36199646273252
169.36200821710827
169.36196792659106
169.36405601681005
169.36402144595965
169.3637871274488
169.36766494355052
169.36767630158474
169.3676780093752
169.40938196969117
169.4140325413299
169.4151868717862
169.4151869419037
169.41530399495923
169.41530401436412
169.4644162232291
169.466007753872
169.46593180046577
169.46616468423247
169.46627638695992
169.46949686770532
169.46956518145535
169.46964512772803
169.50025042157662
169.50016443976332
169.50270451991
169.50926352152814
169.50936597051768
169.5401596040471
169.55215457305863
169.5586727210851
169.55843795426938
169.55914161540215
169.55915243777548
169.5589227796853
169.56034595514183
169.55975431702223
169.608336014617
169.6098924446676
169.6105775698623
169.61073235516062
169.62209642028952
169.6222891976639
169.62209140173113
169.67135920967388
169.67226182704957
169.67381589209754
169.6738164182307
169.67381644625638
169.67377681223977
169.67382752891828
169.68050237720965
169.6804929992568
169.6804927202144
169.6808797303381
169.6844192507478
169.6840610643527
169.68472134982747
169.69130343874065
169.69130900835972
169.69130909419556
169.691310092561
169.69131108024666
169.6914182497073
169.69200806167797
169.69203317517105
169.6954509204627
169.69609204389
169.69609687815742
169.69601820871455
169.69600638222866
169.69665656165105
169.70792402192774
169.73813639761207
169.73814735708783
169.78746218929706
169.7874574692755
169.7874622050509
169.78730528513236
169.78793848401162
169.7999206951164
169.79993168751423
169.80634512243415
169.806370106048
169.80629624793914
169.8066758965076
169.8068598318281
169.80700287399293
169.8070039934348
169.8070400414814
169.80689674330162
169.80799848496588
169.8080354620906
169.80827773561683
169.80855266495223
169.81983238964904
169.81991053755195
169.8199105431941
169.831101664169
169.83072816030293
169.83072815687143
169.83373623524164
169.83373660714636
169.83394374582628
169.83408139339127
169.8344734633389
169.83447346394857
169.84063084831274
169.84334507118172
169.84358239344445
169.84358643102732
169.8435864318712
169.84537801920376
169.8465439178203
169.84749515625208
169.84922528481056
169.84938458899134
169.84978075683136
169.8515308048092
169.85164456621152
169.85171920101143
169.85708269080425
169.85664224164532
169.8594749734276
169.85949069604828
169.86530535464738
169.86530536441148
169.8653332912834
169.91349873244408
169.91390077040782
169.9144622215213
169.91443429464937
169.9144739136673
169.92558534459698
169.93663817499208
169.93664036023242
169.93663598479773
169.93687535290852
169.9373803308991
169.9380895500634
169.9438068922654
169.9446309250548
169.94475007146139
169.94477919718798
169.94477920724273
169.9449119923164
169.94781956789626
169.9479832730006
169.97744828276666
169.97719819456785
169.97747735984643
169.97771546544453
170.00726303610134
170.00738127022368
170.00737678270025
170.00719792919347
170.00717040030074
170.0070854508791
170.00738127022368
170.0073840555395
170.0086731092548
170.0086700347195
170.0090137050949
170.00904343118088
170.00905145209336
170.0103465950597
170.01051814167343
170.01059637613363
170.01059359081782
170.0106348602973
170.01074702019795
170.0106784614197
170.01067846090288
170.01066981440945
170.0119850180176
170.011989804562
170.01201949315043
170.01205822175507
170.03300053039953
170.0331337332573
170.033136532266
170.0331554815464
170.0336703102127
170.03372840192986
170.05466849844285
170.05514370704265
170.05513982043428
170.05520640448933
170.05523180316803
170.05541069627924
170.05533140235318
170.0553307485028
170.05533433237008
170.0554177566209
170.05541069627924
170.05547665013592
170.05547701711524
170.05557720392903
170.05570431580958
170.0557091340691
170.0558355285243
170.06310261013166
170.06319827992309
170.06595865075698
170.06608359524617
170.06614698624745
170.06618289801474
170.06618290382428
170.0661933017407
170.06619418501202
170.0663167264431
170.06644523849934
170.06810662701844
170.08055513588837
170.08056799101345
170.09300472251007
170.0931229985033
170.09315436318414
170.09591098637685
170.09590829475604
170.09594434960263
170.09606475489545
170.10652329071584
170.10652329121606
170.10654569827815
170.10664805706583
170.10664908840457
170.10665691558694
170.10665946450456
170.10665627960648
170.10691578521022
170.10691848431438
170.10692918478088
170.10692967311826
170.10993690404368
170.1099468156031
170.10995644489498
170.10998885489735
170.10999007149778
170.10999337679536
170.10999340823764
170.11003567688658
170.11003648748138
170.11006760386965
170.1100992730501
170.1100992830922
170.11010710556428
170.11009842340127
170.11013240496482
170.11013565735158
170.11021736880298
170.11021133124095
170.12066625258274
170.12367175864335
170.1236996621194
170.12372670662623
170.12372762385178
170.12373350304708
170.12396958062052
170.12672564427658
170.12810851794057
170.12941354893812
170.12941542642955
170.1367052019126
170.13676344619932
170.13676370230192
170.1367715480524
170.13677150783644
170.13677231649132
170.13677614519753
170.13677614703636
170.13679962947074
170.13679986878822
170.13681763207762
170.1384779712617
170.1384836550998
170.13871168925596
170.1393956649823
170.13939568162402
170.13941905025357
170.1394132910085
170.13941760504218
170.13941316167123
170.1394142478821
170.1498731933069
170.14993109119445
170.14994969221013
170.1499972610968
170.15723642628623
170.1644988167101
170.1645283202498
170.1645590855023
170.16457389851783
170.17701673289767
170.1770302795176
170.18748626303886
170.18753266594445
170.18882979642075
170.18882993241147
170.188830924199
170.19183519932125
170.1918435025913
170.19184711948634
170.19184732545568
170.1990675731362
170.20041995520603
170.20041217953826
170.2016738333536
170.2017905442921
170.20179155751316
170.20178562734532
170.20242316245557
170.2024446048424
170.20244345259243
170.20244345269208
170.20244730455428
170.20244810551807
170.20545099677832
170.20545181882756
170.2054547106673
170.21591110870176
170.215911109409
170.21592241519872
170.2159232820552
170.21593039115058
170.2165678917715
170.2165840618407
170.2172694520865
170.21727116000773
170.2185393203642
170.21854554076486
170.21855684046488
170.21857721316388
170.2186263591304
170.21926142015687
170.21927433693142
170.21950586896762
170.21953734132674
170.21955985113937
170.2195461776035
170.21954674423893
170.23000166133454
170.24243357774247
170.24243358808002
170.2425464648012
170.24259859107008
170.24260838574227
170.24260850863942
170.24260851292158
170.2438925170402
170.2445592136496
170.245909078199
