with mode=3, handoff cost coefficient = 1.0
185.61847426157178
185.63705368245448
186.33219867576526
186.70737755157992
186.89592878309205
186.94922484542866
187.00042644053073
187.2543831875317
187.27225795101776
187.98191992316313
188.6211770800529
188.63441297387124
189.60266817726654
189.6263674151943
189.64632066779268
189.6489005077975
189.6488710069024
189.66374710056945
189.97612071740477
189.98415357840233
190.3554072723851
190.36740275020827
190.53125944898056
190.53063163199715
191.44526659542473
192.54274661868675
192.55191564521527
192.55213869937475
193.56371219553307
193.5782074029074
193.57680859737488
193.57687181839475
193.57687181839475
193.57687181839475
193.57687181839475
193.5817576094585
194.21129322788244
194.21768153954653
194.2113414227714
194.21767134459594
194.21781893390016
194.21781893390016
194.21646207160913
194.21646207160913
194.21646207160913
194.21646207160913
194.21646207160913
194.21646207160913
194.21646207160913
194.21646207160913
194.4629124673457
194.46295682126072
194.46203172639008
194.4650456956668
194.48871302429743
194.48882691439823
194.49824991145545
194.50091739038658
194.5025130164594
194.5009464545872
194.50089780006041
194.50089780006041
194.5507601648336
194.58110545539466
194.58116792698382
194.57696177882963
194.59129248032775
194.62445076234883
194.62436276492411
194.6231032329761
194.62868152109593
194.63133744352047
194.6326405028999
194.62649501501755
194.8208441241889
194.78940349887966
194.78957779401196
194.78715931211116
194.78715931211116
194.81929156730143
194.82694406449087
194.83733825090547
194.83852743009277
195.1823762005505
195.1801659980893
195.21081579415977
195.20748673389153
195.208358817102
195.20953584313185
195.49193055048795
195.58189586670557
195.57934032634859
195.5938782383346
195.5951342919252
195.59770051415708
195.59693366761562
195.60529520413075
195.60521023923894
195.6174382485884
195.6191867876876
195.62441124408062
195.62724825417055
195.62576892824657
195.62411408218716
195.62411408218716
195.62411408218716
195.62411408218716
195.7964453996702
195.79686038326957
195.80202046273666
195.80175461762153
195.8040774917181
195.80226801098064
195.80226801098064
195.80226801098064
195.80226801098064
195.80226801098064
195.80226801098064
195.8038825617916
195.8038825617916
195.8038825617916
195.8047950986576
195.8047950986576
195.8047950986576
195.8047950986576
195.8047950986576
195.8075494774881
195.80760636675066
195.8076462217741
195.81144337439025
195.81140387760195
195.81216252448132
195.81285336372417
195.81532377802608
195.81530068650693
195.84033736344276
195.83942264480567
195.84311582675815
195.8435442905917
195.84347040907159
195.84347040907159
195.84347040907159
195.84347040907159
195.84885250404926
195.8480894467723
195.8488520059086
195.84786359451357
195.84786359451357
195.84786359451357
195.84786359451357
195.84786359451357
195.84786359451357
195.84786359451357
195.84786359451357
195.84786359451357
195.84786359451357
195.84786359451357
195.84786359451357
195.84786359451357
195.84786359451357
195.84786359451357
195.84786359451357
195.84786359451357
195.84786359451357
195.84786359451357
195.84786359451357
195.84786359451357
195.84786359451357
195.84786359451357
195.84786359451357
195.84786359451357
195.84786359451357
195.84786359451357
195.84786359451357
195.84786359451357
195.84786359451357
195.84786359451357
195.84786359451357
195.84786359451357
195.84786359451357
195.95313644969445
195.95361357370018
195.95548326584992
195.95574068231065
195.95576133828592
195.95576133828592
195.95576133828592
195.96213545989656
195.9623076881956
195.96169233298014
195.96171190646294
195.96171190646294
195.96171190646294
195.96171190646294
195.96171190646294
195.96171190646294
195.96171190646294
195.96171190646294
195.96171190646294
196.13543354907284
196.1356864672054
196.13513915362506
196.13487355184785
196.13487355184785
196.13487355184785
196.14466764583955
196.1441364865703
196.14742249213754
196.1533843689845
196.25198735697103
196.2541140671918
196.27542219309885
196.27517782140714
196.27478295764806
196.27495395663829
196.27495395663829
196.2803629215156
196.28009369803434
196.28009219159307
196.27937553070282
196.27937553070282
196.27937553070282
196.27937553070282
196.27937553070282
196.27937553070282
196.27937553070282
196.27937553070282
196.27937553070282
196.27937553070282
196.27937553070282
196.27937553070282
196.27937553070282
196.27937553070282
196.27937553070282
196.27937553070282
196.28303187688667
196.28303187688667
196.28354201263062
196.28357303279543
196.28357303279543
196.28357303279543
196.28357303279543
196.28357303279543
196.28710364922142
196.28738879235453
196.29430234605434
196.29632459534378
196.2963996188472
196.29742977154285
196.2974465214565
196.2974465214565
196.29900196459226
196.29900196459226
196.29900196459226
196.29844705480951
196.29844705480951
196.29844705480951
196.29844705480951
196.29844705480951
196.29844705480951
196.30134324568988
196.30135446852486
196.30158187107673
196.3017765318678
196.3017765318678
196.3017765318678
196.3017765318678
196.3017765318678
196.3017765318678
196.3017765318678
196.3017765318678
196.3017765318678
196.3017765318678
196.3017765318678
196.3017765318678
196.3017765318678
196.3017765318678
196.3017765318678
196.3017765318678
196.3017765318678
196.3037172676274
196.3039798048267
196.30396452962864
196.3038961368686
196.3038961368686
196.3038961368686
196.3038961368686
196.3038961368686
196.3038961368686
196.3038961368686
196.3038961368686
196.3038961368686
196.3038961368686
196.3038961368686
196.3038961368686
196.3038961368686
196.3038961368686
196.3038961368686
196.3038961368686
196.3038961368686
196.3038961368686
196.3038961368686
196.3038961368686
196.3038961368686
196.3038961368686
196.42908084902854
196.42917393729306
196.4315590041354
196.43219995609653
196.43388212166147
196.44236190999985
196.44268602406058
196.4426763680449
196.44290440878112
196.44290440878112
196.44290440878112
196.44290440878112
196.44290440878112
196.44290440878112
196.44290440878112
196.44290440878112
196.44290440878112
196.44290440878112
196.44290440878112
196.44290440878112
196.44290440878112
196.44290440878112
196.44290440878112
196.44290440878112
196.44290440878112
196.44290440878112
196.44290440878112
196.44290440878112
196.44290440878112
196.44290440878112
196.44290440878112
196.44290440878112
196.44290440878112
196.44290440878112
196.44290440878112
196.44290440878112
196.44290440878112
196.44290440878112
196.44290440878112
196.44290440878112
196.44290440878112
196.44290440878112
196.44290440878112
196.44290440878112
196.44290440878112
196.44290440878112
196.44290440878112
196.44290440878112
196.44290440878112
196.44290440878112
196.44290440878112
196.44290440878112
196.44290440878112
196.44290440878112
196.44290440878112
196.44290440878112
196.44290440878112
196.44290440878112
196.44290440878112
196.44290440878112
196.44290440878112
196.44290440878112
196.44290440878112
196.44290440878112
196.44290440878112
196.44290440878112
196.44290440878112
196.44290440878112
196.44290440878112
196.44290440878112
196.44290440878112
196.44290440878112
196.44290440878112
196.44290440878112
196.44290440878112
196.44290440878112
196.44290440878112
196.44290440878112
196.44290440878112
196.44290440878112
196.44290440878112
196.44290440878112
196.44290440878112
196.44290440878112
196.44290440878112
196.44290440878112
196.44290440878112
196.44290440878112
196.44290440878112
196.44290440878112
196.44290440878112
196.44290440878112
196.44290440878112
196.44290440878112
196.44290440878112
196.44290440878112
196.44290440878112
196.44290440878112
196.44290440878112
196.44290440878112
196.44290440878112
196.44290440878112
196.44290440878112
196.44290440878112
196.44290440878112
196.44290440878112
196.44290440878112
196.44290440878112
196.44290440878112
196.44290440878112
196.44290440878112
196.44290440878112
196.44290440878112
196.44290440878112
196.44290440878112
196.44290440878112
196.44290440878112
196.44290440878112
196.44290440878112
196.44290440878112
196.44290440878112
196.44290440878112
196.44290440878112
196.44290440878112
196.44290440878112
196.44290440878112
196.44290440878112
196.44290440878112
196.44290440878112
196.44290440878112
196.44290440878112
196.44290440878112
196.44290440878112
196.44290440878112
196.44290440878112
196.44290440878112
196.44290440878112
196.44290440878112
196.44290440878112
196.44290440878112
196.44290440878112
196.44290440878112
196.44290440878112
196.44290440878112
196.44290440878112
196.44290440878112
196.44290440878112
196.44290440878112
196.44290440878112
196.44290440878112
196.44290440878112
196.44290440878112
196.44290440878112
196.44290440878112
196.44290440878112
196.44290440878112
196.44290440878112
196.44290440878112
196.44290440878112
196.44290440878112
196.44290440878112
196.44290440878112
196.44290440878112
196.44290440878112
196.44290440878112
196.44290440878112
196.44290440878112
196.44290440878112
196.44290440878112
196.44290440878112
196.44290440878112
196.44290440878112
196.44290440878112
196.44290440878112
196.44290440878112
196.44290440878112
196.44290440878112
196.44290440878112
196.44290440878112
196.44290440878112
196.44290440878112
196.44290440878112
196.44290440878112
196.44290440878112
196.44290440878112
196.44290440878112
196.44290440878112
196.44290440878112
196.44290440878112
196.44290440878112
196.44290440878112
196.44290440878112
196.44290440878112
196.44290440878112
196.44290440878112
196.44290440878112
196.44236190999985
