with mode=0, handoff cost coefficient = 1.0
185.61847426157178
185.60301885147797
185.67693262263793
185.7557871519544
185.75566851687637
185.80489851890704
185.81974897426292
185.8304480815335
185.8430356566069
185.90408698273944
186.11480337695218
186.12057194645445
186.11976051124208
186.12331000819813
186.12335328700772
186.11694044973973
186.11439595065895
186.31544444625277
186.3164860632289
186.36401670679115
186.3654243381884
186.3998701561975
186.3998733256717
186.41007751113978
186.4596012868754
186.47675427759523
186.48016943071968
186.8721480690959
186.997443216534
187.0138655059623
187.0136121602208
187.24503701643076
187.22777839573337
187.22779554447132
187.22939499138346
187.22179429684385
187.24503701643076
187.2498784318024
187.25006770820906
187.26787294763528
187.26930382838123
187.26939511088284
187.26977835895798
187.26980553086878
187.27011010828616
187.30576873199374
187.30573796948306
187.30587736629872
187.31818018023483
187.32231071207258
187.3223059337721
187.3223454144594
187.32234200635077
187.3223169738974
187.32280891371576
187.3314485098606
187.48456296655777
187.48459691185255
187.49483503831678
187.49483559917846
187.4905207751454
187.49049505899933
187.49436878204398
187.49483503831678
187.4951121745875
187.4978246832993
187.49874570906792
187.50040117115788
187.50056924508283
187.4994738867531
187.50020919351482
187.50194279371607
187.5596334806192
187.56060733036605
187.56068374562187
187.5611644426162
187.56155029559352
187.56161510762956
187.5676007390707
187.56781973235675
187.57219651305076
187.57834343582428
187.57970414559645
187.57868640180064
187.57869657854548
187.57803716061045
187.57802698386564
187.57970414559645
187.60507286412
187.6109405473387
187.61097892244578
187.61607691550878
187.61608721408726
187.63163253399102
187.6343949576428
187.6351569876823
187.63530538407838
187.63748535306468
187.63759420898631
187.68632814495848
187.6863283426981
187.6867437751042
187.68692602833585
187.68707541337085
187.6871027985976
187.68711426917474
187.69073896496735
187.6910597811082
187.69106772650687
187.69108981730662
187.7296263297893
187.73028423974654
187.73043428796979
187.73198445410495
187.7319888968343
187.73240563258247
187.7324538162997
187.75034535730236
187.75532605287032
187.75557525907263
187.75569021808056
187.75568727413113
187.75563668392425
187.7553147049829
187.7553440911878
187.75569021808056
187.75569685581974
187.75654235033812
187.7565986413952
187.75662690476477
187.75662799698583
187.75731158567743
187.75764898435537
187.76963210629918
187.77031594609122
187.77046309186284
187.7705657572945
187.78988442381285
187.7898533865186
187.78985700619194
187.78985536003734
187.78988014756737
187.79157485234197
187.79158662046746
187.79158314444754
187.79257848377765
187.79271294013512
187.79271227500757
187.7930408061611
187.7930415712298
187.7930375373647
187.80183964079774
187.80183979553667
187.8021584835179
187.80278885490125
187.80436196347824
187.80437455210182
187.8044100736336
187.80578235264136
187.8060177707834
187.8062717103088
187.80627647707541
187.8062894883447
187.8063027915766
187.8065321902257
187.80668519205668
187.80680688036549
187.80711477686452
187.80711019142947
187.80721219788387
187.8079065464371
187.80790710293067
187.81678199624054
187.8167850100178
187.81747540971446
187.81754571203754
187.81757773929854
187.8176008303757
187.8176861357886
187.81768995359337
187.81769818773705
187.81799639619933
187.81799775524703
187.81806629363456
187.81806683252285
187.81815336058304
187.83257360972436
187.84453182402507
187.85892856219346
187.85892905976306
187.8589962495841
187.85901047528802
187.85920656771083
187.8592217076287
187.85926737456725
187.8613994549109
187.86139959673534
187.8731631931754
187.87317040715652
187.8856581134958
187.88563992345647
187.88669736639
187.88668560930708
187.88726978568633
187.88727558077392
187.88881825928598
187.88978479821748
187.8898030292363
187.89093243442025
187.8909940761577
187.89107511091174
187.89157653256854
187.89157682670407
187.89160153157235
187.89163549331855
187.89163768076068
187.89172121689455
187.89174493020045
187.89175033032438
187.89242106271172
187.89242496949703
187.89246338046536
187.89246615740763
187.91677485862908
187.91926608059907
187.9199641065677
187.9201567748782
187.92016237984035
187.92016566026962
187.9201752910769
187.9202118854914
187.92040715143935
187.92042947093606
187.9209262110155
187.9209565177025
187.92877194564946
187.92874153645548
187.92874464343882
187.92874591631733
187.9287461334906
187.92877194564946
187.92883518918862
187.92891278728231
187.9289164538772
187.93014296283025
187.9374026641554
187.93740251903353
187.93741504468727
187.93742440048194
187.9374342412497
187.93747538168236
187.93747537582112
187.93747457508877
187.947216005997
187.9472161566859
187.94726704678268
187.95692077481735
187.95692090669678
187.95823416928997
187.95831696370266
187.96075796663652
187.960905176149
187.96090651847607
187.96092495338715
187.96093040150166
187.9609833884712
187.96113011164013
187.96113059304838
187.96146882539307
187.96146890113633
187.96147067802983
187.96147734997052
187.96148018230988
187.96154745864027
187.96154760749215
187.96159003081863
187.96183351308133
187.9618362171119
187.96183748199732
187.96306808103216
187.9635780495711
187.96361136476187
187.9636334532284
187.9636365595976
187.96363756245415
187.96362880279258
187.96367752923106
187.96370961627534
187.96372799590625
187.96377219694614
187.9637896268502
187.96970514596777
187.96970529802468
187.9700013788959
187.97718616103072
187.9810380030811
187.9810449685325
187.9815527042303
187.98157565099555
187.98158575540575
187.9815925043277
187.98355771734447
187.98355739803043
187.9840280258992
187.98431152384939
187.98431264622582
187.98434514102274
187.98458613247573
187.984595488457
187.98475854621657
187.98477459989465
187.98477376927264
187.98477428178555
187.9919527073412
187.9919549001415
187.99389909942775
187.99412288351468
187.9941228098349
187.99414834921956
187.99461970356552
187.9946198893844
187.99462084642744
187.99582585604594
187.9958277014299
187.99585994450769
187.99975721762127
187.99976922875953
187.99977225743567
187.9997721010992
187.99986340443425
187.99985842477497
188.0003069616193
188.00469767402626
188.0047003312058
188.00470319074083
188.01121309942846
188.01121317952084
188.01315412277052
188.01315519529584
188.01315887911852
188.0134005356709
188.01361752609148
188.01367665664367
188.0137285750731
188.0137541191967
188.01375683449092
188.0138271410859
188.0138265399772
188.0138793542236
188.01387856763142
188.0139422919657
188.01394243872733
188.01394556388584
188.01464023825724
188.01514752164792
188.01514987690652
188.01515067880794
188.01519868615893
188.01521639758013
188.01524001003617
188.01524049610998
188.0248990913833
188.0248999661543
188.02503496161688
188.02505965299054
188.02509496711167
188.02511424429568
188.03696384436324
188.03723176922745
188.0372452315283
188.04691659172084
188.05939729859796
188.06132257706963
188.06136459390396
188.06136716196957
188.061384872266
188.06139450306964
188.06147921233753
188.06148707584157
188.06339333241687
188.06341774945773
188.06347130364048
188.06353771310177
188.06355277626395
188.06355331580514
188.06355684334687
188.07073373622285
188.07073381233565
188.0708098789103
188.0708093028746
188.0708437152078
188.07110875652452
188.07137964791087
188.0715199049871
188.07152096370942
188.07152167892718
188.07152685859683
188.07152698174315
188.0715438461864
188.07154413550927
188.07167119991686
188.0721696411228
188.07220894976004
188.07220900940567
188.07231849304432
188.07239852609752
188.07240113132121
188.0728555901457
188.07355348910886
188.07356874335358
188.07357018282534
188.0740130336275
188.08368315515403
188.08368321651844
188.0837056853899
188.08376512947154
188.08379154155918
188.08378758551612
188.08402889962164
188.08404626410794
188.08404811525207
188.08407410479583
188.084126983258
188.08412702444923
188.08413624380773
188.0841422014118
188.0841468784019
188.0885094572783
188.08850946396993
188.0886619195569
188.08866304836812
188.08867884288782
188.0886794834496
188.08870300033388
188.0887745889169
188.0887633806339
188.08881375716652
188.08882658415126
188.08888886575068
188.08893311864347
188.0961084011911
188.09610469135544
188.10473798736172
188.1054137508628
188.1054033847869
188.10609693021618
188.1061682559051
188.1061682999712
188.1062201943531
188.10621964359308
188.1062196801174
188.1101299918694
188.11012218785217
188.11011804460674
188.11011870369637
188.11013158022055
188.1101299918694
188.11046470971667
188.11047255979773
188.11080674135303
188.11081273281644
188.11081635045738
188.11081637185404
188.11081660333625
188.11082508355324
188.1111547581309
188.1111643203566
188.1111981529765
188.11120516441207
188.11478994548582
188.1147883531587
188.11479279837928
188.1148992092458
188.11489925216227
188.11490374307783
188.1152335370373
188.11523360038842
188.11525337273096
188.11529357441054
188.11529357921287
188.11530437679806
188.11530497361585
188.11625329431442
188.1162661665471
188.11626259443108
188.11626268634734
188.11632719677473
188.11635139643062
188.11637263305673
188.11647425822758
188.1164969663388
188.11649779225615
188.11663850958186
188.11663851575088
188.11663842854784
188.11664251374603
188.1185966663783
188.11859663038814
188.11861479663122
188.1187507439789
188.1187507439789
