with mode=1, handoff cost coefficient = 1.0
185.61847426157178
185.65112765272497
185.70548010523828
185.73017599196544
185.7400429706307
185.83221790556172
185.8608017775594
185.87978759445534
185.9359882119127
185.96749600581936
185.99602579686308
186.02099380111292
186.0570547831498
186.0920847047557
186.13662835623782
186.1975356750092
186.31500043872944
186.3296990321498
186.3776188430745
186.4016348290938
186.53663747998593
186.5515514994762
186.60591564474
186.64384832919762
186.6893515872416
186.7178198823236
186.73651823820256
186.76379805817027
186.86258420926805
186.86123346123944
186.87401914996786
186.9102591593521
186.9177438331174
186.93355516795492
186.93691441449357
186.98447339383017
187.06492733521716
187.11392130949952
187.16314370564027
187.1937958569546
187.25425823517602
187.2534128450652
187.256660796409
187.2759089251477
187.28791853577664
187.31147691561475
187.3103489436325
187.30933391232458
187.31342816055812
187.43154297082933
187.48114837171784
187.53528088044192
187.5466371089492
187.54671020715995
187.57269661523753
187.59886905729317
187.67151705792728
187.70487442095475
187.77275642839734
187.79099329700165
187.79203199962845
187.80262906950037
187.84177916880543
187.86130796392848
187.8648230897991
187.89883780387822
187.90333423312842
187.90600845860286
187.95491467331402
187.95484317095145
187.97172547901428
188.01212066946735
188.0170793760526
188.06145817149914
188.1179372119031
188.21359716182525
188.21804859988143
188.23578429859842
188.23849354502164
188.2361919996534
188.3263310281406
188.3638846932899
188.3743533035077
188.37790703242388
188.43621213046617
188.4815110189938
188.48166003812005
188.4844025624959
188.4895775081673
188.49220903463134
188.51299109475212
188.54962527204944
188.5688708037686
188.6141845716167
188.63396552883296
188.6645205569316
188.68719561512538
188.68737707450586
188.7621066160124
188.76756776271776
188.7714607623167
188.81617807456345
188.81975646777653
188.82273377989534
188.83969214353704
188.88201266020067
188.91506394496616
188.9434572251768
188.98915911899334
189.03396388524507
189.03709323528318
189.03972879242247
189.0407440495306
189.09114991834102
189.1704468806712
189.2419334593447
189.28072965178123
189.30754778000625
189.34810920631293
189.39828749819236
189.4178382509706
189.41993938686278
189.45286051246595
189.48854100644485
189.49200947146173
189.51938541022867
189.52459598658822
189.57751886344442
189.60946430821483
189.6382778515361
189.6949557713248
189.70968704880542
189.7715104301344
189.77118696872395
189.80456561100442
189.80486552820054
189.82251713416
189.84572271561257
189.906919750086
189.90559793782668
189.91690786593682
189.91828991711907
189.95764288095376
189.98753688270423
189.98879124212544
189.98891044440072
189.9878916824305
190.00805229960673
190.0312612759845
190.03941886760907
190.06452774607482
190.0694364899344
190.0845351045026
190.10712230615167
190.1149846316048
190.1546766931462
190.15658383268132
190.1545027395842
190.18669811694372
190.26822253996778
190.26945859168003
190.3699201920612
190.43012047694594
190.45146082154946
190.51752424012182
190.51773294631352
190.59585777873767
190.5954240910172
190.59253939239238
190.5998064347576
190.60180076923578
190.65181173079267
190.65175717155574
190.69993638082346
190.69697683054306
190.69868858855838
190.75059762277562
190.77892177647652
190.79315961226126
190.8191933522556
190.88661665381883
190.90373397701325
190.92567423132124
190.93172557817914
190.93088963144902
190.9333561211751
190.960007323855
191.04681134050293
191.0741034802623
191.12645072645944
191.13140252798485
191.13173633400626
191.18188072326927
191.2550619257012
191.25504346531022
191.25625232938273
191.2749838509558
191.2975864086447
191.31913168637445
191.3182243633275
191.32069666898508
191.3407881607128
191.34140984697376
191.34165741932037
191.367976611687
191.45418790960153
191.4539005194508
191.4545642697968
191.57882699728924
191.62741377363244
191.64414988743636
191.67621900334484
191.73283079086485
191.7538661938018
191.7529842793342
191.75583189168955
191.7586970258794
191.75888808227657
191.7711743427648
191.7748127856394
191.82281863689389
191.8503932981201
191.85320858139056
191.90556265015275
191.95171186094444
192.00016677825866
192.0023544803151
191.99910345494226
192.00261470409168
192.02319839577322
192.0382994967798
192.0513752622505
192.17652880882005
192.19476790736587
192.2426051175453
192.25967129823255
192.27596706137567
192.2790391340203
192.347646783212
192.3960429355584
192.46901536834227
192.47037679954548
192.47114962497008
192.47034692124797
192.47367576666545
192.47190574128444
192.48680623873494
192.53855820811907
192.5610899799761
192.58774164414348
192.62345653257927
192.6225592735741
192.66052743210173
192.68616307548615
192.73707561644352
192.7869820123555
192.84090124467278
192.91489719676636
192.93232741798346
192.93362920903758
192.95485790886585
192.9989468021127
192.9993113266033
193.0017481978723
193.00379719065916
193.00186492480643
193.02992431644057
193.02869126606157
193.06285170892815
193.09184946928477
193.13357377870585
193.15485965774954
193.1577109395949
193.15846877987622
193.15986962362888
193.1747661124316
193.17492874738468
193.21659595264748
193.2710407628355
193.2837265003108
193.2832803123839
193.29657870733712
193.29775634127748
193.3094740118865
193.30998915573824
193.34734524436251
193.4478097381511
193.46888956284596
193.49139720235067
193.49190954583148
193.49035445124784
193.511457009482
193.53457807279455
193.57089621780366
193.5844744320896
193.59781849655067
193.5979470573406
193.62316662783067
193.671274145691
193.75788599159688
193.78658713742612
193.78397637168598
193.8562357325722
193.86802731473554
193.91617155856352
193.91656753222264
193.9320449308504
193.9372125430709
193.97499173486716
193.974246961926
194.01101179570637
194.0538290310852
194.06701309740103
194.0650470781884
194.0649626506988
194.06395444225464
194.06467380318423
194.08642750082066
194.13259513442864
194.13177073597058
194.130002673135
194.13036260810895
194.15905354670548
194.15777830034324
194.1559851529606
194.19304345490534
194.21955142762187
194.22077989394307
194.22338853666417
194.22348850092735
194.25208336195402
194.2835638306659
194.28354842664768
194.28483258664352
194.30211664036437
194.31596314797713
194.32025332243327
194.3191584940551
194.3195569309087
194.3467456337585
194.34620053000177
194.38464306004101
194.3851091226839
194.38651096315675
194.38656153671587
194.38651269947593
194.38768674981662
194.38616502328728
194.40776054025608
194.442444171477
194.50849651006803
194.50857034396202
194.51138138925637
194.5266357964769
194.5949937564848
194.59310596701948
194.61143466165845
194.6103866370816
194.60855000409364
194.6305491022204
194.6429518160979
194.64238113865818
194.64573627721467
194.64317823759782
194.66074073467493
194.66179458358428
194.6985177026977
194.6992146535003
194.7367021725045
194.7377084517256
194.76114301630182
194.78126002480224
194.8081110559683
194.80944868607486
194.87060340657726
194.87457984321082
194.9219262082387
194.96208143733458
194.9994579054367
195.0171415754155
195.03566425874726
195.04767968786206
195.0922728258565
195.10934135078634
195.1464993231017
195.14335132794787
195.15454517230035
195.16562069849874
195.16730054210362
195.1691404852025
195.19500239351643
195.189887565722
195.22760407839766
195.22768215610841
195.23101343009216
195.2475014242482
195.2512484459535
195.24926797372478
195.24856658663157
195.2475262127664
195.25059215936253
195.305522262902
195.3252669592833
195.3274623360121
195.34730360863242
195.34699288370334
195.3468351538441
195.36021367315354
195.36111751571633
195.3598859504492
195.36819067775758
195.41283887727832
195.4359399228063
195.43870317496862
195.43699387233784
195.435133847735
195.44631070439988
195.49485925240427
195.49531687633436
195.495267590274
195.49391484871995
195.49286387723114
195.56203084292812
195.56324308535912
195.56573727476749
195.56385634377443
195.65090029684418
195.67042024669905
195.70564124236563
195.73231719494285
195.7432321694189
195.74389194624422
195.74439625700887
195.7472982683233
195.74792699870073
195.74796245042342
195.76728074049646
195.7664242007628
195.79056607330597
195.790342992859
195.81701291287513
195.8345173109368
195.86020884541165
195.9097555620423
195.9249421423217
195.92721107154557
195.9269167771229
195.9758656297681
195.97827223354764
196.00315971866846
196.01299939624678
196.09213167305953
196.09229561443428
196.13077831443943
196.1298374660713
196.154948535255
196.18007635450306
196.1801597151662
196.1963079735848
196.2212072097791
196.22000412670803
196.21962827308013
196.25486262994787
196.25461836471464
196.27232478086788
196.27211009701514
196.30993670339197
196.35931384425587
196.37186018020574
196.38751080633347
196.38753512871614
196.42585392852314
196.42759914344708
196.45454956054328
196.45604403586069
196.47924607448513
196.48118758198746
196.49926742611052
196.5382905711674
196.55454718104042
196.56518320450544
196.58942115672028
196.60658153500634
196.61696018571467
196.63268866739972
196.65905340130507
196.6845508778218
196.7373613662257
196.73655574298257
196.73666590163594
196.80875735467112
196.8106872542817
196.90735100484625
196.90633301296396
196.90438699897635
196.92069393984275
196.9535103618256
196.98159532620807
197.0057319416883
197.01627758519714
197.03258900732993
