with mode=1, handoff cost coefficient = 1.0
173.78696467095477
173.84987869676556
173.8860637298823
173.8956594996062
173.92630522284858
174.00351682881526
174.01479900131673
174.03861996646162
174.06214052445029
174.08558672285054
174.09343498986988
174.11452599514678
174.17206260130303
174.23662055714155
174.26200277952682
174.27630200240233
174.28592645380752
174.31470991689017
174.31647135180825
174.3491360673226
174.37103580392736
174.36989891233648
174.4219428021529
174.43006545366123
174.43741957439457
174.48838452656088
174.54560511884114
174.65153271162796
174.67703395446918
174.75118131788184
174.7544941193419
174.8568925930508
174.8608009567911
174.8676677950065
174.9183598613437
174.97024670359983
175.02266181966078
175.03184776121148
175.03239455970564
175.08499745559394
175.10521726850394
175.12008983892915
175.16703106656388
175.1794857663492
175.22182444608075
175.34925122803745
175.45028483725284
175.48404509165863
175.4876223077765
175.50028371762994
175.51043968297364
175.51684063793087
175.5185554481448
175.52835932011968
175.5306242909207
175.52928410580552
175.59556634137323
175.70540610752113
175.75072438165984
175.75410446334692
175.76868677369106
175.77960612217473
175.8018359417571
175.8032214557794
175.91174163946894
175.97628872440902
175.979476772652
176.0027881358104
176.016843609918
176.0193890221946
176.0631892006033
176.0712167693311
176.12006418264738
176.12067182625836
176.1211211468277
176.17018485745655
176.22939410725957
176.2861306366058
176.3040370866074
176.31011220739597
176.32085413622764
176.33630694616238
176.33769040498197
176.35743833038296
176.4473982028441
176.4589027525848
176.5171017044151
176.515777334955
176.51725000311004
176.60645398987444
176.613389431138
176.62142047831927
176.6303850237261
176.63714957794215
176.65563017264444
176.68724079587466
176.69434398038203
176.7059681374288
176.71435510622615
176.75949638905809
176.81076525403472
176.8140238528877
176.82016760331172
176.82169217570862
176.88834445854175
176.88757070693612
176.88909315451102
176.8902861201783
176.8956826342746
176.95633373537584
177.0027624111058
177.02306145228386
177.04343732678404
177.08976007273247
177.10944666205737
177.1189365182897
177.16947752454428
177.22658404650386
177.22579100096536
177.22424967373246
177.2458183220045
177.2725114406913
177.29012744661347
177.29258793683766
177.2926642769004
177.3538122996089
177.35846772862445
177.42119934008858
177.42556680526548
177.49756821797436
177.5486573539274
177.56188845183055
177.61223115408825
177.61801804886298
177.62323405106622
177.62633904331207
177.6273219341148
177.63333075824255
177.64159231671883
177.6460863770335
177.64575526559597
177.68206256921758
177.73087666699817
177.79633789088476
177.84685875494966
177.89852584211843
177.95039103006968
177.9621969588864
177.9689847062827
177.9696365001306
177.97268759723795
178.11517740888172
178.12262702597525
178.12058583797432
178.17209850507626
178.1771370654932
178.18235313491158
178.21431248932487
178.2174210183687
178.23716953124134
178.23783095045113
178.24451677727762
178.25935479678373
178.36535170116454
178.38101397863812
178.38219310455793
178.392173183218
178.3945545042154
178.44916472448517
178.45009729619971
178.45083004570733
178.47627621865084
178.5269364563494
178.54995302956837
178.5566543465957
178.56601746224456
178.61554381653298
178.623310945374
178.62448732389495
178.65265842321202
178.65825759736828
178.67827635583836
178.68417844084152
178.6913706148187
178.7484271972944
178.77310548737302
178.82343859340736
178.85880101018535
178.878441790747
178.9050633097475
178.95179005436006
178.95159437653172
178.956448378727
178.98768707114723
178.99207545325947
178.99462654572514
179.00272303527152
179.00135482806553
179.01737012409902
179.07512566433206
179.09651256046862
179.10259156474032
179.14900062750152
179.14901084054628
179.1522609354969
179.20645221544618
179.22153347823834
179.23000053168863
179.28896164674623
179.28837170638243
179.29002837097835
179.31059208713856
179.31416555325166
179.3170166717971
179.3210746573727
179.31931565105612
179.4055838844149
179.46160098350643
179.46783331210744
179.49170348081472
179.51100819110243
179.56026901462943
179.56505838595615
179.56563873177973
179.58814686908403
179.6445660960442
179.69090642688766
179.72051508359232
179.78940183570123
179.8456727188586
179.84438332246594
179.90073931325279
179.90443956649574
179.90613442391785
179.914219173301
179.96382795923876
179.9650686446242
179.97023672714897
179.97111867370973
179.9926870274906
180.03781951781622
180.111032251408
180.17623572704187
180.17641580660438
180.2292783175652
180.24220416778923
180.2511111018601
180.2748355978867
180.3354997232349
180.3358253945816
180.33694412089093
180.38333790834093
180.42912159563843
180.49515681277876
180.50385316917132
180.51564728576034
180.53780392647081
180.54428115336262
180.55745134283353
180.6186710792933
180.61716163105453
180.6145632836491
180.67069628774192
180.67147600376978
180.6718962963983
180.67247512035158
180.6723075656098
180.68433969353
180.7289591669987
180.7743428199385
180.84208084218753
180.85244228534228
180.8838843110529
180.88300176488139
180.89864626357556
180.89972711739586
180.91897711733873
180.96149516612587
180.96383313912685
180.97047647306005
181.02421376631133
181.02635212080878
181.05121420649343
181.05930680600426
181.06417508583405
181.11294614074058
181.11520305537275
181.12156012853603
181.12155322708685
181.21235475196463
181.2337387706243
181.24147087894093
181.25761937681622
181.27138210096103
181.2942962209597
181.33928227212374
181.40755664103597
181.41230761529468
181.425055565693
181.42861249784409
181.43213397175043
181.43328966935712
181.44033531049092
181.4844264521403
181.49805360901928
181.5145317050695
181.51321314773818
181.5605783056071
181.56447691580513
181.56608946721462
181.56301042653345
181.5748464964037
181.593662417507
181.59835985224532
181.6175553507868
181.62129857587001
181.62239615260813
181.64967235109225
181.69625715685825
181.69992114162136
181.74992553391803
181.76689571351628
181.77258480903075
181.77377185336692
181.7740139305249
181.81790524488332
181.81760210976216
181.81970836102766
181.82021675451026
181.82584024573444
181.82729261923524
181.82979872379482
181.830681970167
181.87961324738572
181.87895657035614
181.87987222356088
181.88158939646056
181.8815498699447
181.903967242444
181.92352998218618
181.929741591182
181.94577209453425
181.95298838682706
181.95413662178
181.9676878376297
182.02571070308366
182.03073174849587
182.07049168188712
182.07671849374938
182.07681971356013
182.07397594132107
182.0844505645166
182.0882243114099
182.09829063382182
182.11987189440984
182.16176416074754
182.16175353542022
182.18200668346537
182.2007429457164
182.1992625369016
182.2002286396578
182.20038724134147
182.21378645604958
182.21615554564593
182.25884288215215
182.259419050106
182.25858224637145
182.25683897976853
182.30775607344853
182.3097351838447
182.31809202750387
182.3248836482307
182.34596249730916
182.34572575941422
182.39872909130617
182.41888671687894
182.42143049759355
182.44191800844908
182.44275946156014
182.44403940773833
182.45670209822364
182.48982678156548
182.5112920768541
182.51549194295154
182.5164995285291
182.52410054777036
182.57341229818576
182.57461742260958
182.5728099909974
182.60681975595958
182.60457450994645
182.6018851707279
182.60551764534648
182.60863185937103
182.6083394193344
182.62047484855808
182.64368056395554
182.6785949708067
182.72452407594096
182.72632366239878
182.7267432238926
182.72546768379573
182.7264543832689
182.72802533362676
182.72687412075902
182.7295183769871
182.7841837183697
182.78491660031472
182.7846807732609
182.8070057918054
182.80766404715024
182.82728956435915
182.82293888082125
182.8500497854508
182.85062057313644
182.85358527005525
182.85990147218251
182.88147176982793
182.89036796297322
182.95317710866706
182.97634624910765
182.99765848525723
183.00697873942605
183.0084289568721
183.04473836185602
183.0475281003982
183.04873616354044
183.05211538632673
183.05352700985298
183.05844447640797
183.08391943150275
183.08631085067435
183.12861297250734
183.12810100370083
183.12887481741728
183.1415508805261
183.1410588708544
183.1407820091236
183.14362921955913
183.14123119014835
183.16337110525694
183.18039981854238
183.18305841999162
183.2011881843364
183.21029995523662
183.21043416541926
183.23003890393278
183.22933968504506
183.23078779162785
183.27381493809142
183.27125986195392
183.27862363057872
183.27906753969182
183.28052968107383
183.27972485133472
183.32221998725646
183.32164893011895
183.35270354654727
183.3990163944203
183.39848814826104
183.400245553963
183.44050477016594
183.44301468595268
183.4423271027588
183.44378913551955
183.44336262770562
183.44351020887228
183.45607436501825
183.47762855951572
183.4896661234821
183.48918812798445
183.50958708073563
183.52905555366806
183.54087647406723
183.54067448836935
183.53885638635282
183.5591343035171
183.55781171751963
183.55591144222367
183.5571942311536
183.55573213719072
183.5591343035171
183.55978290460928
183.56134123729396
183.56215537305263
183.56269416252604
183.56349440470527
183.58084578000322
183.58396471309297
183.58724485687426
183.58686835573525
183.5931801550872
183.59357574967157
183.59431705990377
183.60051678104537
183.61041755718853
183.6269217626273
183.6276081567376
183.63734499017048
183.64019328171716
183.65631027185407
