with mode=0, handoff cost coefficient = 1.0
173.78696467095477
173.81712042179205
173.83104637137197
173.86159362452804
173.85794511908693
173.90345060066173
173.89182137624454
173.89874269318904
173.95036202667197
174.31661024515537
174.37326830766733
174.44629550484558
174.4462824022089
174.45275527279222
174.4531382624362
174.46169716049633
174.48202618763034
174.55830239938703
174.55585482011224
174.91980906129157
174.95606812583807
174.95606993530473
174.96094664579022
174.95506597110435
174.9525820536393
175.00887168487608
174.99759704270951
174.99770114940654
174.99769943195741
175.01261031236726
175.0189922396949
175.01396444485925
175.02994891371873
175.0282856239947
175.03912521693243
175.20512716847466
175.1853869486553
175.18530144773547
175.18237624779863
175.187489568514
175.20512716847466
175.38737083004202
175.58522378704134
175.78245918467283
175.80414256409358
175.80114705947238
175.81071707265906
175.81251363277408
175.847300732255
175.84734695200797
175.85266113796922
175.86309529769775
175.8677760351892
175.92257061241432
175.92381749415455
175.957204204514
175.9554601494773
175.9557409516078
175.96004734539804
176.01475932110526
176.04786879862493
176.04884897264782
176.07821282735074
176.0782134561145
176.13246345872696
176.13112548876052
176.1323858248931
176.15077464136533
176.17759901012303
176.18045912825525
176.18634442774535
176.1866161737988
176.1908979549151
176.19233466270956
176.19299853006532
176.19437249452545
176.19446311780928
176.22351868757704
176.22168645934315
176.22076684136553
176.2192908976168
176.21332091591742
176.2255134606139
176.22607893718882
176.22991789086714
176.22992321599898
176.23190184367957
176.2640591851642
176.2931089672236
176.34685498844888
176.52810767234024
176.53132761169564
176.53335526793353
176.53875789333264
176.53917459930992
176.53782808989988
176.73491207789067
176.735206486562
176.93356039450492
177.1328018870496
177.13367216363562
177.13126347182597
177.13609919180325
177.13451463051598
177.13491159290479
177.13551377660883
177.1387648650166
177.1387298728018
177.13873466487047
177.13800873111958
177.13801359268314
177.1387648650166
177.13897777627528
177.141463861057
177.14136421411283
177.1427750415462
177.14222788472253
177.14351599006181
177.14548282043984
177.14716629363258
177.14716705728145
177.14646748773504
177.1547387331765
177.15547847831323
177.1549756279763
177.1566664705734
177.1584465375189
177.16191267971806
177.16192039484864
177.16330407034064
177.16334727972196
177.1626954874915
177.16270274918517
177.1639610664956
177.16472725991886
177.1915937139438
177.19125479128735
177.19599335679237
177.19625610025804
177.19625776999314
177.19925317134206
177.19960893744795
177.19961254832126
177.19981838979368
177.24254095415182
177.24251973957314
177.24252148032224
177.24282560059567
177.24336204229593
177.27027760065988
177.27036778961926
177.27096822044896
177.27143433623456
177.28606422979988
177.28552671298976
177.28554166704166
177.2863870244795
177.28661028139132
177.28763912991317
177.28780285096207
177.28780585518533
177.28716847125023
177.28908129965495
177.28925180356504
177.30369014659493
177.39349164433807
177.39498964231566
177.39906276588354
177.41343042000628
177.51266731407486
177.53930796536486
177.53945689341742
177.53871927795345
177.53872340107884
177.53872386867152
177.53876638272996
177.54008197196288
177.54180378664046
177.54558712003995
177.5452731693937
177.64474408000467
177.6451581303822
177.64515975625204
177.67171453904143
177.67200467748765
177.698454414807
177.70108458050535
177.70107603959485
177.71533712376504
177.71489162127278
177.7148745007113
177.71525247865577
177.71593023766206
177.71599227229706
177.7168015645505
177.7309861763154
177.7352558713942
177.74369756325282
177.759568516508
177.7603037616915
177.76360339156938
177.76286284762145
177.76525786637012
177.76846919707822
177.76867707817485
177.79509731942534
177.8035120803116
177.82981962520662
177.82997931856056
177.82956535569625
177.8292697935252
177.82930178950056
177.82998632379693
177.83223213504326
177.83293120022083
177.8329334973423
177.85913517662814
177.85912889138464
177.86004535554767
177.90053344277496
177.90038364831793
177.90053344277496
177.9015329885119
177.9009651372378
177.94295719269195
177.9462488275074
177.94646866562178
177.95416229543514
177.96960384994378
177.9693683648849
177.969472983593
177.96947602117237
177.97098325985445
177.9719713678844
177.9740634387069
177.9744720357129
177.97447578675516
177.97417058565148
177.97452071057822
177.97411817672062
177.97426087466167
177.97426392860973
177.97444943549112
177.9888460934294
177.98885726471354
177.989112011859
177.98868440831157
177.98866883464348
177.98761825219432
177.9901952475085
177.99019741651296
178.00457355247477
178.0038167518662
178.0036428551371
178.00364296142547
178.00556086335087
178.00556053604024
178.00555033479787
178.0951796087044
178.09542785250062
178.0951130461533
178.0951124351521
178.0958355963004
178.0979886918168
178.09868777960708
178.0988606366799
178.0991344244419
178.09913470246408
178.09930443691206
178.09977137532368
178.09967638410623
178.09982533991595
178.09925474330183
178.09962938448052
178.12585703673417
178.12506281201732
178.12506649730193
178.12729882144157
178.12754039562935
178.12754098169867
178.1278288183408
178.12662380753147
178.1261855342384
178.12611150054408
178.14032469914662
178.14242861687953
178.14242880769936
178.16840222743096
178.16789960077307
178.1678995850764
178.16775012826275
178.1676801749331
178.16842956560865
178.16873592237224
178.17008859079277
178.17010036899418
178.16976947639296
178.17009943392037
178.16920076374737
178.16887080621993
178.17010036899418
178.17054591097303
178.17083906006303
178.1708415184947
178.17111335109882
178.17111559259735
178.17294951540387
178.17285494954308
178.1730589837598
178.17307525700116
178.1731893066442
178.2186068356575
178.2187760862541
178.21877746905628
178.2188643720266
178.21938728723353
178.21921510498598
178.219711247018
178.2195594980267
178.2195603898789
178.21963870965493
178.21963895351715
178.219711247018
178.21972427119252
178.21972481265675
178.21978081329502
178.24470661133893
178.24480776509768
178.24480735722992
178.24484044987065
178.24484850194287
178.24507810433377
178.2450783544894
178.24507837263215
178.24504227153517
178.24504280322694
178.24507810433377
178.2450830918713
178.245559682501
178.24557837538774
178.2456249379768
178.24574748256808
178.24576177145522
178.24579555747735
178.24579558285302
178.2459078484266
178.24592131351434
178.246066994489
178.25101220882763
178.25116435451272
178.2511800856484
178.25145762346364
178.25157718033512
178.2517143833939
178.2517244554163
178.25174285202013
178.25173416414145
178.25174285202013
178.25174289304272
178.25187489889407
178.25200889160863
178.25215140023533
178.25220452432825
178.25224686104366
178.25224707803264
178.25226366060846
178.25418337057064
178.25418484084184
178.26665023309795
178.2685206244827
178.26852075231272
178.26824111407467
178.2683481081023
178.26838626017522
178.2685206244827
178.2685206314041
178.26853615626945
178.2685487461346
178.26855105389234
178.2695101252085
178.26951829340015
178.26957563161554
178.26957627741186
178.2696523841784
178.2696632097156
178.26966321136425
178.2697194732862
178.26990557305243
178.26990726435545
178.27152716473393
178.27154396532532
178.27161337236788
178.2716133745962
178.27166366928196
178.2716700829655
178.27167153814065
178.2717193651347
178.27172579836753
178.27177974595142
178.27196818387102
178.27295040725969
178.27297693649052
178.27299964648006
178.2746195335733
178.2746195619535
178.2804373178883
178.2813963598454
178.28140225609138
178.28763465849144
178.28766074599554
178.28758812375236
178.28777436721637
178.28777439194934
178.28777897624735
178.287782631029
178.28866590651214
178.28866225173047
178.28870527068537
178.28874745848955
178.28883232877251
178.2950773470459
178.30089234248624
178.30090424309603
178.30092703505582
178.30092710547083
178.30093748001968
178.30093907633545
178.30100797519373
178.30100797912002
178.3036696168647
178.30367967771258
178.30368979359736
178.30369097226398
178.30368912923552
178.30375973817368
178.30377474142884
178.30377827493854
178.30476052934273
178.3047605607588
178.30476748780413
178.3047800837551
178.30478057134053
178.30482049193338
178.30484305378604
178.30484320358457
178.3049049601955
178.30586377643087
178.30589851670172
178.305898747388
178.30591645354312
178.30592754337113
178.30681038425024
178.30680955557722
178.30685813546796
178.3068734698827
178.30687550326272
178.3068849932729
178.3068851411218
178.3068868029885
178.3066424184133
178.30672436276518
178.3068849932729
178.30693078051647
178.3069308246944
178.30693354363353
178.30693484594937
178.30696862931967
178.30696883093913
178.3069746497096
178.30699899928211
178.30699902429228
178.30699903954476
178.30709259997732
178.3071413104084
178.30714284895078
178.30717544445042
178.3071754871824
178.30717548725877
178.30719316220268
178.30719326438034
178.31009998510072
178.31010895326256
178.3101202426717
178.3109299776418
178.31094393156417
178.31097871221004
178.31107421762448
178.31110019776995
178.31112452432995
178.31115715802807
178.31115996418706
178.31115997752778
178.3119696069399
178.31197498106016
178.31278454758484
178.312792717076
178.31279348428595
178.31279352662546
178.31282724181006
178.312850139457
178.312850139457
