with mode=1, handoff cost coefficient = 1.0
185.93381053094473
185.94087306976306
185.9653994107428
185.97055561487554
186.04158476491824
186.08163991664392
186.11674498640227
186.177887904254
186.2008406993081
186.26368659873822
186.26703331028304
186.3049751860575
186.38815666480792
186.41238782584733
186.47199178605354
186.5100078964285
186.5164162302124
186.55235378786202
186.6082582314447
186.6739439888623
186.71574625685247
186.72732490789664
186.77025128354254
186.78551204393585
186.79230801232225
186.8122586508798
186.84485935474805
186.89634020190312
186.91576469714343
186.91868491029476
186.92318604269568
186.96530129756508
186.9869894661756
186.9998881981776
187.07483639775842
187.11528286863702
187.13857078569507
187.17076822916968
187.23257562862975
187.2355836320363
187.23552997806812
187.25299292379944
187.27577368931085
187.33726160267486
187.34573731995133
187.4037025467448
187.42922629524443
187.4362176434847
187.43788208997898
187.44042702543157
187.4603892032298
187.46590549195616
187.46837993208982
187.49944752184194
187.51723720332322
187.5664831103856
187.5905470730868
187.59276209781
187.63004204272121
187.67189336544075
187.73290076771
187.73524560420717
187.76168347240147
187.76411124610408
187.7917399004247
187.80241445804114
187.82563818846305
187.85441504349455
187.88497026370823
187.96302176088594
187.97014505354343
187.96894474163076
187.96794480758362
187.9900802990687
188.0092617679473
188.0394323239828
188.04052962818184
188.05999242280996
188.0632559818101
188.06318232138025
188.0665425906132
188.0955009211809
188.16177257741887
188.186092528115
188.20631309524356
188.20551413087549
188.23964984389497
188.2591741416266
188.31335431650987
188.3165091024078
188.32784265638728
188.3340888360197
188.33713736283244
188.38970640988373
188.39009118529464
188.42514123075208
188.44845312025112
188.44783942059837
188.4663917823308
188.46618383468694
188.467781259411
188.47102362733568
188.4780655965033
188.48383641577175
188.5403173124798
188.59493940143813
188.59374214510163
188.59034846968976
188.61067563028075
188.63169147212471
188.65604379714728
188.67941633739656
188.71751858804458
188.75285379329145
188.7813808008088
188.78989044686685
188.7967420423614
188.8151901810341
188.86645248980014
188.8879839406382
188.92251067719033
188.94795449068482
188.96731969391286
189.00583945162612
189.05185828044824
189.10998792128424
189.12239817976496
189.120388401963
189.1497626694371
189.15944862802044
189.18084300409888
189.21038840317175
189.21458671748118
189.23425924008413
189.2549165090507
189.2755914164118
189.29201540165064
189.3871903646314
189.38737510791566
189.4218393850362
189.4264382702488
189.42559414934274
189.464546723328
189.46479606664445
189.46928847254392
189.5235558887514
189.54148645529688
189.5780454432523
189.57700467302968
189.58232180961454
189.65267887625768
189.65160269140023
189.703247052684
189.71999894289266
189.73832013235017
189.7710995031906
189.79291791641268
189.79482817801608
189.7957304111379
189.79659537352435
189.80075516280837
189.8563473351895
189.86075022757197
189.8949032211318
189.91109740304628
189.91188367905724
189.92821768338956
189.97393318942866
190.01359826030003
190.0113899474558
190.03163290343957
190.0947716484947
190.09546750406676
190.12966786817609
190.13323954583876
190.1368654931522
190.1361427742981
190.13643910355742
190.13733891450994
190.18422833006363
190.20574964790154
190.21952906469187
190.26585248614447
190.26633303630086
190.28310332981027
190.3007613794333
190.32161805281444
190.35647026522324
190.40619749288916
190.40556502197927
190.4216535738844
190.42893410324592
190.42807813462215
190.4962996782252
190.4969638020435
190.51393207233497
190.547822753067
190.54613313921527
190.5973517692818
190.59864181594952
190.59485697447025
190.61211589842173
190.63760280073632
190.6368114351846
190.7208330686512
190.7221823315192
190.74140620368644
190.7950549625016
190.85508538299155
190.87223640591398
190.92030850136032
190.95055905193982
190.9701273854743
191.01481203335086
191.02111200573796
191.04220529630297
191.06520989249964
191.08155389496798
191.1135361576361
191.1298468234761
191.131260758721
191.1621271081016
191.16522490056678
191.16391070113514
191.16117275163836
191.2262042456308
191.2470000277022
191.24446015337713
191.2817314688866
191.3237033623092
191.38042819011875
191.3802611439882
191.4008825865464
191.42365432068462
191.43721747424306
191.44125326203243
191.4561635238758
191.48744042249098
191.50901298234896
191.53008913650052
191.57647844833744
191.63064792248383
191.62812980782508
191.6514544377658
191.64921648542943
191.67957878130926
191.68271891161146
191.70577341663082
191.7502046642781
191.7472108621549
191.77520408066113
191.79723098215734
191.81385271801366
191.865857663001
191.88784281202328
191.91509929569008
191.93380675467805
191.96475983476734
191.98365355815386
191.98680506076053
192.02774978937788
192.02768417981167
192.03255800083815
192.048893093495
192.063831264558
192.0797016669947
192.08029300633177
192.1129957793013
192.16118044615774
192.16164375713885
192.21028866113403
192.24292063945592
192.24294425152328
192.25402556444678
192.3045922223746
192.30431320433627
192.35877497784554
192.3786393971456
192.39934408803063
192.39990730511994
192.4283764337138
192.49129899671755
192.4897310647893
192.50543070754216
192.50540798612798
192.50531845028425
192.50434213252208
192.53107198208937
192.55846109470352
192.55574054410738
192.582694517749
192.60064149519414
192.61508206121445
192.61607054492086
192.61547263471323
192.61665418100296
192.65242746448996
192.65320060926146
192.65521047322207
192.65321881116114
192.6704046243585
192.67171341251407
192.74241041329213
192.8107504396653
192.81372644036583
192.82929557478533
192.8445485726659
192.84478479923126
192.8457569456365
192.86004787054367
192.92593495406345
192.94057521184243
192.96922023841938
192.98943267432657
193.02322967767887
193.0445156291848
193.0441395059383
193.04293279397083
193.04345898546057
193.05752448701986
193.05948559280972
193.0819373628232
193.09545348822064
193.1133579009662
193.1681065620092
193.21419094516853
193.25184138614716
193.28137999455083
193.31036746898238
193.41028096794267
193.44334666019634
193.44245145669578
193.47584871592977
193.48765676971144
193.48749324131154
193.52222986531547
193.5414381515042
193.55632024688276
193.55441266640455
193.56649764508958
193.58733352678647
193.6328808760488
193.70426638326964
193.70263597688057
193.7349382605897
193.73670574158334
193.73565691082197
193.76252695156398
193.76109148226644
193.7606468580763
193.7583275723066
193.75900053436013
193.7731651963977
193.78545533683217
193.78594121921128
193.8401189912671
193.8560478100957
193.88639353829143
193.8845605106735
193.89644025710672
193.89477900934997
193.894987396127
193.91022524509364
193.93308541297836
193.9460813140475
193.96304851632317
193.96304951176677
193.96252966479102
193.98447687649687
193.98455902943516
193.9856950166265
193.9877129691962
193.9884474751579
194.00016704852123
194.01658995375095
194.01835450391988
194.03410233750984
194.03288942167143
194.03318073797368
194.06936949161283
194.08473175148183
194.09809635904674
194.09734484921145
194.09456042341156
194.15925536823244
194.1793956430335
194.1808330340224
194.19938110573676
194.233314445644
194.23574190870747
194.23624008514722
194.25110065452748
194.25184061782448
194.25043361992434
194.25119566698396
194.24958904660733
194.2773964818335
194.27805665368484
194.29884859050657
194.33190714434267
194.33311142826818
194.33271150093785
194.330821032235
194.33267127951564
194.36919038773016
194.37219255098597
194.37201444891397
194.37171864687542
194.37321465669677
194.37363236461596
194.37149526855288
194.37023490680534
194.38249525630977
194.3828703707204
194.38246343153315
194.3821221662439
194.38117318571275
194.38015997371605
194.39474071490997
194.42513769708728
194.45922115938444
194.4737257767673
194.47601126079513
194.47495817829528
194.48696704865554
194.48671444361483
194.49838345760872
194.51033170258592
194.52250071960452
194.52195091778273
194.52616856487614
194.573505738906
194.62774610097722
194.62755330582834
194.6743415681434
194.6759387718026
194.67549560872362
194.673644318865
194.6739606033088
194.66998162802187
194.70061743549925
194.70233882766632
194.7017574086658
194.70320376703825
194.69583445314134
194.72615202974902
194.72538252762882
194.72407252798874
194.72436896306715
194.72611511109164
194.7282679800246
194.72799354840058
194.73189153678365
194.75822285231058
194.75369859794444
194.75477690170106
194.7574001947349
194.75589640187457
194.75822285231058
194.78308758601742
194.78386080055787
194.79252568233602
194.79309687039634
194.79509238291809
194.8009534991345
194.8155937066026
194.83219302756297
194.83338074282224
194.854138842285
194.8883579617366
194.9038376728207
194.9269757445739
194.95078920186003
194.95085738249037
194.98091662894808
194.98104816169885
194.9812592093931
194.9818560030873
194.9949401933781
194.99619400189002
194.9962872234811
194.9972497473815
195.00913852196388
195.01021907008683
195.01657833362194
195.0215880121205
195.02197076656745
195.02176913253308
195.02261634984757
195.02242728520488
195.02401923788693
195.02387424442279
195.0307874777226
195.03030089595404
195.0313210658128
195.03189765511067
195.03867541870255
195.03858281501854
195.0389924002361
195.0400493677204
195.0400493677204
