with mode=0, handoff cost coefficient = 1.0
185.93381053094473
185.9233174144034
185.9241381897113
185.9426104927762
185.9319215816502
185.93270977314077
185.96775603058563
185.98278591689964
185.98216373052205
185.9823864833534
185.9850443397737
185.9819939568294
185.99222343140042
186.1603747610843
186.1678707147829
186.24848985846586
186.2453434216107
186.23927668164322
186.24745937838208
186.23929178221454
186.24848985846586
186.2485914265306
186.27013886979825
186.28411438828414
186.28125859945254
186.28132952445458
186.33573276401074
186.3360495996056
186.3361074195521
186.33898645218042
186.34009090650693
186.3402131535567
186.3476283445995
186.34767508149656
186.34719451268498
186.35577434249225
186.361958484693
186.36136547391206
186.39131410512692
186.39441023505205
186.38845924159486
186.4052506311603
186.4070149000492
186.40976856474924
186.4932697306407
186.49945940810102
186.51208694634266
186.51665017775673
186.51705545489622
186.5144133765294
186.59802204502276
186.62303348608856
186.6286226724926
186.62875496980473
186.6552823884181
186.65544788682232
186.65495707524235
186.65500539045237
186.73437323855424
186.7343814299341
186.8117056061972
186.8170969372549
186.82299945790402
186.86409227143406
186.9390411642549
186.9392634094512
186.952084126575
186.99650765858365
186.99591947137267
186.9960976582348
186.99608734943698
187.00104619060352
186.9955428356732
187.06952632058145
187.07141401413338
187.07105378291752
187.0742719632922
187.07428527617424
187.07182178118597
187.07192907480666
187.15203099312637
187.15210313458562
187.15220007418645
187.14921166760126
187.15021816526638
187.23365923990434
187.23411170567937
187.23442859253367
187.31871342337513
187.3200183214915
187.35339247095152
187.35383777357458
187.35405917172227
187.35181611600717
187.3508472536392
187.36090334764611
187.36045804502305
187.36057782792562
187.3607260166416
187.36827771552925
187.3684704092565
187.36739413346052
187.3674057820069
187.36616444293463
187.36449649374953
187.3684704092565
187.36848272786318
187.3693072389242
187.37019687626008
187.37047050911096
187.37050973243117
187.37130418737945
187.37131836678282
187.37130077507575
187.3713146751287
187.37134244797338
187.37143280275887
187.3714571016854
187.3716152474579
187.3715881738631
187.37167206923965
187.37171047982577
187.3711411335338
187.39032239809836
187.39042201883058
187.39009134732464
187.38959564577954
187.39060539076152
187.39062052363857
187.38988878942624
187.39062052363857
187.39061878940763
187.3909803816375
187.39218212686947
187.39168247851703
187.3916475807758
187.3924706310829
187.39253502856235
187.3925434984027
187.39259529200513
187.3923580177584
187.39239029194943
187.39570225119272
187.39570360108047
187.45622089626355
187.45623204978324
187.51601236877013
187.51573362267908
187.5265314589821
187.5264162577326
187.53598925529357
187.53599543136673
187.53563086862653
187.5756275097186
187.57562297373693
187.57567977110767
187.5753410073288
187.57565022698475
187.57763411155196
187.57816768832436
187.5782533785274
187.5782908257429
187.57797537254734
187.57852746034055
187.5784147649439
187.5869964169996
187.58776798234308
187.58772210035065
187.58934444002443
187.58947817197574
187.58890028096172
187.6255545297287
187.62564624057995
187.6250260079572
187.62474030915098
187.62527515163984
187.6252998801701
187.635345033274
187.64417262014155
187.65228470753686
187.65933633260926
187.67354786816549
187.67313709844382
187.6746748559492
187.67512957616137
187.67666789514038
187.68303708200688
187.684834759996
187.72730843059384
187.72733814125695
187.72705220764186
187.72711859139332
187.72741372787675
187.72775077744643
187.74418428078405
187.74700140167823
187.74624626855035
187.7462464046226
187.7455952034716
187.74647678176726
187.74742551346543
187.74757101054243
187.74662227884423
187.7465563913096
187.7471244437784
187.74638865396733
187.74757101054243
187.75003679974455
187.76796343398146
187.7688435441088
187.7892736649403
187.7899969056608
187.79035544596795
187.79037461988378
187.79037408876627
187.7903878119272
187.7904065391191
187.78993776908453
187.81990988478844
187.81995274075575
187.8200803020917
187.82017879754687
187.85327403674864
187.85341617279772
187.87100407790382
187.88804833504082
187.9056060178209
187.90576372281288
187.90584615551631
187.90599985680296
187.90615597608098
187.90611448184518
187.90612117313123
187.90629650475267
187.90635597789284
187.90642100504007
187.90884311757077
187.90879639438535
187.90817335835345
187.90822276470473
187.9089589174493
187.90896535550212
187.9158556669388
187.91595432321517
187.93370985392957
187.95042817144903
187.95133623655747
187.95306923918002
187.9531134965347
187.95350251242604
187.98434555416935
187.98450774881746
187.9845172292362
187.9843197511824
187.98433813230275
187.98433924807154
187.98450774881746
187.9844856900462
187.99949817169386
187.99950896827028
187.99965853491568
187.99966964051646
187.9997004983627
187.99966904554094
187.99968493681916
187.99964950963317
188.0086017155307
188.0087671005657
188.00879042010598
188.00883778544772
188.01788811354191
188.01790195898695
188.01790201755256
188.0183367829727
188.01837510898542
188.01838355599182
188.0186099064024
188.03362015373796
188.03391459362518
188.03570638179337
188.03573491305983
188.03578838652552
188.0359708148811
188.03600744205139
188.0391883654239
188.0391857923463
188.03966493011706
188.03968206954255
188.03977691138357
188.05613635519353
188.05620706313425
188.05641310698024
188.05636709360488
188.056384126202
188.05639259812742
188.05642047837293
188.05930508516118
188.05935665518714
188.0595774327833
188.05971687518576
188.05972040449151
188.0598106441118
188.07678148957015
188.08496237712694
188.0849479863861
188.0850267029552
188.08519038270805
188.09488661105274
188.09497410886064
188.09527127551007
188.1044764452257
188.10499205445103
188.10509634198337
188.10520529393025
188.10536118996882
188.10543316188296
188.10541527351728
188.1217869481308
188.121940146686
188.12195277138318
188.1219528269031
188.12241304828126
188.1330818478886
188.13305059257502
188.13305012879124
188.133061368164
188.14372768149482
188.14369632391012
188.14421253794333
188.14423239211916
188.1443401775797
188.14382396354648
188.14384935218422
188.1438403475497
188.14384521806633
188.1443401775797
188.14584420163717
188.14591892032436
188.145925042928
188.14597163344465
188.14597225102017
188.1506275453271
188.15048990236406
188.15048768848044
188.15067794959455
188.15069140673472
188.15069618435925
188.15071823691977
188.1507191305383
188.1507146854742
188.1507376822986
188.15073998192196
188.15076803314565
188.1508948105741
188.15568195844875
188.1556798824274
188.15569048088764
188.1598124588236
188.1598262062957
188.15981056848597
188.16483748131427
188.16486968115578
188.1649003803616
188.16491310052365
188.1650064203399
188.16503064800312
188.16504200002203
188.16508151308045
188.1650824786045
188.16572419197843
188.16576302681767
188.16576342355742
188.17005476128764
188.17008004930634
188.1701896990649
188.17018699465856
188.17018858454392
188.17019667340418
188.17020926745326
188.17020297478402
188.17020355191707
188.17026562768135
188.17025753882106
188.1704269394266
188.170434128571
188.1705943335251
188.17063249685614
188.17066081432958
188.1707533498862
188.17923812301265
188.1834218275738
188.1877199856839
188.18772358717504
188.18777875950246
188.18788360850408
188.18788421290034
188.18798476079454
188.18798753543646
188.18806046972563
188.19574765022347
188.19579124425144
188.19579695728527
188.19580155920818
188.19581900600485
188.19581934272216
188.19664765692846
188.19667591853255
188.20201032736097
188.2020135588992
188.20201406555967
188.20201787985133
188.20202245061617
188.20202861504544
188.20200788864284
188.20204190077456
188.20213689198744
188.20219394628583
188.20231021881023
188.20231412585323
188.2023504179352
188.2023238486586
188.2071275253819
188.20713193102117
188.21246512426245
188.21246736267327
188.21261214621887
188.21278845868005
188.21705669991866
188.2171635682415
188.2171583115837
188.22435510260829
188.22434685281885
188.22436082107035
188.22437040903358
188.22912978847737
188.2293524051317
188.22936071806822
188.22948668648084
188.23007009533094
188.23007229328005
188.23006866481668
188.23006906614128
188.23008338465567
188.23541391116362
188.2355046258483
188.24053425263185
188.24055389701067
188.24055465833442
188.24054194751935
188.24059019557885
188.2407675198011
188.24082936168037
188.24099347333436
188.24113876108265
188.24119531456142
188.24572868625535
188.2457458373346
188.2457560117731
188.2457809154094
188.2457894071377
188.24589772108138
188.2458920341389
188.24589614109732
188.24585575127642
188.2458574991064
188.24600102126783
188.2460950876897
188.24616658997647
188.2461701929672
188.24617624123155
188.25120309844613
188.25131077196954
188.25134418966792
188.25134750118696
188.25143024289474
188.25145237440097
188.2511703396882
188.25277324056663
188.2527828367343
188.25284264388827
188.25761636286157
188.257634888403
188.25765007579963
188.2576502380659
188.25779169662943
188.25779560138395
188.25778319687996
188.25779185118262
188.25779366215613
188.2655784001475
188.26556936115344
188.26556698021994
188.2656255275922
188.26560305029324
188.26561423230385
188.26562693384682
188.26577354576182
188.26577615271447
188.26581997762077
188.26595049808253
188.26595049808253
