with mode=1, handoff cost coefficient = 1.0
297.65924167774756
297.82754570252246
297.92960359744114
298.1494379625404
298.36502857040085
298.68831191455763
298.78993859678644
299.11745825126167
299.2213312459297
299.4580911754251
299.5721453446477
299.8530670459496
300.10237891640384
300.2810464132776
300.46665183195074
300.63673839698197
300.72907522943433
300.94294278479344
301.0023014742424
301.0292230897179
301.2148047433372
301.3702531586257
301.4486673914216
301.7366378792687
301.87885851084127
302.02962637561694
302.1950442969685
302.40614459747843
302.7605268550894
303.1107222801176
303.39689553010254
303.62725075673524
303.80146924921337
303.9824461900687
304.0493356049071
304.12147707912993
304.2275467270009
304.317207891947
304.6257062355323
304.81937872987453
305.0152825179797
305.0762441803541
305.25918056134225
305.42004565061836
305.5201498314638
305.5750218218492
305.61660853337537
305.7622876993639
305.8547535012991
305.91579854596733
306.0574017114145
306.32178099834084
306.34663831045197
306.3814469399373
306.4963198304837
306.5858505615469
306.69298795612474
306.74465115348943
306.8625386226148
306.90066322125995
307.04949062240854
307.15365536763636
307.19634336555924
307.4165573908456
307.5286878966111
307.5790553528398
307.7519804063139
308.013106850595
308.1402881253835
308.2237934687863
308.29673529093026
308.35433601070133
308.36189254273563
308.50709348595547
308.6330194696559
308.895562905731
308.9400680505431
309.08868167694027
309.20341747200695
309.3920365886165
309.4534382751687
309.58238492475647
309.6296967056844
309.8619584712845
309.9446862458076
310.1089400701613
310.21081992850384
310.3150865586573
310.33661721646286
310.6323120212011
310.8106374842658
310.9313567447661
311.0649087938027
311.0748468572664
311.15290635716946
311.1861353347044
311.31210889148304
311.4739820417434
311.7461016620628
311.85483656128906
311.88242819952256
311.89942343000985
312.2028158101658
312.27561165460384
312.48842693041075
312.74829616823513
312.89399619380595
313.18407010874694
313.2441525056009
313.3498226308385
313.372160855012
313.48035892267757
313.5133033443781
313.5610233060725
313.7308341274414
313.7837962188532
313.88932512550133
313.9709411603297
314.03852063566245
314.1714295090928
314.33943064736457
314.4151230176821
314.5276570420153
314.52309937786015
314.6459538304384
314.7634233924984
314.8186694042969
314.845301003247
314.8823222959773
314.9950684815852
315.0542868048632
315.1591456193366
315.2197987002581
315.3537486849382
315.4586885990247
315.4740732687191
315.60827315072004
315.7515714374878
315.8820978283549
315.99640416128835
316.11015961694693
316.2787376914061
316.3928591818642
316.4526539443217
316.5855173261796
316.74600554893044
316.862090213224
317.02995133752086
317.0147066114614
317.0722383112731
317.1864546180572
317.2873270220756
317.34399156648306
317.50365787461476
317.6683301518601
317.74417126402477
317.93894185734746
317.9722257144225
318.0825790247819
318.13471648552724
318.17831995916737
318.1991065997968
318.2081976732398
318.3472815511429
318.40306582570764
318.4982586536858
318.52238433410906
318.5593001523318
318.68345294969095
318.71767525225926
318.8699887536165
318.98083531143175
319.03615326408664
319.149976574217
319.23780402446954
319.2994723530337
319.38832238865825
319.5068608435903
319.666768415323
319.8595715886133
319.88861636098466
319.95859162062123
320.1307715241423
320.1586704446214
320.18272390398147
320.23477976551516
320.3284160789953
320.4666972899236
320.46378451147865
320.47832356529824
320.5757457124166
320.59717024107727
320.6550171414293
320.68049374448583
320.7878950977853
320.84345874391767
320.91622759634106
321.0094568977508
321.09710687996744
321.1764301746657
321.2250992912141
321.46234549290676
321.46352223413555
321.5898595968087
321.7686400844096
321.87775741701927
321.9243597196104
321.9995197285382
322.04249873449254
322.07549698695306
322.1892279047069
322.2944494107663
322.3804246073775
322.41827035608304
322.630746454616
322.67038131780544
322.67716879112754
322.7050910839388
322.76379112688267
322.83280281717566
322.8439441474151
322.94644564921737
322.9586106043878
323.071270744989
323.1186505537511
323.1247856599686
323.11830750706434
323.2051431222962
323.24599225992773
323.29234488820373
323.4183026932939
323.42810035533535
323.53815382118484
323.5874203096602
323.6114639585082
323.6437140411469
323.7123706013731
323.7395743406848
323.8733604992432
324.0694362670008
324.2006077523386
324.2726899231596
324.3566308905551
324.3731671238833
324.4271332839762
324.49947446195256
324.6129601726421
324.6466218607789
324.67333777460016
324.6843907848492
324.7119655161922
324.71769709909637
324.75997093093923
324.79984417867064
324.8404821752156
324.84523685680756
324.896002897125
324.90184524616757
325.0145560726733
325.08162143668744
325.125874558557
325.1511205108212
325.2834917273527
325.2747902206803
325.324082572419
325.40719468802547
325.4242275707735
325.44129655859
325.46964954687087
325.4950353170395
325.5349993788596
325.5398030226342
325.5492498638183
325.5914816073526
325.64318791298075
325.6733060220769
325.9467213464029
326.00368686138773
326.0368369898136
326.0328374954148
326.0325660830293
326.1664834206017
326.279134133269
326.31036959738503
326.3683282161775
326.39972137369006
326.4520103727329
326.51772572634974
326.6526376268826
326.70609125537385
326.81845367831886
326.8249038017107
326.8978878541541
326.9304714697912
327.00888894891034
327.0179877454664
327.0448711059485
327.09947881073873
327.1773872921479
327.1811071000689
327.2310531670809
327.26429058825784
327.3170768903102
327.3793459448879
327.4812541284782
327.50239068513406
327.59734366853894
327.62664510830786
327.6592341532583
327.6930395337165
327.7517441910123
327.7487121721744
327.79222257031637
327.8465292715008
327.9348447847719
327.9589971428546
328.09533519355574
328.13591190486267
328.17201036905766
328.19615354901606
328.20259790524636
328.20940168478904
328.2438170636903
328.2542281533579
328.24138168742195
328.2768560720766
328.2984494311817
328.3584518585534
328.4383760346752
328.4619353861325
328.4681167794955
328.47178617048775
328.48528337640306
328.498226895729
328.4982993243683
328.5319969702146
328.52183587205286
328.5301507490367
328.64927479026625
328.65691969905413
328.82783141988125
328.83299512728337
328.85975976010275
328.8581891759961
328.94321663971266
329.034609397661
329.0441607400997
329.06878541330275
329.0989168918557
329.14110980247654
329.2015271306807
329.25112537936644
329.2522891677105
329.3282653668826
329.3618125833854
329.37045298460856
329.43587844225266
329.5177412435283
329.56362943911546
329.60478398790144
329.67195169220287
329.6650203524622
329.69766380418673
329.7171743928592
329.7285256006841
329.7522716650015
329.7801657806032
329.810509888872
329.8225921399015
329.8501790890535
329.855634539318
329.93034811029776
329.9290827649146
329.9628657260088
330.0259987187059
330.0586221645966
330.14307954786466
330.1682149242443
330.18621294022495
330.2513275934455
330.3299332095396
330.34654546707134
330.379794758102
330.4429708982789
330.4883218724318
330.5185244913105
330.541463571439
330.56997063542144
330.6032665960141
330.62456744486474
330.7245562096232
330.7147680133609
330.7371081554671
330.73355653586634
330.7810845610277
330.8035439626375
330.8276075832763
330.8241656737011
330.82925512494535
330.8587900781269
330.8746309741545
330.8753858021182
330.91501066884246
330.9220926568203
330.92153538233873
330.98387495167316
330.9916509464505
331.0418476656933
331.06125125904396
331.0653479683194
331.09805841694674
331.11094944394523
331.11753542951493
331.1527479140858
331.1468924226591
331.1577337935721
331.1654060079022
331.19718325203485
331.1892257998686
331.21962886196275
331.2705356168692
331.3115257428484
331.31138763079343
331.4244183835971
331.500515374051
331.5490166421956
331.5608187365804
331.6051349419201
331.6429430607232
331.65901982565316
331.67548225561774
331.8357341442965
331.8519645389208
331.88552686029897
331.8941194693701
331.9190697583133
331.9733881154718
332.0304533274319
332.09575189770925
332.1278451900978
332.18758026983005
332.28105785373117
332.27871833769905
332.3081507951367
332.320095369278
332.35532555078225
332.3717823307511
332.41732946354455
332.41972720532686
332.43360248873114
332.4441566475716
332.50118679215115
332.538852649526
332.559963660016
332.569921166046
332.60215291760466
332.609772007352
332.6163458365407
332.62155141208643
332.64692610105294
332.66583186939005
332.6979720808498
332.74755991293875
332.7374662177322
332.7526244298588
332.75447859327323
332.7589962077862
332.833057958746
332.8456886081387
332.84498808701824
332.8701592422907
332.8573736183659
332.87179075962723
332.9221301462897
332.96970313436015
333.004712076843
333.0357564856379
333.0557416728453
333.1208483000182
333.13535584320374
333.17916380144715
333.2061454824788
333.2267068909435
333.2719419823905
333.27496264437366
333.3660724202292
333.3833696513302
333.3875158330479
333.4087948630924
333.46139229126646
333.5748652900626
333.6184566435374
333.65141595565746
333.6781895843321
333.68992118319574
333.78438232148886
333.7868566879075
333.84632560368584
333.87692442491476
333.935685317606
333.94818208124013
