with mode=3, handoff cost coefficient = 1.0
297.65924167774756
298.54635706305925
299.39224198107297
299.76384804574883
300.1681785625404
300.5555894051128
300.5395281410555
300.9251988960868
301.33001185286565
301.41632943954386
301.71041925055584
301.68912348337375
302.41918501044455
302.6503850808504
303.29678353364693
303.27125759525035
303.3261652665934
303.3239045122814
303.32463693157337
303.2953483963199
304.3131636046552
304.32768442771663
304.4376952128676
304.4544633112253
304.4855153242402
304.47427885658936
304.7865544574123
304.81331591867365
305.10088121468726
305.13216344671986
305.1656652023226
305.18419782697555
305.1943788026416
305.2115783445829
306.43262596492394
306.4175153916255
307.19307186210943
307.16129251261384
307.14888144251626
307.15049194308926
307.15049194308926
307.18616378764375
307.1986184095522
307.1950198553179
307.1950198553179
307.2005630116292
307.2005630116292
307.20990983161096
307.28695167937684
307.26807677375444
307.4519316058722
307.47622290836455
307.60914109371316
307.60677568345875
307.60389680875574
307.6167908441574
307.6409981801353
307.6673804421274
307.89135774366036
307.8851444453477
307.8501481741324
307.8146584987042
307.8146584987042
307.83918827727746
308.2142687364076
308.2438883986925
309.0289835820573
309.7739413857497
309.75015920932316
309.7497835874967
309.7855659631693
309.7975009537957
310.25115246820013
310.1879912383148
310.46008759569185
310.45983873840663
310.49094371849327
310.57820094538425
310.57941788881226
311.60846970158144
311.7164458587562
311.8999660485863
311.90534074034974
311.88842726095675
311.9006028030672
311.9555402611117
311.9756683843991
312.0217388323191
312.6615598847154
312.65238260355807
312.6389931674168
314.66863721487954
314.6226349859419
314.7062396166173
314.8191805074375
316.2882311896811
317.2198533269013
317.19228726021095
317.75664981842317
318.634966124544
319.4971881853551
320.4601229167674
320.41645172506543
320.43785739958577
321.53891388323154
322.1682900798895
322.3742129911518
323.22709482160843
323.6942752128893
323.66770392075796
323.78860199884735
323.883270340026
324.703957914694
325.36369999463415
325.39372569926985
325.44120886026
325.32549740382274
325.3385682628795
325.5974489835366
325.815262453436
325.9316436223573
326.02479946410824
326.0256771302825
326.03857497624745
326.0607995540345
326.0865361397204
326.1423847362525
327.0849886337932
327.08619799087097
327.1645207211397
327.2992395248192
327.3183397483864
327.96073623754705
327.9942401266576
327.9681609001411
327.97470723968735
327.97817234458023
328.07129427154337
328.4489475504887
328.88560715555786
328.94017555106416
328.96121261770395
329.0103866756401
329.0083108105896
329.15787951475727
329.50354791020396
329.5111790606873
329.53236721138217
329.58555278258063
329.5881077131596
329.6029786532655
329.68051246009753
329.67924618169934
329.6706748989798
329.6071495918284
329.62828966109265
329.62828966109265
329.69692234166644
329.6901769780887
329.7588433326855
329.79361664773114
330.1345281383194
330.1346612227014
330.15493622467795
330.17447806833565
330.18548483571146
330.1614629072501
330.1614629072501
330.1750139853249
330.28663798422457
330.27738709663066
330.3872076274531
330.3510207996183
330.3530567182641
330.480845855988
330.7124259585052
330.7205766321544
330.7144084248445
330.71422275283095
331.0529175193673
331.08956980704136
331.10708966595917
331.26541581072985
331.28241347997454
331.2919618013755
331.3888273589084
331.43077746103654
331.4214651959
331.3838423579937
331.39214695450903
331.39214695450903
331.4091910150251
331.5009233978811
331.51107686807427
331.47843959069564
331.5030166121599
331.9525711207631
331.95460112205717
331.9663804893678
331.9801990674837
332.12455920392915
332.20276258143133
332.3168667732868
332.3276436363058
332.31997272477594
332.3260754021436
332.35320296713326
332.5049360775055
332.51033311199006
332.537307803425
332.57793546780516
332.605194351106
332.63618106418573
332.6560332503132
332.6527558301073
332.7534274235894
332.71306953241077
332.73785841126914
332.74438595974834
332.74438595974834
332.7836863442476
332.78961527256655
332.7849084563373
332.7849084563373
332.7849084563373
332.7849084563373
332.80190282436587
332.7972923031089
332.8019476451597
332.8019476451597
332.82074639600813
332.8147533965474
332.9659999609011
332.96447758671064
332.9627923871694
332.9633813550286
332.9685310145835
333.22097456817056
333.24917550394747
333.50473996227714
333.5676078039506
333.59614759255146
333.66340847244754
334.1825552829816
334.183021627174
334.20177189710546
334.2102463410936
334.3474556219107
334.3381713923878
334.42000886389206
334.53963870402714
334.54383517749886
334.576758674372
334.59330006412074
334.6010046628844
334.6119320117464
334.6113677841323
334.6137480190631
334.6214550202892
334.63332691744836
334.63665137732073
334.6438975279983
334.6333845621158
334.6633837835212
334.66326949937434
334.6579222957813
334.6494153731869
334.6494153731869
334.7730076357474
334.77898083664786
334.80873208408286
334.7992950678581
334.7882181336564
334.78500143670874
334.78500143670874
334.81784853749707
334.8147429551774
334.81301350935905
334.81802360099766
334.86184568270005
334.86422897231523
334.8674794203305
334.9168168784189
334.9106160681397
334.9157778461481
334.9206898323505
334.9206898323505
334.9206898323505
334.9438971473628
334.94673565203357
334.94909350259707
334.9521574563148
334.9521574563148
334.9521574563148
334.9521574563148
334.9521574563148
335.00220264587415
334.99601000197185
334.98693120897235
335.0219451566191
335.0215849558032
335.0237979756014
335.01657760131934
335.0270820854293
335.0265026985238
335.06922378652865
335.0705256417375
335.08525608936395
335.10958556771544
335.21995576104905
335.2276451476436
335.2200129913189
335.26968038990873
335.27244897776825
335.2745100067705
335.2752352362917
335.29277342571794
335.2958683802777
335.2903127333628
335.2925917309265
335.29753083504914
335.29943060436585
335.34037762879257
335.3291052036878
335.32341463579627
335.31405725228745
335.32698837811444
335.32698837811444
335.32698837811444
335.3611824841086
335.3496183458961
335.36121159992757
335.4711249931015
335.4675529225644
335.47932594474617
335.5102208896302
335.5184148842481
335.8994659454228
335.9090403667002
335.91050896445216
335.9115718493129
335.9186002785175
335.93177095173496
335.93177095173496
335.9282238182991
335.9309967798833
335.9309967798833
335.9365738397146
335.9485315787801
335.96818914280334
335.972307420356
335.9600840277208
335.96083387555467
335.96083387555467
335.96083387555467
335.96083387555467
335.9642377528567
335.9680128174619
335.9680128174619
335.97160500226806
335.9839947296501
335.9786454109899
335.98237050640626
335.993817095075
335.99206767349494
336.01627631034944
336.01629755988904
336.0133932175787
336.0135867907287
336.0135867907287
336.0135867907287
336.0217198745088
336.03419004476035
336.0300441390355
336.0326171697387
336.03299298467016
336.03874385278044
336.04151904899015
336.0535095089107
336.06511020442844
336.07368165355416
336.06203136522504
336.0613581685922
336.0613581685922
336.0613581685922
336.0703931120033
336.0703822572054
336.0764616871459
336.0764616871459
336.0970073529218
336.0932492854548
336.09585303054547
336.09065288651124
336.09065288651124
336.09065288651124
336.09065288651124
336.09065288651124
336.09065288651124
336.09065288651124
336.09065288651124
336.09065288651124
336.1471367437439
336.12743843924756
336.1415930522926
336.12893880216876
336.12893880216876
336.1648856809055
336.1649390518576
336.1603331624458
336.157244233277
336.157244233277
336.157244233277
336.157244233277
336.157244233277
336.16657732166493
336.17108005601517
336.17330115844334
336.17330115844334
336.1754228483313
336.1747763535452
336.1952059498334
336.18837472635107
336.1829818700188
336.1798887910779
336.18354787622843
336.18354787622843
336.2531673293344
336.2510729586975
336.2546162111198
336.2574414495409
336.26291752836016
336.26027475604684
336.2614194082552
336.2614194082552
336.272778778576
336.27357230891243
336.27932222118943
336.2788862040861
336.27900826618054
336.2795635183546
336.2795635183546
336.2795635183546
336.2795635183546
336.2795635183546
336.2795635183546
336.28343122574745
336.28343122574745
336.2871985489621
336.2941338060423
336.3035458845054
336.2962456362477
336.29683420583257
336.30318416156905
336.39063234838966
336.39506320292776
336.43570884165507
336.4285856220217
336.4247370923406
336.422907074727
336.422907074727
336.422907074727
336.422907074727
336.422907074727
336.422907074727
336.422907074727
336.422907074727
336.422907074727
336.422907074727
336.422907074727
336.43393844698534
336.4377440361419
336.48823810127936
336.4989176987887
336.50167103948877
336.49470547831424
336.4969664006721
336.5309936868288
336.5432190320253
336.58647097505474
336.59476547000173
336.60028919999576
336.6027507352598
336.601092273671
336.601092273671
336.601092273671
336.601092273671
336.6185170875013
336.6186074150406
336.61567187068727
336.6160368581781
336.6160368581781
336.6202431493732
336.63854532410426
336.64585896742403
336.6528301365204
336.650234996181
336.6634432370267
336.66364540134407
336.66286916644043
336.6669543309791
336.6668644540999
336.6727983966099
336.6818166122132
336.6749624390346
336.6775697317293
336.6765562249725
336.6765562249725
336.68000700996197
336.7364895471786
336.73325400604733
336.74000064313475
336.7374909311842
336.7374909311842
336.7401792626489
336.74582613924764
336.7440871536907
336.74666669222887
336.74666669222887
336.74666669222887
336.74666669222887
336.74666669222887
336.74666669222887
336.74666669222887
336.74666669222887
336.74666669222887
336.7504646652469
336.7504646652469
336.7582975841336
336.7591719712051
336.7591719712051
336.79625310510846
336.7934013257382
336.788880822759
336.793283770067
336.8300522439474
336.8200260217441
336.8961414436681
336.8883735232621
336.8867846249522
336.89265219671756
336.89265219671756
336.89485617765337
336.90270891455066
336.9005233958536
336.9005233958536
336.90044606268503
336.9057611226649
336.9057611226649
336.9057611226649
336.90808961606507
336.90808961606507
336.9229655112866
336.91843772187696
336.9692122238276
336.96684127289143
336.980624244458
336.9762568174992
336.9796573432675
336.9796573432675
336.9796573432675
336.98098897053137
336.98098897053137
336.98311419406565
336.9945895321477
336.9921820698663
337.03810447655127
337.0336691940423
337.0817151485147
337.0807581480614
337.07715478279243
337.07471799956915
337.07883703250417
337.0870596070534
337.09031004143975
337.09231303198345
337.0910082415483
337.0934359606685
337.0934359606685
337.0934359606685
337.0934359606685
337.0934359606685
337.0954521289706
337.0954521289706
337.0990857146481
337.1017081155909
337.10233070713144
337.1368407647149
337.12863917895703
337.11718915481697
337.1194856813238
337.1194856813238
337.12417800184033
337.12624002820917
337.12838426683334
337.12838426683334
337.12838426683334
337.12838426683334
337.1319114036908
337.1319114036908
337.13455782561874
337.1423260520499
337.13941288435603
337.14443556298056
337.14871783963224
337.18088402095674
337.1872923573223
337.1877826648145
337.19332555405066
337.19325459511884
337.1968224426676
337.20322765917666
337.24417000191823
337.24381109481084
337.24077846717233
337.24099954593925
337.24099954593925
337.24099954593925
337.2463146825468
337.2480619949683
337.2480619949683
337.29528641876647
337.2995738328721
337.3061165311536
337.3047756788025
337.3047756788025
337.3047756788025
337.3047756788025
337.41252702662246
337.3983536013585
337.40502860499487
337.40954030108423
337.40954030108423
337.4045745246316
337.4045745246316
337.4045745246316
337.4045745246316
337.4212207070126
337.41513696689105
337.41513696689105
337.41513696689105
337.42178436508595
337.4229430733725
337.4266465275539
337.42605029364137
337.4296323208008
337.4296323208008
337.4296323208008
337.4296323208008
337.4334459279291
337.43500410159476
337.4363593118681
337.43992885851594
337.4425224426508
337.4399239050215
337.4399239050215
337.4532673305938
337.45425403159817
337.45772337594013
337.4574088158801
337.45929918462974
337.463920771759
337.4708619978317
337.46524543326717
337.46388936862553
337.46388936862553
337.46388936862553
337.46388936862553
337.46388936862553
337.46388936862553
337.46388936862553
337.46950129334294
337.46965341001425
337.4703237038768
337.4703237038768
337.4703237038768
337.4703237038768
337.47683191800735
337.47557507867685
337.48789423511226
337.48650081057787
337.4871892757969
337.48543491523645
337.48543491523645
337.48543491523645
337.4893700953648
337.4893700953648
337.4893700953648
337.4893700953648
337.4893700953648
337.4893700953648
337.4893700953648
337.4893700953648
337.4923426995619
337.4923426995619
337.4968703649186
337.4975603214785
337.49718312489773
337.50051798478563
337.50051798478563
337.5020780182527
337.5020780182527
337.5020780182527
337.50753321167184
337.50889783811823
337.50889783811823
337.50854077821754
337.50854077821754
337.50854077821754
337.50854077821754
337.50854077821754
337.50854077821754
337.50854077821754
337.50854077821754
337.50854077821754
337.50854077821754
337.50854077821754
337.50854077821754
337.50753321167184
