with mode=0, handoff cost coefficient = 1.0
297.65924167774756
297.78532624420416
297.8324603664525
298.10444821916593
298.1006152452763
298.2758042739063
298.27165146828196
298.27054505019237
298.3198819174321
298.3714625673384
298.4854500399767
298.5442403389147
298.49391000983854
298.51730016473164
298.5267313061492
298.69919440987593
298.60563394203797
298.62827748805773
298.7945019454094
298.97986577370693
299.85731417116784
300.03016132403036
299.9826921362187
300.01354292755536
300.1387579650716
300.25199109549385
300.32140884331966
300.3160471478355
300.7007734680392
300.70394038975274
300.70563552579137
300.76601121992826
301.13505521207003
301.15236850281684
301.1682325939374
302.0792477335125
302.08291150438237
302.42758831984577
302.35876231824363
302.81929409414926
303.1071793366001
303.11056978235865
303.30068954519066
303.35026544173166
303.32955424777066
303.3321671890535
304.11669805204053
304.55596044930104
304.5673402453323
304.57260286881296
305.01304669012035
305.04075526711773
305.3154934578691
305.33010796263846
305.329025420294
306.1019647824179
306.0192088402853
305.8683850936782
306.000634895792
305.94372468255585
306.32173077986425
306.3328126436436
307.0247485418732
307.1839719669805
307.0913881987744
307.14527818998806
307.116308343134
307.6149463749124
308.0292987594064
307.9777677240825
308.3055225204402
308.3055225204402
308.3650300464579
308.457975966574
308.4935262953272
308.48093633077997
308.4784701077431
308.3697683332891
308.45993880877774
308.56880051001997
308.6485909522067
308.74425685235224
308.77189389860314
309.2417721877706
309.2371407590184
309.5242339266659
309.5526811412096
309.63407685697723
309.726467407021
309.739892832351
310.08932528902733
310.08932528902733
310.1203121851246
310.2878227565951
310.70676347208746
310.7352636976739
310.699007943756
310.6954146301304
310.7122289334961
311.569282419148
311.6126800207526
311.78288947933856
311.8161024951059
312.13251478087193
312.3693495357795
312.4166920321207
312.77320493246333
312.75039516671274
312.77440747289256
312.84475507138865
312.8299584146681
312.85584463347857
312.8598696219171
312.88839914992343
312.8979677063393
313.0036792239333
313.2139873548796
313.18448898545665
313.1406095270397
313.2225038097222
313.22579184856806
313.51456712338063
313.599224655099
313.66890789451605
313.6636429872174
313.8917722734718
313.8918612024553
314.2731816274226
314.33131487626196
314.2601261958021
314.2601261958021
314.2318420154114
314.2246009861862
314.33131487626196
314.36319571226824
314.36319571226824
314.45111516007285
314.4835486218627
314.4864759388736
314.5152620764102
314.5128749933235
314.58669902865233
314.56864950394515
314.97068529050387
314.9344149463186
314.9755451070294
314.97586736216414
315.00858440622875
315.0044850432599
315.4062483104061
315.4062483104061
315.428205059774
315.424839978418
315.4822554472692
315.49570252475957
315.55290732594534
315.55299612470833
315.5760960641762
315.62606943835857
315.6300529308659
315.65309617562815
315.6313722852879
315.6313722852879
315.6409098851122
315.6439746399804
316.06653838396113
316.0765860731978
316.08056326422326
316.09093139812234
316.10888463170846
316.1238598828725
316.13903014772706
316.18191659762164
316.22412839108586
316.22693681409964
316.2637343029532
316.2625339041878
316.3572800463286
316.3577884132072
316.3733271421732
316.383087296706
316.3767269563869
316.3834865581689
316.7390115630615
316.8488843795838
316.84065811953343
316.8471628294447
316.85288548666074
316.9734916881512
316.9734916881512
316.97538856540467
316.97538856540467
317.1041707156649
317.12825320503373
317.1629191368206
317.1709467257812
317.1489029714643
317.14137793007626
317.1449592557209
317.2637613688785
317.26709259001393
317.28935053040533
317.28935053040533
317.3288464554788
317.54575884190183
317.61556431530954
317.63555080342996
317.78558707948116
317.7865688444926
317.8821565022465
317.88893966680416
317.8894006627127
318.09926331793986
318.12163627142644
318.1407286794341
318.166472543048
318.55753429519535
318.556731605095
318.5646489986765
318.56534226776967
318.5583707386105
318.572424539381
318.63070482409773
318.6295977193448
319.0415274263372
319.0439041409671
319.04819773045017
319.3858808770351
319.37221771588065
319.38165395254623
319.37958778088114
319.3786799806101
319.4830060737021
319.48364109978235
319.4875685127885
319.48353139291874
319.637281171039
319.61752132882555
319.8570410176754
319.98133885156795
319.98369982389033
319.8715123000822
319.8955206663638
320.03294465336273
320.03922757512436
320.0475475578493
320.0418490258383
320.0517431463424
320.0582625098762
320.0589156900292
320.0501928639006
320.06908398342256
320.2524428477724
320.2496921047954
320.27751565356937
320.27751565356937
320.4076154170333
320.44174664029845
320.44203043383743
320.4422395423783
320.5373674959567
320.59917024755083
320.61001842352454
320.60514225918774
320.70339771045934
320.70339771045934
320.6958056087686
320.7113366688437
320.7703432321307
320.79011249821775
320.7893638908727
320.92781501418426
320.9101133849989
321.0195297477501
321.0189391384725
321.0444741684701
321.0815259405902
321.0815259405902
321.0817014575596
321.0872277767824
321.131996923341
321.1467930732853
321.2522036719101
321.3113000710941
321.38883033295167
321.42277050156827
321.4254354197968
321.5295681876263
321.549826216487
321.57210573952193
321.5798394947411
321.57019669245454
321.6035140747851
321.70411726192935
321.70990813235653
321.83824456927357
321.86226688866054
321.8515182104298
321.84907415861244
321.8563818238939
321.84648420065815
321.86226688866054
321.8678013682326
321.89232421454426
322.0015062433163
322.00153320750195
322.04048333486213
322.03874974868353
322.0424550503465
322.0561169961713
322.1023819002084
322.1023819002084
322.27626223918503
322.28780187743394
322.34464052346414
322.39145201276995
322.39693600400693
322.39693600400693
322.3967144206427
322.4131608091706
322.41890033755965
322.4223213087504
322.4252431198215
322.4385993189343
322.4334186550601
322.433523192453
322.4350735823673
322.43522817432034
322.4719337011075
322.48535469042156
322.5894890925617
322.5825218680178
322.583573611528
322.6111227323196
322.6158708953931
322.6164834323502
322.67731659160074
322.6933052198738
322.7013009479892
322.6971234323335
322.6957034456552
322.7053806332604
322.7053806332604
322.7061952333
322.72217281801085
322.7208960410443
322.72188587166704
322.78044605685
322.78057835070575
322.78085343053584
322.7832489954115
322.860647694862
322.8549211673866
322.8565314519904
322.85844315494677
322.8583737017177
322.92683292363404
322.95216758057404
322.95233752821457
323.01149576130666
323.03721012141654
323.0397518284114
323.10130989672336
323.09814052940015
323.1509041068112
323.1509041068112
323.15743843334366
323.1564001172857
323.1741120968725
323.1735821871352
323.1749507394631
323.1754650373443
323.1769772380903
323.17857555579513
323.2420521449771
323.2424322604367
323.24778701540345
323.2550908771486
323.2998152133527
323.30044744982655
323.30553256223544
323.3629609668927
323.36478430322694
323.3651809746919
323.3722184884363
323.3703154053732
323.39733067029306
323.39749708008424
323.4030863910043
323.500021239369
323.5225631853253
323.5225631853253
323.5342668702438
323.5342126014575
323.53869421220617
323.5407700481478
323.5487008480192
323.5522608467957
323.5537970498035
323.5538071126297
323.58390532739224
323.58146246191194
323.5902243236745
323.60755845616103
323.63025230546907
323.6307372753078
323.63338392558086
323.6349481564586
323.63353352932955
323.63382483395634
323.63382483395634
323.64316268064505
323.64573447593506
323.65031199995957
323.66014225946486
323.6628882847195
323.7393535623326
323.73915735468984
323.8213291564568
323.8213291564568
323.87323359818384
323.87476898351156
323.90385859375016
323.90385859375016
323.91098242273455
323.91071998696606
323.91630857969454
323.9164052077904
323.9992907698004
324.00361853884016
324.0037689987188
324.0161348831282
324.0266584165034
324.0266584165034
324.0348348763457
324.0379058967706
324.03596233004754
324.07571522294444
324.075743480275
324.13815914616515
324.19278432017563
324.1890224157057
324.2822587165854
324.2856344772848
324.28460886083934
324.2861279970364
324.27995038478446
324.28086205379486
324.282602441432
324.28460035669946
324.3074320914031
324.3077902290724
324.3061679044088
324.4734497453346
324.47364160915936
324.47469408485483
324.5220717515254
324.525738558191
324.63471835336685
324.63126263105306
324.6328326195077
324.6348284120424
324.63651618303334
324.63819666440435
324.6678475663204
324.75953273223143
324.76232516739606
324.75924083130326
324.76455165932737
324.7673056869913
324.7718736608264
324.7727581527555
324.7735067799214
324.7735067799214
324.77359653921997
324.7793425078674
324.8329284475891
324.84888132624275
324.84430882432576
324.8536456960445
324.8521191440759
324.84411666098123
324.85740304401014
324.86224473844055
324.86224473844055
324.8646756233609
324.8666019656622
324.8644207042496
324.86451716530473
324.86865115464406
324.86905620542217
324.88403361365647
324.8931483035146
324.8926471469375
324.89583573065033
324.94679975160733
324.95912156992205
324.96002659279134
324.9616471287391
325.01397388201036
325.018606365498
