with mode=1, handoff cost coefficient = 1.0
303.0895161914023
303.34452870139893
303.7548306730294
304.00424550400703
304.1746139849663
304.4391446919181
304.5226543253196
304.66222313913516
304.7048278133131
304.80967966989033
305.02506594639357
305.1343995072899
305.1458894596313
305.2910080784428
305.43468855967035
305.5855925808646
305.6222540867514
305.7581414333807
305.9689793589988
306.21632365617785
306.3642285164453
306.6030924060484
306.759867366441
306.92402323878764
307.01627610688087
307.12602472949027
307.196332818555
307.39057219798883
307.5060065490931
307.6610653719247
308.0172354156896
308.2124912101893
308.50644266326947
308.7282407554903
308.8367966060343
309.0455911826473
309.20262197168336
309.25865345674225
309.4932889082702
309.6881361556017
309.78696812335346
309.96336137353535
310.257000541307
310.38884016744
310.7044603573922
310.80755257725855
310.9432353881186
311.1495230466153
311.4350612293426
311.6470928520301
311.88029755741474
312.1671533914714
312.2653018002228
312.4301191686958
312.47371411972694
312.49463146487005
312.6329020934671
312.808733748411
312.8795249735196
313.07416109456875
313.2533379322642
313.42665003970495
313.4947801189375
313.623464747126
313.81693689194776
313.95550803151843
314.14467768457007
314.1731429443255
314.2126516725366
314.32773158791076
314.42289133335737
314.76750529279855
314.8540236829986
314.9220759902933
315.03792122755374
315.24641375430895
315.40845291823734
315.51234721149604
315.56490283327537
315.6102283380179
315.70492727564175
315.7377948807295
315.8156244723994
315.9364145979318
316.0215317293242
316.27702767524164
316.30848785383387
316.39959691706713
316.54370025233635
316.83133108053687
316.9242706786738
317.0488762508601
317.21829861560764
317.3645162999652
317.45021682637594
317.60172507763855
317.8414762550741
318.0080686520256
318.0586897208135
318.2737063826304
318.4101653888537
318.4715393456712
318.59151559022735
318.62632137992733
318.63298973933144
318.65356833442524
318.8850575945071
318.9399733454761
318.94078511095836
319.1144449622256
319.25236209587274
319.3523879074132
319.5652706463231
319.6439289192316
319.76359939276415
319.90163821406964
320.06477326732977
320.2492914112654
320.36668997778537
320.56729858757467
320.6272859546791
320.6549474886004
320.9171363159845
321.07488298311847
321.1385559050006
321.24183572672314
321.3497204122791
321.4753533262066
321.49398704189986
321.5366991180406
321.60794180372625
321.72348294834393
321.7264657254613
321.8262076074178
321.9042648385901
321.9629136989979
322.0175408194333
322.0421064916446
322.0958693466217
322.1435120776289
322.245212538173
322.25287598171786
322.36450498065403
322.5442333791842
322.62303136778047
322.74402043842116
322.76449783465756
322.8791811520762
322.9050863966976
322.95119203812783
323.0559538229217
323.10683507750326
323.11813267890227
323.11046831938313
323.22394666463777
323.354106933
323.4690114942337
323.5715525160612
323.6372454510725
323.71923565544125
323.80205144590445
323.85798144093906
323.9240883425773
324.035134449578
324.05246823280334
324.1018567930799
324.1066443911639
324.2974866390558
324.40693433256376
324.4233349924759
324.7671994014705
324.7786099478817
324.7765439483184
324.7939084252413
324.79698285519714
324.87963663213515
325.04731173857516
325.11631983560216
325.2674357000346
325.3925307145364
325.57022861204854
325.5968193123421
325.7497985303519
325.9488745053472
326.09477649251676
326.171450169707
326.35648467613186
326.3468316056287
326.46654194013524
326.4655559421117
326.5120614118738
326.5857564622915
326.659931202776
326.7132195348256
326.7722375352173
326.8236985090401
326.82891043412707
327.1079857028404
327.2514893225328
327.26529266465997
327.33525064637683
327.468604783914
327.7142641106212
327.75405820162655
327.88127311948176
327.9431089049512
327.9269374604927
328.0386565694518
328.12105256206814
328.2099304802006
328.211715676198
328.311459676006
328.32384793447204
328.44234919220145
328.4885175326558
328.58525982329917
328.637233038709
328.7666431457243
328.8419321592142
328.8747923902631
328.87373649157036
328.89061779155537
329.0025831487137
329.0480583114821
329.1346786553222
329.15952832918407
329.15743075883023
329.22516812289393
329.28922199736394
329.42092648175435
329.53374929787753
329.6026292574286
329.6387309130887
329.64647295731896
329.6534881487668
329.68697604494525
329.7775241262914
329.7837223101015
329.87846887861247
329.91344364178144
329.95611493738375
329.9647511104561
329.9840294942341
330.0504412157754
330.134120967985
330.13406898738543
330.13196548385946
330.2072651503079
330.3414052432498
330.37036750550396
330.4528980914509
330.46516753441824
330.6155202346709
330.72268508346707
330.87456897054074
330.88966737721955
330.9244080543641
330.9784044652363
331.1412339596946
331.1799812580019
331.2518045499377
331.2906690927178
331.32817169344037
331.3607543717357
331.3580473127151
331.4185247548566
331.4306632810667
331.45824726249253
331.51570689661787
331.59057941670557
331.59274753033594
331.6717203770586
331.8343146607849
331.91474841877215
331.91848091081414
331.92107556698227
331.9822020141693
332.0432717623648
332.06566989554295
332.0669147829038
332.0530657673918
332.163631656565
332.2698913567993
332.38257717599066
332.41297550275243
332.4548961525542
332.45536557817667
332.50360989257024
332.57782542361036
332.6583500750726
332.65559013111806
332.69151529994394
332.7797170204505
332.83212374892605
332.83707770295655
332.93695969815786
333.1252850278049
333.12535704708563
333.11881289541515
333.1753348774214
333.17031257080055
333.1784470187989
333.22073011955536
333.4091624637337
333.4044865188208
333.50818361571686
333.6803139403515
333.731060334113
333.8189978931067
333.89761658668084
334.0022245151436
334.10393616994236
334.1136147114191
334.1144723732755
334.13165302213616
334.23799696076816
334.2839416167708
334.28782268532484
334.37562799448995
334.43166903803944
334.4923047583075
334.4892410694536
334.5981029882672
334.605780855161
334.69296192084187
334.70752885137176
334.74729864213396
334.75938949312985
334.7757999227177
334.77333510310206
334.8974950456044
334.89962242668673
334.92334639177943
335.0308370683549
335.0639844664355
335.0626042929465
335.11029838091804
335.17934169520464
335.1749297328176
335.2844141178211
335.2866034554565
335.3523039101273
335.4294946013023
335.4744585057364
335.5464365574239
335.68552965125394
335.7085817855731
335.7542749287259
335.7680450272616
335.78379840942296
335.89994088361755
335.8940050105623
335.951758382754
336.02127803947985
336.072517365226
336.06493554064616
336.10497472990573
336.1451080162698
336.1607064449147
336.2025061736483
336.2005655043447
336.25651032617327
336.2864666019545
336.30047762768817
336.30000450021913
336.3034964416344
336.3747401710564
336.37929095875194
336.387135018018
336.4170235281018
336.49013099536137
336.5632397549225
336.6168536652126
336.6220634795973
336.7559005912022
336.7865259727292
336.84829846179304
336.8905495556629
336.94817120622105
336.99878302068885
337.039618153704
337.1185253766627
337.13201471784544
337.1274633744403
337.15977761278026
337.29192028863383
337.2939596591215
337.31322374807706
337.3166793099658
337.4054329915461
337.4398815906448
337.46532097788423
337.50242800993607
337.52764657358
337.526380077296
337.6426394799255
337.7747422203229
337.840621271058
337.8456261038216
337.88363738838655
337.9441969441172
338.0168658660449
338.0459230958001
338.1234393434667
338.1525509262977
338.16278127590226
338.1863790911786
338.19070781226026
338.1953695147452
338.3148574461682
338.34966947362756
338.3861329316699
338.4225841118683
338.47330507202315
338.5706004713041
338.62381351271955
338.72410619171023
338.7963687797397
338.825135414475
338.8219184183519
338.83964050997423
338.8666542550173
338.88874064770744
338.8971395799572
338.89473381357027
338.98113097965893
339.0104676643606
339.03199414720643
339.06077805214767
339.10478983948
339.1928910330469
339.2198265002906
339.3072396708127
339.3204643010835
339.3136652194864
339.46141046320173
339.4772200004789
339.5730905163106
339.5722859408323
339.58073093598233
339.5971660035765
339.6095355142319
339.6129485610862
339.6238095818131
339.71789586826304
339.82622693969375
339.81382648273217
339.8582493826251
339.90449444795235
339.950826152671
340.032833911005
340.03059439782186
340.06310081031995
340.2046556600331
340.24291371170347
340.3021745095203
340.3289597655354
340.3782376686593
340.4115269143718
340.4153491767698
340.4621685424444
340.4663920188142
340.51352600873827
340.52965762139553
340.5751988744774
340.65110962689465
340.69329811996664
340.7144217738242
340.7431019603338
340.81654746081153
340.8178841197628
340.84816430558936
340.86686588031085
340.89636114407426
340.8997024970703
340.93466720387437
340.9322800807033
340.9448379541625
341.0395811049534
341.0949217896839
341.128279458809
341.2049450878129
341.2437627548436
341.2589151473181
341.311257800434
341.3164581916969
341.3454809749061
341.3577829073313
341.359673046186
341.3869876814287
341.4630147402759
341.4764503821785
341.56259321659485
341.6298441337026
341.62528815534995
341.633230574687
341.7029025152425
341.79174225648916
341.80807588296113
341.85126951304466
341.89598295137574
