with mode=0, handoff cost coefficient = 1.0
303.0895161914023
303.15029754835797
303.59738527500906
303.7415037807299
303.91478142616825
303.8960357905123
303.89798434691727
304.08954356537174
304.0863848960748
304.09024134295015
304.17353741517456
304.2964613078706
304.3267632169372
304.679428716608
305.24098632392315
305.43354598192906
305.71759330486947
305.9118727324579
305.9152250578713
306.0461474802262
306.05798764173954
306.0531073928076
306.9522608929695
307.08477869950656
307.13526039360556
307.3398121269716
307.52338455560914
307.70025410477575
307.6893270298424
307.7801034365553
307.9041322701198
307.95438837969925
307.9669159208916
307.96672605330974
307.9546547039951
307.97091741449503
308.01212231516234
307.9994474391887
308.11068071901377
308.0654217418418
308.467377916079
308.5901661959117
309.57521462381237
309.7021585282368
309.6868064789291
309.6523331150904
309.84083468918675
310.0585606112367
310.31992246469355
310.261546217825
310.3480351590069
310.3298517166071
310.33225282123846
310.344913870845
310.4849688466994
310.5056102377634
310.5288389803044
310.5033984204074
311.1712121782886
311.1712121782886
311.20868198574516
311.2124399162257
311.213422533491
311.3883976809711
311.6106697107439
311.6106697107439
311.5934248680659
311.57674551676644
311.58899330641543
311.616756574905
311.71545281127266
311.741576500558
311.7373071903314
311.9116428184391
311.89033343756114
312.089056983964
312.0615014282073
312.61127380645655
312.63115857045716
312.63727165610567
312.6661038403296
312.6661038403296
313.22085049960265
313.2246620793808
313.22099685561875
313.70595398458363
313.66545817281576
313.88892524050186
313.97655280849926
314.0159976321977
314.0156100597211
314.1241398821652
314.73094700099364
314.8178028053422
314.83371985744503
314.9215282266213
314.9328287736748
314.96365982391274
315.9804904241196
316.3228310620932
316.80699931080596
316.77822667572417
317.3118775306732
317.28759376846784
317.2270256064447
317.40768023478114
317.3669636690438
317.37142414150986
317.36172461044254
317.3723730546152
317.40768023478114
317.4118027646066
317.7818001056333
317.7818662945009
317.7909816641591
317.8072512975758
317.827813485177
317.8267593290432
317.82662200545826
317.83238577925096
317.83238577925096
317.81903732647453
317.83291012621976
317.8501577797742
317.8522359811655
318.32013254752275
318.5826870540499
318.5846736115454
318.57995001212873
318.58168120016023
318.6182848863095
318.62715031415826
318.62763986300916
318.62879549652484
318.6524642156303
318.6547268308295
318.7300376539154
318.82104396165846
318.8211870173252
318.9043118755251
318.9984750480509
319.0335054934626
319.0629257586082
319.06578514504724
319.04051071213604
319.0547995915532
319.3181051605805
319.32855624270223
319.32945890467295
319.34077433603153
319.34897404902244
319.3794287843047
319.37160690285646
319.370355323633
319.63615232332586
319.6611459947718
319.661175285204
319.68321964627705
319.70462329033484
319.8846185386154
319.9180984668735
319.91545505270363
319.91670663192707
319.9319255838177
320.3216818446725
320.3276998563689
320.32427706921754
320.30744854620843
320.34091794314196
320.34051066946364
320.65152543954514
320.6533855969921
320.71085133924834
320.71085133924834
320.81196627246106
320.77920286183354
321.1581892971615
321.15859629603887
321.1948847647549
321.2056321189416
321.2156490593825
321.21687342897917
321.2309477277747
321.2327144809934
321.2304272697208
321.24037527409706
321.2529093282732
321.2527567065042
321.2571553644584
321.2867310941346
321.2902964172468
321.5020835327382
321.50568609535804
321.49601235083026
321.80300906660955
321.80402905597265
321.80357910414784
321.8000492001392
321.79826490765225
321.86805015190055
322.0557769536324
322.0844786807257
322.2338320099748
322.2349646661066
322.2240203619914
322.4171803846272
322.41876388144095
322.4171803846272
322.3768364537791
322.6552401079922
322.6656767106228
322.83498173518933
322.868443764521
322.8303392709705
323.0978516152224
323.36514634987384
323.35401828057155
323.5846691990282
323.58485247126106
323.9565424476693
323.95645118251076
323.97936649379227
324.08796482288943
324.08796482288943
324.0980963982186
324.10119915769434
324.1387301986325
324.1530579411307
324.6052341467053
324.6495751208733
324.74153101896053
324.7853835252848
324.7853835252848
324.7940982817212
324.7947605594595
324.80975883460644
324.82821552258383
325.081385218649
325.1410483902655
325.1900364262505
325.1932044750962
325.2018735944026
325.2021981668669
325.2128989678753
325.2130753587338
325.2229870756418
325.2399099293051
325.2273642962991
325.22996269926455
325.21191280622156
325.34975242139217
325.34975242139217
325.35180017380594
325.36999367713486
325.3706466824967
325.37111481504945
325.4465152098405
325.8122150927061
325.84277240083935
325.84277240083935
325.8556955880693
325.97090297386393
326.2776123427452
326.2816457323239
326.32804180813963
326.3891914465375
326.3972793455161
326.4590436015497
326.46302176598084
326.71934819138403
326.92031283471454
326.92031283471454
326.9086002963371
327.1394994187523
327.1434123796117
327.15609536049817
327.1705032631618
327.1705032631618
327.17359666709154
327.22384285919077
327.2122809337531
327.20410832589613
327.20200448278837
327.3675406927258
327.36682433796454
327.3779144370202
327.3779144370202
327.42316806113047
327.42316806113047
327.4365537618644
327.4439131185565
327.52522221752145
327.55516974842294
327.5686110569238
327.5713689547882
327.5559577339989
327.5574033053319
327.54718649610777
327.5383654126172
327.5713689547882
327.71643539185726
327.7176800862572
327.7216409646882
327.80684763856567
327.9693627619117
327.99445693706326
327.99662927448355
327.9993401394393
328.1681843921466
328.16609191147137
328.2077505092907
328.3246380129319
328.39173852023305
328.39129331513817
328.39641544608844
328.3974145026274
328.39139211030744
328.44025925946585
328.4912554424634
328.50007611453833
328.53417073791667
328.5342899815708
328.5369281522877
328.5660367032756
328.5662253635227
328.5743034116468
328.66830253985387
328.66847219743624
328.6688434088989
328.6688434088989
328.66904487096804
328.6699385046613
328.670769616585
328.673332091204
328.6762100440196
328.66952701400083
328.66948678091813
328.66889333616086
328.6667965187399
328.6762100440196
328.6762100440196
328.6798260089696
328.7186544387799
328.72550554871646
328.7609614678051
328.76119077179
328.7605946949924
328.7607248030534
328.76247333038026
328.7643784371558
328.829384148239
328.8324661987522
328.8327260905235
328.883945817628
328.8865838998254
328.88666664743204
328.88797611626563
329.0037621161292
329.10345688001104
329.164573487517
329.16745141718917
329.1931952404345
329.24827311163403
329.2557613636467
329.25596290660104
329.26657507385386
329.2674542028155
329.2677865062063
329.31069165361924
329.3113257970455
329.3206248866852
329.32041294010486
329.37268070677874
329.4543917644379
329.4556172879892
329.45629906039403
329.49459713599543
329.5155127621388
329.51804476511705
329.5179451188929
329.51864273855045
329.5253598728937
329.54275423766705
329.54514748617817
329.5489345022832
329.55290488833964
329.5582931097809
329.564728762623
329.56477707082985
329.5649116408467
329.5827503394501
329.6313327087679
329.63435547165557
329.64004858234574
329.6408706476587
329.64125261614606
329.64368503383935
329.69257610380623
329.6933133821283
329.72736570639853
329.72963090055896
329.7307023715391
329.77700572164247
329.77970270347816
329.7802567728811
329.8157196530859
329.8157196530859
329.83002868226964
329.83031289785316
329.88043507409907
329.8854155105069
329.88676045379907
329.88676045379907
329.8866189613627
329.88867814975197
329.88867814975197
329.94112672271274
329.9502669046953
329.9503917765199
329.95331603988063
329.9552220399062
329.9554978643624
330.0142818267394
330.0142818267394
330.01684962096544
330.01853236034606
330.01896374823696
330.13477037794655
330.1369183763545
330.1682880016177
330.1789575305462
330.18107567206994
330.18988630798697
330.24575841660317
330.293852084812
330.38392027767213
330.3839712381679
330.3972913233926
330.3972843076951
330.3984879634228
330.40252701848544
330.4042002832202
330.4045051663756
330.4508292036841
330.4515286207452
330.49480393237525
330.4961902826504
330.4976024948173
330.50125861312654
330.51438587114797
330.5142679011683
330.51270293529717
330.51327760142533
330.51448354963225
330.63612427113736
330.6367844552374
330.63732670935485
330.6447253390271
330.64689630435834
330.64689630435834
330.6473527013071
330.6497360484608
330.718236007533
330.7195619181802
330.7210717096086
330.73993112790646
330.7404194729375
330.74055330460544
330.79449990970016
330.80068945982555
330.8007383507146
330.80257316884024
330.89384032988636
330.9660427547239
331.0028057900332
331.0036927969185
331.00367641193463
331.0061450594204
331.0061450594204
331.0060338251964
331.0070857143963
331.0073272838681
331.0084184509242
331.0086963569669
331.0535385251846
331.0880141211167
331.09510463487396
331.0947713879687
331.0945096986049
331.09511896588623
331.09496349007804
331.128207206294
331.1801049541557
331.1795745934959
331.1792829206396
331.2283042273934
331.2291792497448
331.22925809534763
331.22939924430017
331.2289079118986
331.23081393889396
