with mode=1, handoff cost coefficient = 1.0
284.05428328955577
284.1024945174432
284.23468050020614
284.3984929064008
284.51329678566947
284.64934417651875
284.7564989797992
284.9336365175686
285.15078007004064
285.26366215429084
285.33635821925577
285.4269032067328
285.6102782915345
285.78756141105777
286.1042308394165
286.36087191165075
286.62709357980776
286.70592605608755
286.85394544232975
287.0052505177838
287.1127377335286
287.4596432475056
287.50889984644584
287.6435412345948
287.8218231165171
287.91233386448914
288.15936481960205
288.36851238281326
288.52208603819736
288.6093887938149
288.7860278055194
288.9467942108131
289.055788003639
289.0792575384652
289.15281970164364
289.2507780829549
289.3758353910698
289.5543623664414
289.6744491110619
289.7370796908479
289.86232161308135
289.9421265027246
290.1269735797189
290.31871498778804
290.4757984973418
290.7100968151847
290.87680543148025
290.8939166349117
291.0165948456904
291.0770614677006
291.1701930676614
291.24264693537
291.37157030111683
291.4450232964603
291.5193055073701
291.665413344654
291.824585828774
292.0390768213647
292.2316484639228
292.3111920180083
292.45689781871806
292.56351588082975
292.7693994623626
293.0640800936022
293.1239572238051
293.2211606857731
293.37147588161815
293.62488495366455
293.6877784137813
293.91796998888674
294.11624045742116
294.16913861693575
294.27391902199616
294.3793054038531
294.54116662892505
294.6242911252926
294.7768029184609
294.82277750307986
294.94589318306157
295.06724777705585
295.177063281891
295.29794217485994
295.3433380321511
295.4290733430928
295.4985221864706
295.52126633113534
295.56830986023874
295.6782643849504
295.94779741381456
296.0762833040199
296.1103639733417
296.26020796555525
296.61072884349767
296.7187009019134
296.84647183734984
296.88563396828965
296.92462114392856
296.9820481675757
297.00491247765456
297.0839357843809
297.24050783336213
297.34346183400106
297.5174438131521
297.5651157865827
297.5834684038838
297.6319984568284
297.66663170451557
297.8142384976119
297.85283102559526
297.9158775356009
298.1404224543262
298.30071482958647
298.3431385999011
298.3404667818517
298.56086901411635
298.7627507869708
298.9470296222519
299.06511671193596
299.1698485312906
299.2331684799982
299.46014233320795
299.485393748334
299.5229744097469
299.6815912911891
299.76496779833013
299.8510823579889
299.9213112718957
300.1110439322742
300.14824887270237
300.2585493253253
300.49881092869146
300.62938257738676
301.0019301548893
301.0756970621719
301.1096318757927
301.17589037951296
301.31862403247743
301.4131906515543
301.5019023087684
301.68384458072
301.7633969109852
301.8397331321764
302.0252100133975
302.2230892773326
302.41625489249657
302.55694615730687
302.7421078603027
302.7606050186553
302.8175548607755
302.9359650911394
303.00575450332525
303.0817743707626
303.2747984103772
303.33736319264455
303.36808004808154
303.3972218257145
303.4603647486574
303.47128898226094
303.5267105593191
303.63056546328505
303.74072100459694
303.85238395170677
303.96817854152386
304.1039471573086
304.1521245447191
304.21955917183936
304.24921364833705
304.5105817565756
304.54187058998684
304.59674729884415
304.77852178957136
304.9384089156076
305.04918092321674
305.12169572122747
305.1471966653148
305.24241717790153
305.26474141592155
305.283086975471
305.37789297535124
305.55306502324504
305.6435785853856
305.7468638661056
305.77445287397444
305.8076042122705
305.9410253715647
305.9681690513719
306.0849579677332
306.1402421739263
306.15995074859416
306.1555823782608
306.21709793349
306.3654580848065
306.40312204108227
306.4818015159078
306.4881543115551
306.50405061660655
306.60524856249475
306.61555666297727
306.6295211782149
306.63405906563867
306.7140776555125
306.72369559081363
306.78568408518214
306.8057379036019
306.87090047506786
307.02181192850213
307.08892591063534
307.1346137835104
307.1546450078692
307.173995044899
307.3052458707139
307.33622330406496
307.3354319400202
307.3445936157224
307.4133126239713
307.5355953532022
307.5396051399323
307.6294023349601
307.7386023960244
307.9376035220103
307.99728704377594
308.1182399980514
308.209905749991
308.3693675896647
308.3989426736592
308.49613150427643
308.5568860868935
308.6502769581488
308.66933332887885
308.83273401692736
308.89958244021295
308.93268155987016
308.96414706060085
309.0505869512172
309.1276357165613
309.2257025292316
309.2751720872107
309.30733740668023
309.34760650422226
309.4335032915605
309.49249834698344
309.5185892099967
309.60231299299215
309.6772687239038
309.7066144158645
309.7144974904996
309.8064815679148
309.8778710659237
309.9862391396093
310.0616228624526
310.1391791229875
310.14919553523015
310.14926812768994
310.1840591009133
310.2468806860006
310.3051963071397
310.33131024263145
310.40327114007937
310.4652546927431
310.55124777500066
310.58566979755193
310.5971668496276
310.58460088141436
310.7046299274181
310.8393500729775
310.93083892074446
310.9422705324211
311.099080038094
311.1468900258728
311.1821877892943
311.18063864035514
311.2140590763001
311.28433093894046
311.3310147715462
311.3775666240665
311.39165147275196
311.5710417126635
311.6589145179448
311.6711161822318
311.7598205126114
311.77084339036185
311.8073271998499
311.8120570386913
311.95632775124255
312.0296207865716
312.12071542959467
312.1478958586757
312.2035031946526
312.23505851495486
312.2924361913774
312.3432111655796
312.3552527979718
312.42173535749606
312.58637436229293
312.58226034829687
312.58337971298397
312.61213097893665
312.65146766567534
312.71878912281556
312.749056138656
312.8042955712918
312.82646366509044
312.9232604273755
312.95338135377847
312.9813885000463
312.97994097113275
312.9852873801005
313.01394738144097
313.06035610492853
313.11599201725244
313.1476613200316
313.1865916426618
313.20593280183755
313.2032103024479
313.2005923941154
313.2809068190878
313.30422388435136
313.36433844481815
313.42117778450745
313.4860177358071
313.5154147174188
313.5613515297961
313.5989307290377
313.60205487100495
313.6046826509211
313.65052144385965
313.67989436118614
313.727973879895
313.77850327567677
313.80597371028074
313.8249725557562
313.8701453722269
313.8614823696667
313.9254088138692
313.95493377996024
313.96034288577835
314.04040167860325
314.0557325321891
314.05037498604247
314.16147830684304
314.2646711881068
314.40368772089687
314.52431359426606
314.5222842683373
314.553924330397
314.56362493890924
314.5721957917069
314.63500502764794
314.63814434043456
314.7357834019446
314.7339414606712
314.85623168848764
314.8567971414325
314.8828657012887
314.9362965056024
315.0379799229066
315.08040695801304
315.11041038499934
315.23299612847336
315.2755355625791
315.30907326572185
315.3835277082919
315.3695942717484
315.44798302896754
315.45376823432355
315.5561053099354
315.5970197786333
315.6901316364811
315.7068065117582
315.70353173594754
315.78489040450813
315.79481846828463
315.8417750616499
315.94162170220534
315.9803430947259
315.9778687067509
316.02738259590564
316.08203582626925
316.11733297704814
316.1479260407962
316.16209193103765
316.1631008042281
316.1876678391854
316.19515653437924
316.2145574244006
316.2535679409214
316.3279936341106
316.3797556259682
316.38420377259035
316.3827608230945
316.42223005433294
316.47074089064057
316.5168599840468
316.5515672438379
316.64841278940776
316.750952245379
316.77429761559216
316.8302748614841
316.8634630343476
316.94677501243507
317.0064209926673
317.00596728190203
317.0336813291543
317.05466539192173
317.0854882416087
317.17755358156876
317.18890012176405
317.21956414523055
317.2584086120898
317.3034060206287
317.3147553368696
317.36833577739156
317.37760971451866
317.4214329645749
317.45739546296414
317.46173082634624
317.4847114329575
317.5321361919879
317.54309969804234
317.58738228755453
317.60607435911817
317.6215166564927
317.61851319369356
317.6474491223502
317.6393862249014
317.6355552837871
317.6492602897362
317.6676113223007
317.685371369598
317.7011331578902
317.71966108044137
317.74839408150234
317.75040241987506
317.77962037597354
317.78011919422784
317.8514268232149
317.8657946812719
317.87202936977627
317.88868516069766
317.8840154682087
317.9369843511226
317.9504144075423
317.95470107102824
317.9855783317562
318.0029728263496
318.0507306454928
318.0587858169044
318.0981407614695
318.1248820549677
318.148205158836
318.1482256940374
318.15705845371696
318.18404255667656
318.1852773303568
318.21944907479826
318.2489709873636
318.2575212641952
318.2684636395942
318.27382621015704
318.27488857998395
318.27502489224986
318.3150637345344
318.33348199201214
318.38347307932156
318.4050897203703
318.4514464083858
318.46414497410876
318.5434087669616
318.55233927907994
318.5591837499437
318.61057994655783
318.6135256593454
318.6160945579279
318.6369320790721
318.6737371337438
318.6702309619371
318.6982077744874
318.74582459730374
318.79444886810614
318.8250427480396
318.8520110671907
318.8989351819942
318.9055304262384
318.92274656949223
318.97695539102057
319.0210960581059
319.04342463424547
319.08295859916115
319.11526764788067
319.11818189300595
319.1565669893951
319.1623959284499
319.18807911151254
319.2415350214905
319.2853237171494
319.3148133110917
319.36673930355306
319.3955075344028
319.3797705614063
319.38456181318475
319.4099718032873
