with mode=0, handoff cost coefficient = 1.0
284.05428328955577
284.1213626709585
284.1146809099247
284.6248468958127
284.62096477448677
284.94666314908386
284.82958363489047
284.8895592063013
284.91118783669424
285.00505895777604
285.39085194945693
285.56757202897273
285.6565567950999
285.68534790626853
286.4283221458034
286.2642952654257
286.27071383432457
286.53082492552727
286.498360189183
286.68001455977503
286.75748390621135
287.8002327485828
287.7738270642691
287.8234847715178
287.9838603954829
288.4723185807713
288.599273508671
288.6833924904656
288.6780936413413
289.1959253571599
289.21353789501717
289.21353789501717
289.209928502355
289.93298977619577
289.9343348614878
290.0880657584984
290.08667207374674
290.87528672579435
290.8964998825287
291.6160299108707
291.6050479128511
291.6253508736261
291.72592165150445
291.74144664008526
291.74290617743253
291.6809991887921
291.79149617049734
291.81058475278553
291.8654946411571
291.8647771023738
291.97460802357966
291.9921179616417
292.02473268068525
292.66757584070194
293.06316684947444
293.05347581620754
293.0851056901997
293.01283816282034
293.48065832649377
293.6471138914061
293.7677898624597
293.7662092276912
293.75044635134157
293.7685233598721
293.7596226432313
293.76007697319403
293.7569173511123
293.9539320725498
294.66952445905594
294.9796614608082
295.57158235797147
296.06151763955904
296.26178539054587
296.2635296288928
296.29084143717205
296.29084143717205
296.33192509300085
296.6129454954757
296.9014747731899
297.0851608703474
297.0899654353775
297.0919007210645
297.18997636238123
297.74574696231537
297.76228763868124
297.7842605776373
297.7971427511387
297.9475942614853
297.89178342574496
297.87597465414194
297.8316974881157
297.8113531373362
297.9475942614853
297.9475942614853
297.9443559634343
298.0031723505025
298.0099148593542
298.11184423586883
298.0988215520001
298.0850991322468
298.0879391279836
298.11095161241144
298.19540152477316
298.26298663432004
298.2647890440422
298.2847718683988
298.2929977211853
298.2918146552356
298.2918146552356
298.33374003676494
298.43455448618863
298.43785169853743
298.43785169853743
298.43715603882856
298.4364949433359
298.4367940444011
298.46966665402033
298.47179049504217
298.47766942205266
298.6405437031751
298.6564394976847
298.6503498722024
298.9162532310427
298.9158355392962
298.9158355392962
299.11497395899227
299.1749128048815
299.24558963106995
299.24831730295057
299.24303362378066
299.27493741822394
299.4839153817355
299.47988206509785
299.49553967770055
299.542069528835
299.6779405679902
299.97527846550247
299.9589468859295
300.15977562487456
300.132071250221
300.1248399563329
300.4098220680725
300.4179959462152
300.4193555880643
300.4243614139834
300.5821824615417
300.6390540892177
300.63871237301
300.63871237301
300.7239118656094
300.7239118656094
300.72818347533996
300.7269764519101
300.7385896030792
300.7514720712813
300.762634387801
300.7679044419713
300.86386116661197
300.8932922116227
300.91473280066134
300.9143878284781
301.1513024775189
301.1679952871395
301.22571241001094
301.22571241001094
301.2193959513567
301.22863026926314
301.26864209461263
301.2665657735078
301.3865586077204
301.4337726927577
301.451463793284
301.46021815640313
301.45777539680165
301.470242547674
301.4728011058881
301.77191261858945
302.1298699458701
302.137432908688
302.1380401047668
302.1515006681776
302.30149119405286
302.30768324358957
302.34234485170947
302.3762033844164
302.39579745902
302.61156965717623
302.8813673656731
302.8977746926247
302.9217016255962
302.9215056734479
302.9215056734479
302.9217016255962
302.9478993062569
303.05029218205595
303.1540573918337
303.1717158970935
303.27349312041844
303.27821989819336
303.6838211228611
303.68566347983875
303.6859075726403
303.91980341095046
303.91980341095046
303.99602406149023
303.992686226509
303.992686226509
304.1098714284362
304.1162407279092
304.1162407279092
304.1719125771274
304.179721169281
304.6371556479625
304.6404590018674
304.6444806322473
304.65573437001257
304.6572189303989
304.66881382735244
304.66881382735244
304.8437130414193
304.8599997648518
304.87546305368227
304.99164937574125
305.1595529415754
305.3597169724567
305.35248258435087
305.35413735323885
305.54351226997215
305.55169158724993
305.55169869347765
305.5577545272282
305.5576011328488
305.7385436593025
305.7576735097023
305.7581174346972
305.758394435984
305.7934742665322
305.7934742665322
305.7937259079978
305.7833564872194
305.7835593211413
305.8464451740204
306.264792417827
306.2956676610904
306.3167115266035
306.3245417622507
306.3122403647775
306.48941411786575
306.6058816230074
306.61128250831723
306.64166663761307
306.66561556300275
306.6646246624733
306.6820367373045
306.72854917369665
306.95214974139753
306.95248427339834
307.013645113968
307.0092688205269
307.12693304310176
307.1691614630047
307.1691614630047
307.6045461748033
307.6045461748033
307.6215694843644
307.6215694843644
307.6222189209527
307.6222189209527
307.62690209540654
307.63677088114514
307.64386453128895
307.62968410503163
307.7170798452363
307.8340687956911
307.8545624636215
307.903664826668
308.05549870342554
308.0526109608777
308.0380152512812
308.0586054413999
308.05850755881147
308.05394110495206
308.05768981023346
308.2182606818853
308.2282751693964
308.24742699888276
308.25634020046067
308.27967744630183
308.34882355287056
308.3430790895252
308.70526991454284
308.7242072010079
308.76042118693294
308.94851421590937
308.9478281959506
308.95968100420873
308.95874031173344
308.9604743262545
308.9689470614828
308.9715159482068
308.9643722235476
309.0101477654764
309.0095159520297
309.02208130386913
309.07186436124994
309.07977829801536
309.1131648839676
309.13320679471195
309.13458099595425
309.3749897195816
309.38101022719917
309.39086679689746
309.39086679689746
309.39086679689746
309.43680711211283
309.4492496949541
309.66302571956066
309.79650961362427
310.03708369672256
310.04732734392763
310.0458702392182
310.0858064308527
310.1249540439611
310.1328750234192
310.1194018590555
310.1147439025747
310.15189287963585
310.1719773465306
310.2874583965495
310.28951107060544
310.28873744008416
310.30666547017177
310.3707501243647
310.3158098759231
310.320275092025
310.31992465743633
310.3125115210605
310.3707501243647
310.3790194706018
310.38185260788805
310.38185260788805
310.51432321634985
310.51538755519755
310.51804065114993
310.5174284731895
310.5224636243827
310.5565512106071
310.56362176225923
310.5835116519163
310.59272490062796
310.5912704533778
310.6650443537311
310.7119966461843
310.7164746015745
310.71696708508676
310.7222088563229
310.7228388479149
310.7380867805478
310.73799846077947
310.7445713765328
310.7467178738492
310.7585886840881
310.7571569412917
310.76202870729327
310.7854874654744
310.8037592072893
310.81670101532677
310.8156864956179
310.8165553905409
310.8158158105624
310.81839194232646
310.8248573626894
310.832088259482
310.83285743364024
310.9161809487098
311.0770007947284
311.07852243486525
311.08193100884773
311.0762698421021
311.09279459083393
311.0900573437823
311.0922790418141
311.0970676943422
311.2200793520876
311.2332186073984
311.2567150435395
311.2567150435395
311.26180264954934
311.27788345858204
311.2797361393081
311.2822734159083
311.4005016765648
311.3983848996457
311.41550886441007
311.42238449363407
311.41953240504984
311.4582774378023
311.46036293252416
311.5300078723941
311.5300895034669
311.5300895034669
311.5300895034669
311.53335384936247
311.5392900608777
311.54941747707693
311.5511301567874
311.57023958865796
311.56984801140544
311.5735243468146
311.5798098433077
311.5798098433077
311.58020142056023
311.58991801640576
311.58965245944773
311.59021487017753
311.59441485366835
311.6534941685359
311.66472804250895
311.6655292927147
311.66796485306895
311.67314519335
311.67316291077145
311.6713560710373
311.663624132358
311.6777986839061
311.6940000550926
311.69980061256615
311.7103066035986
311.7210395495231
311.7210395495231
311.7213810631872
311.7213810631872
311.75650954188933
311.75650954188933
311.7702583165308
311.79904174874036
311.8233768727291
311.85069863276243
311.8723758452009
311.88470277848205
311.8861129157635
311.8887837556111
311.90418852223786
311.90328501289724
311.90328501289724
311.90328107884653
311.907707002102
311.90740505408917
311.9646549236766
311.9651083964622
311.98061132901495
311.9835429967599
311.98431678749307
311.9845421102046
311.98872203994193
311.99674827845797
312.0013877847515
312.00288778824086
312.00178997338725
312.07094858665977
312.0711513367112
312.08076691378426
312.0824904092616
312.08271564033447
312.11237174804177
312.114819088135
312.15690634259454
312.22575260937447
312.23997804181306
312.23817336179246
312.23915949444785
312.23915949444785
312.2524258217181
312.2502331418689
312.2502331418689
312.25603429578996
312.2593877818647
312.45185570467646
312.462445515026
312.5531317486968
312.59999664363
312.59999664363
312.6011827068241
312.6074438538109
312.61403827293026
312.61635079742706
312.61890969567196
312.61890969567196
312.61974819133536
312.61974819133536
312.6209028602122
312.66394465320457
312.67042426826896
312.6824106278242
312.6953883304983
312.72092094494184
312.7199058531703
312.7199058531703
312.72504566910794
312.73039426397884
312.85417072197055
