with mode=3, handoff cost coefficient = 1.0
284.05428328955577
284.6778819308348
284.9064361030039
285.5231836195377
285.72440101266864
286.38944103709446
287.60563105728795
287.6008977227658
287.88650887488785
288.3255138883502
288.6629124416814
289.05078367617676
289.2444946803857
289.2457490674677
289.5383115065402
289.53147290716424
289.63412575379607
289.9693576275201
290.029791048061
291.53491489719215
291.60080838300524
291.68450676920105
291.93566268908154
292.1161472641255
292.2069110244462
292.2241020987516
292.23191399544794
292.2401673689438
292.26499707794005
292.28833911747677
292.2922978159626
292.8094448047681
292.8464268438974
292.95282733005115
293.57859489081375
293.53866132893455
293.70179043088734
293.69643301055964
293.95560638211856
293.957669015421
293.93646115829955
293.94390845078743
293.94390845078743
295.1465291321133
295.2636979395026
295.29572609309554
295.361610234719
295.3242845854399
295.3210471969493
295.3678038058251
295.4621472060691
295.4760624441351
295.43537243134904
296.05803006614394
296.08265450091136
296.23584220840326
296.23287089134817
296.2485747626674
296.19463157373275
296.19463157373275
296.19463157373275
296.223004372292
296.3144542311333
296.2964235606677
296.41620728492916
297.13082848805
297.1853675859761
297.15924906061724
297.242101181633
297.2917675798482
297.29098027644204
298.6640913047613
298.6963802354462
299.16605204690205
299.1832959928864
299.6468817451008
299.78609713862795
299.86803931997804
299.8337734267706
300.26861826031285
300.6207894564127
302.02460402821345
302.15744884615765
302.4491207151975
303.40287952854214
304.2160705983858
304.24132612710326
304.32673077645546
304.381784979541
304.59079520347944
304.6655863211486
304.74806144515924
305.70146720172545
306.39300222856565
306.9514584188975
306.92565703223573
307.23577088757435
307.22761747311375
307.5363775224391
308.30677769811206
308.36694350985937
308.40614684579646
308.7943198433962
309.3734042457273
309.4734271644373
310.6847917405127
312.07741535097426
312.8989766665404
312.92787311991646
312.92051106673796
312.94238506045775
312.93938573492994
312.9550779411809
313.4248895689989
313.4352491303696
313.43265192490634
313.41248606572987
314.5875243224407
314.76595963956913
314.6762313907776
314.8056977985693
314.8226384542447
314.7912691732185
314.83996750979486
314.8809934753561
314.87836018815545
315.6434035688765
315.7869985933136
315.8774567581398
315.8768929159685
315.8540646083232
315.8868003805559
316.24219898825925
316.71269806216577
316.7218733868813
317.67284535915
317.6784450381383
317.7136249170976
317.71528785234153
317.7333011835833
317.71821692684995
317.7906187461556
319.11554300971056
319.5005782370231
319.55376671208654
319.7064560188
319.9202159369525
320.49285200035393
320.47315801679986
320.49269855741625
320.5029324621334
320.5525771795535
320.61310716986657
320.70854399489764
320.69556164956055
320.6774995064305
320.7837975932656
320.819857447054
321.03626059700906
321.11905844310263
321.1436620212786
321.23177703225497
321.3194449798294
321.3546326755872
321.40665459669304
321.5422595146976
321.5432274721146
321.5522329313066
321.54327346092225
321.817332114282
321.80567463115455
321.88444380793237
321.8639809379139
321.86083009524503
321.97146069127336
322.6354001877106
322.73327666750293
322.7552993800968
322.7671003015018
322.78784267491017
322.8739553073175
322.9774375390729
322.96901463378106
322.98002730627144
323.08329019782946
323.1104561522453
323.13418258452003
323.1748171824058
323.2227059804256
323.2091896521327
323.2167246959923
323.22272553745785
323.236904274142
323.2315184921767
323.45695344044134
323.4477585804814
323.4626822541036
323.4663803524572
323.4748991159568
323.8194450018993
323.85529133578683
323.8847020869245
323.86477873353766
323.89435048803153
323.890165735027
323.90159560774185
323.90440391308715
323.91606069671235
323.9293657584454
323.92996097603356
324.05706602526647
324.0685974977927
324.05857531301587
324.04279044742344
324.04279044742344
324.04279044742344
324.04279044742344
324.04279044742344
324.0473758072572
324.0609878088921
324.06411063017794
324.05759966294937
324.05759966294937
324.3566872482669
324.36570804833786
324.36756992153414
324.3789319851565
324.39563801096966
324.3896131108099
324.40875965591835
324.40857205828894
324.7355369090837
324.7259530102147
324.7203942019601
324.7222748319056
324.73912806053494
324.7381410307767
324.7321871827066
324.7289039504463
324.7289039504463
324.7338436378737
324.7338436378737
324.7326705242686
324.7365748962771
324.7365748962771
324.74137511264377
324.74137511264377
324.7517833389289
324.7510020913866
324.7510020913866
324.7519719682211
324.7519719682211
324.7519719682211
324.7635470236425
324.7744019856961
324.87873853833304
324.9494334858976
324.95148031234413
324.9574960388987
324.95953672200363
324.958986855973
324.958986855973
324.981734935475
324.99118864302903
324.98509391053864
324.9870497534551
324.99489776392664
325.04253662924435
325.0687882403888
325.0671974384886
325.06255986837647
325.06255986837647
325.06255986837647
325.06255986837647
325.06255986837647
325.06728484685834
325.06728484685834
325.06728484685834
325.06728484685834
325.0761737944041
325.09193737138
325.0911078189187
325.0875823105538
325.0911117959304
325.0986602755957
325.103038840261
325.1069759511951
325.19221042618847
325.1932381178666
325.19741294208256
325.2213481248758
325.2058516760631
325.2147784699716
325.21417984515705
325.21417984515705
325.21576018027514
325.2298192240717
325.2276841842368
325.2333865975754
325.2311631263485
325.2375727396744
325.2483774163386
325.24181299987686
325.24181299987686
325.24181299987686
325.24181299987686
325.2491705961561
325.2506210841536
325.43338872728333
325.4286305113828
325.4300637820525
325.44085704471325
325.44085704471325
325.44820894814694
325.4501582912928
325.4501582912928
325.4501582912928
325.45383548096964
325.45383548096964
325.4566588251062
325.4551693347217
325.4758958478498
325.4728960681147
325.47540310217613
325.47466764928964
325.47466764928964
325.47739642872347
325.47998701159514
325.5925798263389
325.6005740347964
325.5935732959208
325.5946525445795
325.5946525445795
325.59938239809935
325.6019565005936
325.6115149525441
325.6127278669783
325.6127278669783
325.61615586575294
325.6268460487338
325.62237550161706
325.6238601526462
325.6224905656386
325.62872629641697
325.62872629641697
325.62872629641697
325.63240998956803
325.63282963079644
325.6334749501624
325.6334749501624
325.6334749501624
325.6334749501624
325.6850168652171
325.68291827266637
325.6979115365003
325.69893804863034
325.75431954301894
325.7566495976399
325.7500706293903
325.7491333072571
325.7491333072571
325.7491333072571
325.7491333072571
325.7491333072571
325.7536023943326
325.7536023943326
325.75692928204046
325.75749626500146
325.79822516709305
325.8081151605247
325.80352045561017
325.80384241405875
325.80384241405875
325.80384241405875
325.80384241405875
325.8450782647396
325.8489806816935
325.849173819168
325.84577098437984
325.84577098437984
325.84577098437984
325.85038462795325
325.85106380322026
325.8518089847111
325.8548278719002
325.8589717201922
325.8676239598346
325.86793554243326
325.88117386459527
325.88413609359185
325.88510110097394
325.8906846939828
325.8924445645701
325.895236705502
325.89657883090746
325.9096410997668
325.91642618336294
325.91758575083503
325.92569442277664
326.1401442962535
326.13870945470916
326.12529817352794
326.2135782170772
326.22813976468575
326.22650425547937
326.23201464898483
326.2356714136602
326.2356714136602
326.23603178395825
326.2363083058506
326.2363083058506
326.24376535217567
326.2417977737786
326.2417977737786
326.246458428282
326.25271533356073
326.2613353268774
326.30746893228786
326.2978125926229
326.3392810223232
326.3365086783518
326.3378551481553
326.3425233739439
326.35501285237643
326.3594682939092
326.37846915532907
326.38054642037065
326.37558105769784
326.3709756153158
326.3825594143992
326.3825594143992
326.3798786314947
326.3812787229418
326.3869595552941
326.3868866928474
326.3868866928474
326.38812783428364
326.38812783428364
326.4262922254145
326.4183335157295
326.41800308508317
326.4536493553094
326.45370054756745
326.4533253117109
326.45158813597715
326.45871934633647
326.46066525104993
326.4652355490545
326.4563593577939
326.4563593577939
326.4563593577939
326.4563593577939
326.47086696542533
326.51406798463324
326.7122286229687
326.71996073856
326.7629748178971
326.77370003973374
326.7771782494956
326.7771750648397
326.7760421527918
326.7760421527918
326.78554097564705
326.787630902221
326.80221923199764
326.8065413313403
326.8094222990385
326.81178721721295
326.810262359258
326.810262359258
326.810262359258
326.810262359258
326.810262359258
326.810262359258
326.810262359258
326.810262359258
326.810262359258
326.8140178010695
326.8140178010695
326.81527524834
326.81527524834
326.84883961089815
326.85066011636417
326.8522759675283
326.8505005014343
326.852836668082
326.8568212492928
326.8600824502098
326.8756347576951
326.8760224991599
326.8744544006838
326.8758055085239
326.8758055085239
326.8807834170736
326.8961684282722
326.8938955498783
326.8983729366633
326.8991793381797
326.9005199430693
326.8997608030596
326.8997608030596
326.8997608030596
326.8997608030596
326.8997608030596
326.9032039481055
326.90464723118214
326.92757824029803
326.95003803794236
326.95135038945665
326.9479586776161
326.94692884670286
326.94692884670286
326.95124622448986
326.95124622448986
326.9539215102027
326.9539215102027
326.95669066448767
326.95666546035994
326.95666546035994
326.95666546035994
326.95666546035994
326.95666546035994
326.9638065603819
326.96407264935016
326.96407264935016
326.9638102108897
326.9638102108897
326.9638102108897
326.9638102108897
326.9638102108897
326.9964725838181
326.9974092222792
326.99528057921515
326.99741031430955
326.99741031430955
326.99741031430955
326.99741031430955
326.99741031430955
327.00049525025514
327.0070702137109
327.0042503351597
327.0050904719802
327.00704641303065
327.00704641303065
327.00704641303065
327.00704641303065
327.00704641303065
327.00704641303065
327.00704641303065
327.0121623578159
327.01299322446357
327.01299322446357
327.008616693174
327.008616693174
327.008616693174
327.0155530595916
327.01854170369216
327.01854170369216
327.01854170369216
327.0216935915293
327.0216935915293
327.0216935915293
327.0546279474252
327.05393764721754
327.05701550849477
327.04629687900405
327.04629687900405
327.04629687900405
327.04629687900405
327.04629687900405
327.04629687900405
327.04629687900405
327.04629687900405
327.04629687900405
327.0546279474252
