with mode=1, handoff cost coefficient = 1.0
295.8421879001574
295.956984677846
296.067035168861
296.146411941167
296.2117811725608
296.3990691787575
296.8560959789681
297.063011323494
297.2383952980847
297.2525074019522
297.62248951859925
297.76475165918595
297.98728463363636
298.20894984951906
298.3034653449125
298.4379005763212
298.8206027222284
299.08608409599896
299.1963295795284
299.348078465918
299.6159959550382
299.75419489216017
300.0518044593257
300.3462332699542
300.55339156262363
300.69564903070204
300.8939275424518
301.0399610057034
301.2602657211308
301.6496701439088
301.84136725656197
302.0165507592021
302.3354787439867
302.58674277515456
302.74764578897134
302.788310422078
303.06822716929736
303.26929046824154
303.43838158216994
303.5979863061561
303.63457807008444
303.66785070957013
303.76621970590963
303.8894776822702
304.1851031180179
304.4335768612995
304.5716086072638
304.83817729215787
304.89520289413935
305.05342817622716
305.4084924160527
305.44017013016173
305.5287117012886
305.56846240065886
305.62757020938193
305.81249616108863
306.0173260368839
306.27489411155597
306.5023035411017
306.6469653040562
306.7288359482661
306.9356385492923
307.2968300154403
307.51863024627664
307.62050937444775
307.7782347014408
307.90784802022415
308.1392745367261
308.1962154242408
308.34785498356496
308.4806713303106
308.62705858541176
308.8896749574835
309.25580837697726
309.29264739276266
309.47084125689776
309.70045372497634
309.98215475156667
310.188623027579
310.62039903487175
310.75115973589806
310.8121922613119
310.8395472860267
310.99086600309647
311.07965296697336
311.1294620727413
311.28792945295226
311.29935480565763
311.5113568804361
311.623633172501
311.7341438255364
312.0235149302766
312.1490974200165
312.21838162909717
312.2741531719136
312.4803916408839
312.60926293041723
312.66900067251805
312.7611037632594
313.0617517376902
313.2229892585742
313.3102969017844
313.3732644287635
313.5183405236046
313.7304424383765
313.81263836470566
313.8848878077949
313.98611720982115
313.99440233786487
314.01206847470877
314.1593776787589
314.4281178036
314.59767374380016
314.71491886462746
314.7697342181117
314.80401518707254
314.90898855905596
315.0198841550861
315.13679014487224
315.4745547843301
315.4745850986668
315.6537382142482
315.7577684790342
316.04043952375974
316.1511152632453
316.3005564030509
316.5971957023486
316.6390996757806
316.7483134047809
316.8409573297861
316.8824116275309
316.92230871272363
317.10209828378106
317.3352497088256
317.5218766783699
317.5751235097409
317.7865634238159
317.8147653968789
317.94564016982423
317.9989592314548
318.01610354577394
318.1247091570132
318.2668405291762
318.506708250831
318.6219026664398
318.67569809951897
318.7424836221874
318.95767222476985
318.9768133227299
319.27917483135457
319.3500217185108
319.5502487608983
319.6052605427691
319.60144056653417
319.8156611688737
319.9385242092348
320.1471710413722
320.3537806768244
320.3660324162903
320.3740636446282
320.52162996550595
320.6033627664433
320.72686423895385
320.98977682200496
321.04619277835235
321.2023598730593
321.43415247222805
321.42344551420933
321.4517022221258
321.4749389191388
321.5548392057066
321.71254251714146
321.83078621543075
322.14202954314493
322.2194176534359
322.3668848895466
322.4880431105762
322.5832316345684
322.8253130250571
322.9959930730073
323.0666686778953
323.2536900738823
323.35931118099404
323.37034785942217
323.3914257826843
323.47862393290785
323.57335965748047
323.5800123876598
323.63433497704324
323.67387824370377
323.7278388928074
323.8792807365838
323.8905992831863
324.0530942736969
324.06239342800296
324.2164486007764
324.33841429092877
324.63542499439984
324.7649432061601
324.8948328786065
325.0597275623421
325.17789356748096
325.2469501456116
325.34815739063765
325.47779992012596
325.48593355905183
325.7844737805429
325.8186014818486
325.9592809706014
326.01068856380675
326.07996295366945
326.1514520572506
326.1754446716899
326.1732758062075
326.24657510215144
326.36538674016435
326.42060283686885
326.4493829680632
326.59751787778157
326.59803045380005
326.65055394539064
326.76246429178036
326.831046288577
326.8777723340212
326.8723217044851
326.9567345416
326.9531993802874
327.14858613730877
327.36825729086814
327.50637877967546
327.5885214261458
327.6563205118996
327.7386747269891
327.7657992389068
327.84384954307154
327.9729244691123
328.0987622313758
328.1589117172319
328.1876719428196
328.29988329845764
328.4836514900417
328.54999141963583
328.7295197259924
328.752972225951
328.754906918326
328.9034857533242
328.95168908958357
329.01819050883245
329.08525936934
329.0888146976782
329.1121088453004
329.2717537368934
329.2736540474264
329.2916889242404
329.3035969860844
329.4380443708925
329.4613840761507
329.5170705749334
329.7927395947643
329.8912611293139
329.8952903627258
329.982053626088
329.98310256101826
329.992904802629
330.0022002707359
330.0149631600015
330.14086838291684
330.1288901217147
330.2228955121068
330.26556092599867
330.2994280609187
330.4189948130131
330.5281291891523
330.52921622888914
330.54928873001154
330.62278546982066
330.77183727148036
330.89471673227666
330.90477305900055
331.00377128498303
331.09681412008206
331.14387816806857
331.4160963380466
331.46077600810656
331.5503109520089
331.56368336858645
331.5717312955158
331.56962444408805
331.60410879097003
331.6779940418178
331.73047874961844
331.7376019701938
331.74522433688867
331.74848506031816
331.7815528761153
331.82478208950954
331.88237609476835
331.8857893126135
332.02744411369133
332.1206195551283
332.26160336574594
332.28975711597116
332.3479469139
332.38993565683717
332.4555111427959
332.58296190009116
332.75247676239877
332.7542323931749
332.8184694908384
332.90308611409307
333.0191083092254
333.0296407002118
333.0783096777431
333.21664756347894
333.25467167270983
333.2758591154941
333.3557987225053
333.54676172754284
333.5786609307653
333.68753146979833
333.82916198358635
333.8504322866453
333.98577850188343
334.07311481687935
334.15323309334053
334.2786362488976
334.2981621282979
334.327820574297
334.54637487991994
334.54896951305176
334.6613273130455
334.7384038226206
334.83117204859985
334.8389668338146
334.85376258388106
334.86804323320666
334.8755776685112
335.08300851756866
335.1122005279696
335.11066573787565
335.1641162014063
335.236772939712
335.24746660253675
335.268976556318
335.30946873797313
335.3857702986125
335.4079315840656
335.40933428475694
335.4781909080811
335.47791290490625
335.630785790123
335.6348283932222
335.6505730331647
335.6527637449094
335.6784034215335
335.7718210154353
335.8244821161124
335.8912113447121
335.92316952008235
335.94351933320036
336.07248941172816
336.1112491815214
336.16990993086466
336.28397164680445
336.28686989007707
336.2897908931366
336.32718594256653
336.3511042517175
336.4086423443043
336.40748298348535
336.4093581783046
336.48174922846346
336.5518321106459
336.6578772114431
336.6604218067437
336.686607218447
336.87158929221164
336.8777869958713
336.92975916395824
337.0546214090164
337.0842256212974
337.18395839651885
337.23926391965574
337.2638003078071
337.429222218095
337.426873521769
337.46034442989543
337.5209309276958
337.533452493173
337.54044887971895
337.55885967026234
337.5622645314455
337.60707477596446
337.7377788013503
337.7382311343784
337.73224473046514
337.7661973236403
337.8852557848353
337.90060886149695
337.95912480630267
337.94944497271257
337.95132741434566
338.0233919265856
338.1390689561629
338.1631693069294
338.1722129487232
338.2450336173814
338.33786631279247
338.3442864240198
338.4011073916971
338.4196357677865
338.42811865738173
338.5187608908727
338.5201936313445
338.57866926740115
338.5728364240379
338.6807419001942
338.7285534098171
338.78006697043423
338.8672776286285
338.89375523733634
338.9303114393873
339.17117197232506
339.1750427444007
339.2649917127853
339.435760738888
339.4571311344213
339.52642642938423
339.6150747171397
339.63994306215926
339.66167308567714
339.75105454402393
339.75638820183786
339.7762097276197
339.79157905312036
339.80448260768287
339.83129229022603
339.8390327359488
339.83843091622515
339.8445941884557
339.8578157317223
339.86357702120534
339.870688998568
339.87218277600346
339.8935736203164
339.9421759168599
340.01520142431065
340.00531614105853
340.1186372322427
340.1441155888139
340.2006761418781
340.2258585186304
340.27576327599985
340.2719434260229
340.2756613991908
340.3185728284296
340.40091169127675
340.5474315129474
340.5510257807495
340.57922543953345
340.6482244621276
340.7378700190071
340.7811235029649
340.81293741109243
340.80600430171967
340.8095352240203
340.81552086290776
340.816618118758
340.86719300350904
340.9092330809005
340.9850637705853
341.032525182378
341.1471523660214
341.2567281073984
341.2620768559965
341.306912087108
341.31867859819613
341.33309564889396
341.4156726386178
341.4204704292543
341.5930224992037
341.6975451266484
341.7158394298983
341.76262246643785
341.76106477707566
341.76108120303485
341.7922674811323
341.9695561737789
342.0257040400444
342.03580875750305
342.1303977968663
342.2033227614233
342.27430075856876
342.2978747434919
342.4303835311948
342.4328855919818
342.44240310732914
342.45351213148626
342.4598893090971
342.47201535915667
342.53096796228783
