with mode=3, handoff cost coefficient = 1.0
295.8421879001574
295.9028910764641
296.3346140760821
296.5774916882036
297.12585431847896
297.2460788865981
297.1572503637036
297.1617403865191
297.3827778399149
297.80614271718
298.02032965190926
298.0200842866995
298.0821516805776
298.6751618102983
299.6113702229125
299.6002937502404
300.3684345704881
300.3277101188296
300.3700242294184
300.8897254691374
300.85906215598186
300.9459795806303
300.91831364363026
301.0312688596229
301.13278983247096
301.21265075649035
301.2545911273833
301.26915519218943
301.66835208725155
301.6699397684081
301.7527287661389
301.83388440344805
303.0714135592902
303.0742488743861
303.25203949355375
303.34951739458995
303.36454264580436
304.7964660180269
304.9836633315665
305.04590851313117
305.047544220232
304.9852903988616
305.1472602852308
305.1592724568213
305.4418285815342
305.4696476107948
305.5201772163282
305.83845571094173
305.8273519948475
305.8090537691069
305.812119370313
305.8334436503043
305.84069076203883
305.89027484568277
305.85756120907604
305.85756120907604
306.02235326234955
306.0495849294735
306.04343528566733
306.04444878533593
306.05118137380583
306.07409359137165
306.05179080742806
306.14078847579765
306.86397716413177
307.8304201567278
307.8266838983608
308.0680848022019
308.42194481231115
309.67701494228
309.7604338053136
309.9677164618698
310.11382134870723
310.47782493289355
312.0281995624664
312.0307048930508
312.20656980164324
312.1825053604182
312.21533583539565
312.3223284141468
312.323431399476
313.32557180414847
313.33359254823284
313.3393743874758
313.62467170920377
313.69901971932
313.7682980046419
315.2219209067282
315.28809150363463
315.28806861033024
315.27118746523223
315.90201886114767
316.7952832726369
317.5790007131651
320.5073696599725
320.4414273690931
320.4399680433585
320.50257337582696
320.51199286555914
321.59545528095856
321.7672605791723
324.5749480628905
324.67552210472854
324.73462232921446
326.00981942894055
326.00465278113086
326.2177446360422
326.5234112686155
328.1028824423116
328.2099290906041
328.2055581744074
328.1441735324731
328.30354938799064
328.3536946539262
328.3948255101121
328.3866178147773
328.9447106267813
328.96529490389423
330.3739563675573
330.4094840947021
330.4196515031365
330.71600956078544
330.78120557387484
330.8191939918616
330.7657272796054
330.9943964424695
331.05056257032464
331.0931308987625
331.12342736463097
332.30517150448594
333.131597290335
333.9821755609904
333.9920612747849
333.9913169481292
333.9682051125768
333.9682051125768
333.9682051125768
333.9682051125768
333.9682051125768
334.0217457455956
334.0354006287347
334.48895328720175
334.5462353456528
334.5924348648124
334.7605127440679
334.7510839147169
334.7786040007526
335.277006890119
335.3473619719113
335.319839430339
335.333559173834
335.34080006127914
335.3503498860038
335.3745211855232
336.5190188809027
336.51965052976266
336.9581990317034
336.9917284895432
338.13177388055675
338.3664579584436
338.50713601956454
338.71111655229913
338.7201982531691
338.64743582716915
338.98554913187735
338.95595742359546
338.94846921566466
338.9525191013895
338.9525191013895
338.9593032687511
339.0292802666464
339.0445896840695
339.2724818762936
339.2514809676335
339.260089672296
339.26170930739363
339.3223930072907
339.32897135541447
339.29264816068735
339.2806115254559
339.2937795865368
339.4700434838597
339.5413031957811
339.56040241434295
339.60054722799384
339.6008491090414
339.6003585066577
339.5883827883232
339.5883827883232
339.5883827883232
339.79212728238184
340.238920888741
340.2393238751943
340.43925642154784
340.4686254457927
340.465996633038
340.48410720915956
340.50810910601405
340.7647054896107
340.80809904626824
340.81478416008963
340.889502731024
340.8687227261345
340.8639853111397
340.86320676753405
340.88487912039284
340.995567414015
341.1125876596238
341.12261173491544
341.30020980997324
341.3180056710005
341.3276606330627
341.3548119522759
341.3578945396159
341.4097444595211
341.4435757074875
341.4524294017921
341.4551431735216
341.49402039369585
341.708444754426
341.7105877338799
341.83041729968664
341.86842103511066
341.890226453332
341.93605788962907
341.95191334045796
341.96029599073495
342.0478379692211
342.05575394522344
342.04808524566914
342.08423917218107
342.1368441339544
342.14152956713684
342.2022373755328
342.20082222905404
342.35988270666354
342.3878745812082
342.387325833488
342.38722165924486
342.43243326568967
342.50833457025254
342.5313864296681
342.57085218610456
342.56693143952083
342.55955656766326
342.5843681028875
342.5927888035632
342.60834737013835
342.62085817618333
342.616426341123
342.6171488050865
342.6171488050865
342.6607465051609
342.67400102735854
342.67059986977597
342.6884172387483
342.66804604646273
342.68817656383777
342.706527854325
342.7097645186009
342.721482194974
342.7206313258099
342.7216188710725
342.72096329715663
342.72710031146136
342.73516721864485
342.75995090643625
342.74300653824594
342.75722510741514
342.75950740045545
342.75950740045545
342.79423183309444
342.7997025196882
342.848303328723
342.8666553518095
342.87226305878943
342.87610411226706
342.86273084841014
342.87442546784496
342.8829195421511
342.8832608166962
342.88381939548725
342.88381939548725
342.88381939548725
343.0567802235363
343.05713943625983
343.1886552349899
343.18404045269546
343.1860365392228
343.2095188215664
343.3369966923937
343.3489123880537
343.35147998440937
343.36908402954714
343.4093134101165
343.4178368846532
343.41004784099175
343.4818590786466
343.48304494582555
343.4823787591591
343.48433692328837
343.48433692328837
343.4910632211631
343.4873218770308
343.50121889487673
343.5112594645455
343.5194811136443
343.5245800001936
343.51534859874397
343.6946851911236
343.6792804649595
343.66656817560715
343.66035682305346
343.66035682305346
343.69508105226134
343.72204880812774
343.72958346991345
343.7242266161503
343.73311183654835
343.74706201261574
343.7572689576874
343.75940128987344
343.75524222211527
343.76874158958316
343.7895139520746
343.77880350662883
343.77068918806793
343.77068918806793
343.77068918806793
343.77068918806793
343.77068918806793
343.77068918806793
343.78310375841266
343.78310375841266
343.7952412729566
343.8022453863162
343.8108762476564
343.80954562325763
343.8109035170462
343.8282212054663
343.8198012858193
343.82521587498076
343.82992940006983
343.83866082531614
343.83283086933926
343.83283086933926
343.87319889920246
343.88061665977375
343.8807150594707
343.87791838864723
343.87791838864723
343.91516455288945
343.9364024436042
343.9413428218898
343.92684279534706
343.925431609662
343.925431609662
343.925431609662
343.925431609662
343.925431609662
343.9350685043222
343.9350685043222
343.9377025099717
343.93924612597095
343.93924612597095
343.93924612597095
343.9433581637487
343.94409163015894
343.95803293240067
344.07864809135515
344.0842555701556
344.0858267718138
344.0963302897354
344.0983776812517
344.0983776812517
344.1001000212111
344.25041784210055
344.2503198303507
344.2487246720192
344.25144126896873
344.262298993409
344.26192769013403
344.3191915151059
344.3199232050797
344.29035821481403
344.2900617455727
344.3050504038194
344.3050504038194
344.30944927484654
344.31455914268463
344.31455914268463
344.31455914268463
344.3186319255137
344.3186319255137
344.3225801639542
344.3225801639542
344.3379498400189
344.344617556689
344.35875176157236
344.35288189270767
344.49194306747677
344.490024160969
344.4896790698821
344.5010950878118
344.5003539849563
344.5003539849563
344.493865573605
344.493865573605
344.60851007833776
344.6143638605723
344.6144745984732
344.61363252395665
344.61770601444414
344.6179007845929
344.6370626570735
344.6301556250457
344.63072458330697
344.62552027178947
344.6359034602089
344.63507929113706
344.63507929113706
344.63021621857064
344.6433471195573
344.6434396847665
344.64392044785717
344.63969164280326
344.6432665647217
344.6432665647217
344.66561537732406
344.66105153233315
344.6762826775467
344.6857431713892
344.6919117278329
344.68971359237827
344.7024687423635
344.7064242871649
344.70674909862566
344.69910492095556
344.69910492095556
344.70470796318966
344.7112673016932
344.7144748904716
344.71464655785144
344.71166439894154
344.7165863779365
344.7165863779365
344.7165863779365
344.7165863779365
344.7165863779365
344.73795199816715
344.7440094550823
344.7428763934556
344.74570408563136
344.74627088419396
344.7503614549126
344.7479479506
344.7479479506
344.7479479506
344.7479479506
344.75409782362016
344.75526411373556
344.76314898529915
344.76318375022163
344.94960945559546
345.055597076147
345.0782198571642
345.0651506298609
345.06266124795314
345.07766788969707
345.0827052125174
345.0785377603831
345.08822249577236
345.0826491527384
345.0826491527384
345.1197162128946
345.14364208356
345.14569955158817
345.1456255662901
345.1533769577807
345.1525267434865
345.2637448104164
345.2579380786047
345.257685219968
345.2575818887614
345.2575818887614
345.26439781665346
345.26205725908534
345.26205725908534
345.2662629556373
345.2662629556373
345.2769691915609
345.27664802583666
345.27033195805996
345.2703750930341
345.2703750930341
345.2703750930341
345.2703750930341
345.2703750930341
345.2703750930341
345.27396354402873
345.27396354402873
345.2738681613032
345.2738681613032
345.2827757784577
345.2799450349132
345.2813262483171
345.2825354353156
345.2825354353156
345.2878537078868
345.2878024363583
345.3750965607871
345.3692794724806
345.36845037933466
345.3626501002175
345.3626501002175
345.3626501002175
345.3626501002175
345.3626501002175
345.37390854170883
345.3787883536049
345.38469070906064
345.38632624277574
345.3878847871419
345.38285042700835
345.3883504739975
345.3883504739975
345.39615394017886
345.4975967229015
345.49670882483287
345.49803431020916
345.49533459174376
345.49533459174376
345.49533459174376
345.49533459174376
345.49533459174376
345.49984663131164
345.50080372316506
345.50080372316506
345.50070636658256
345.60153495085245
345.603768899133
345.60469973086754
345.6023162866158
345.6023162866158
345.6023162866158
345.6023162866158
345.6023162866158
345.6023162866158
345.6023162866158
345.6023162866158
345.6023162866158
345.60153495085245
