with mode=0, handoff cost coefficient = 1.0
295.8421879001574
295.8296776060311
296.84394688873766
297.03652116407915
297.93662407993406
298.5201746628385
298.633141300387
298.63190682183983
298.71268805431396
298.70196277974105
298.70475282716023
299.0676124622485
299.5068293755657
299.66077932593066
299.76668119442894
300.73252718939983
300.77021325810824
300.77579640693995
301.8932215308844
302.0210738173432
302.10846811181045
302.13683131308875
302.4216103505559
302.44363663901686
302.5721380407067
302.5569262179314
302.7986213898299
302.8404090304224
302.825489971446
302.81843729672187
302.81993646986047
302.85408144340084
302.8619121613761
302.8756803342468
303.7023980470106
304.37009676122904
304.4580874351586
304.469810890682
304.95454522454037
304.9723256195401
304.97634427584995
304.9770928044381
305.3496800306331
305.5512813632841
306.41143266155785
306.40612925083946
306.3946799520358
306.3883793007847
306.43091092672813
306.43091092672813
306.38325532866514
306.36897899248385
306.3438808048052
306.43091092672813
306.4413701637879
306.6464553489703
306.6465745994156
306.6941018761243
307.03912246805845
307.0884103130141
307.2964726488319
307.55752298234216
307.5637050732663
307.5615159925854
307.5746821376021
307.7212881799908
308.0704858451848
308.0771799437571
308.1172982728974
308.1056511099888
308.4713587012092
308.52769689764904
308.54763064214046
308.58346544328344
308.5883030315056
308.63081315571225
308.6668941333478
308.77293500017953
308.86904735940624
309.1544170518044
309.17864793511063
309.20423986940335
309.2044223841753
309.4879068098384
309.48173277605173
309.48122465795404
309.48097495846423
309.4812829961922
309.49705018614065
309.56662776337146
309.5842621882846
309.71719899485157
309.7172252343078
309.7926558610705
309.8876282119296
309.93798253327463
310.046700152046
310.15294291543154
310.1538917836481
310.6800146339619
310.7076673549675
310.7129545793817
310.7486979162917
310.8842015825265
311.15828883055485
311.1918193647631
311.7088868709376
311.77660194221403
312.01657688680734
312.003125358557
312.0060475002166
312.0249499608721
312.06103710825204
312.0597067331904
312.1185679300058
312.1285728385311
312.51473317326037
312.5202033694667
312.5427498482968
312.53763183719616
312.5773181338707
312.6071183142762
312.6887699694642
313.21456434682614
313.2099646876178
313.2230881478359
313.22209142895633
313.2108629044778
313.2108629044778
313.2151722771969
313.3195940727917
313.3368920122014
313.65384958012976
313.69991159287565
313.6846103422589
313.6891101278864
313.8835399679833
313.91610421916613
314.05995919584507
314.6269456844063
314.627222451006
314.7180190340262
314.71860059186076
314.83711544689066
314.8516163850034
314.86370450703185
314.86370450703185
314.86284185408033
314.9037021758666
314.9037021758666
314.9348189365453
315.03337600540635
315.0339264989491
315.0903740146023
315.08825513732677
315.08825513732677
315.16805889087544
315.16805889087544
315.1681046203542
315.1637034452731
315.1638289219949
315.1711710176124
315.25217949299474
315.2556133930445
315.2846373976086
315.51558052906535
315.5669160458347
315.5669160458347
315.7287821465449
315.7263778584818
315.73130346063397
315.8024982911113
315.89421559704897
315.90062829989716
315.9954067145663
316.0046830791374
316.00490949038164
316.00490949038164
316.5680677162676
316.5829700958653
316.6096134237744
316.69574147799193
316.7796443300586
316.783683061053
316.78354143823555
316.8427397077128
316.843280709227
317.15175810801105
317.15175810801105
317.1894988544179
317.2556173599896
317.2556386771504
317.26419577511564
317.5359287652604
317.5349757072341
317.5348357569569
317.95660654609367
317.99448344256894
317.9983936935342
318.21973098914555
318.2354243239135
318.26225300633547
318.2487499490077
318.27053591243504
318.78427019985594
318.8564501505043
318.8677442120257
318.8877855877704
318.8887710412625
318.9406941109548
318.940719736417
319.0016538294343
319.21752028296913
319.2647168145962
319.3464047684066
319.35331561734847
319.358133092089
319.3994790383428
319.48382553742096
319.4760982034169
319.7075869942684
319.78314357934744
319.819750711246
319.846596011379
319.83823518409343
319.9140841365933
319.918912244088
319.9372566424235
320.22962098689527
320.2401926787729
320.2408778669134
320.4819892037339
320.4813190987204
320.5391984373937
320.6584761899303
320.6539498623322
320.65970748153813
320.6677880428915
320.6677880428915
320.68278209104665
320.6854094236719
320.70702722864326
320.71743793454414
320.7177286680393
321.11535318729955
321.12013509072983
321.1310695079479
321.10965661198316
321.11427686034165
321.11427686034165
321.11593861118274
321.1310695079479
321.2184836737773
321.2410720265116
321.30184936185344
321.4114671252265
321.41829240172285
321.62679863259416
321.6679241981218
321.8232683200726
321.92400462265175
321.92401535531087
321.9247662737024
321.9247845808869
321.9247998857477
322.07372526405766
322.0744595183545
322.0724399695713
322.0881933878781
322.0906234484234
322.0905836899601
322.0953112585554
322.0944482319763
322.19925459273196
322.1992808452007
322.2011220897547
322.4074754031612
322.4043925349458
322.4540783338696
322.4540783338696
322.5861380861104
322.591546922359
322.80417389554003
322.83072838694545
322.83146531893084
322.88688272245247
322.88824650469917
322.93741489970904
322.9399406581984
322.9380524706524
322.9380524706524
322.95974141803305
322.95926212316255
323.0900712107121
323.1953731081461
323.1958573289592
323.1959664884177
323.19797727765155
323.29917452690904
323.29917452690904
323.40572513710515
323.60791274331564
323.61182924909514
323.61761615865726
323.6176400451539
323.6181454876253
323.70924132028244
323.70924132028244
323.7154032668346
323.7119929805229
323.71116870119664
323.741442955401
323.757984121272
323.8651324770489
324.0060054027643
324.0413234822343
324.044226095046
324.0545963422552
324.06276456603314
324.06318235614447
324.0688242822211
324.0696397935162
324.07525955870614
324.173025825591
324.1767300350884
324.192730592379
324.19295581699146
324.19040395494096
324.19042933484775
324.1946995944108
324.21406528522374
324.25363878981767
324.25363878981767
324.25374455600075
324.2526028163384
324.2594794971882
324.4045326729387
324.5308121593213
324.5359297352179
324.54008069235954
324.7699588804793
324.82723152462836
324.933646617785
324.95045185112093
324.95106345319164
324.95331735590844
325.0887402800974
325.09050841297574
325.1070773231795
325.10906587994157
325.1961801507185
325.1943250335167
325.1943250335167
325.1949822469552
325.19812155427945
325.20345438491523
325.22669178682594
325.36379564643397
325.38992456026637
325.3867375931133
325.4002714685256
325.3998692249946
325.41991969422867
325.4220075382725
325.42589136370617
325.42589136370617
325.6265356515796
325.64453407878574
325.65916536154845
325.657491364958
325.8659393839979
325.87879237332055
326.0466293530414
326.04627672256976
326.0527061142997
326.1858832570329
326.26222071611187
326.2578810722375
326.385420132237
326.3902844563815
326.43193936970596
326.43196698232805
326.554649677311
326.5548486526552
326.55681741443397
326.55675256939037
326.57184791053055
326.56329875158866
326.60968463171287
326.7264047033726
326.7289016484496
326.7342597185429
326.7347042670261
326.7690184531724
326.7716347408886
326.7746918639523
326.8262361215685
326.82897425526903
326.83130314833323
326.838471573578
326.83671909594705
327.0866571739567
327.0855986328565
327.08610174974905
327.08992249132507
327.0899447548611
327.09007966096414
327.0925727169945
327.101612524495
327.114968898608
327.25269179889335
327.25814102722165
327.4798388841238
327.4798388841238
327.4798388841238
327.51721740847177
327.5178299470492
327.80577286784984
327.8107730073862
327.8129825537412
327.82167570958
327.8199691957307
327.930057258054
327.92974692937065
327.92624963841473
327.93648061576454
328.0389997494047
328.0383752206994
328.0383752206994
328.0383600151627
328.1396550512516
328.23656064813673
328.2835416743593
328.29118375072903
328.2926574999446
328.2927849428197
328.292368203903
328.2925608627823
328.29267670884667
328.290741676129
328.2927849428197
328.3915097980411
328.3945451865565
328.39771375422225
328.40145425878495
328.4628648017069
328.46778858592836
328.46862335726325
328.5289115394348
328.53133705088925
328.5322030309348
328.5381879234795
328.574823766452
328.5797912337181
328.5798556336174
328.57820990255095
328.57920690541255
328.57920690541255
328.57920690541255
328.58077723766365
328.63404019689796
328.68731484359074
328.68643582893475
328.6858224400303
328.6865146985806
328.68677752290193
328.6928757258099
328.6942202591358
328.71214273487703
328.7121545369355
328.71476974805887
328.75955330119785
328.7619373290233
328.822735992284
328.822735992284
328.8234038840573
328.8271352255512
328.8647554274365
328.8647554274365
328.86761019626175
328.8666258295472
328.8665315210222
328.8783167055474
328.8779119730955
328.8791183842861
328.88202645767495
328.8821710369045
328.8981346321969
328.9033045311307
328.926284188948
328.9866503342703
328.98794607778615
328.9913567539153
328.99100587837756
328.99102075633357
328.99273979541454
328.99307900105435
328.9940618405592
329.03281672248676
329.0350677561738
329.0724267107563
