with mode=3, handoff cost coefficient = 1.0
232.4441055482701
232.4441055482701
233.2394146594736
234.0936565804529
234.15334428701777
234.15428983909385
234.15445351803902
234.3246166870589
235.0158317090012
235.0763488571397
235.31409928101976
235.7227435611435
235.80841375432698
235.85142610233686
235.99166082714265
236.22585299440038
236.22560203428293
236.52637481498328
236.52659953199588
236.56206558170123
236.72381772558236
236.7236919262395
236.80457664722348
236.77811165183005
236.77807323702143
236.9880363203091
237.00839501735896
237.18746486506217
237.18529153512947
237.18510924290877
237.18321208914927
237.2881193563918
237.3843162107661
237.38762021115076
238.25330796975624
238.55689574461798
239.60545415771495
239.63219768599117
239.61267064232473
239.67199410138883
239.6719404002273
239.67834205738768
239.67622675314252
239.69072703858302
240.01167451534818
240.03625500786276
240.58127355110594
240.60098732533106
240.5638245073609
240.57838206709204
240.7878789843373
241.07425471874586
241.0779266110545
241.14302952180643
241.1440281384801
241.12857550205564
241.14057612024754
241.14553206922514
241.1548241443308
241.3231013030721
241.3228323154529
241.30686759532338
241.30715866119488
241.45950190055365
241.8033043773655
241.93261792192246
242.20649611881848
243.6000473674021
244.15058609191135
244.7362526876052
246.35345251854642
247.0284387383246
248.1021973623112
248.90058349772988
249.62583435755568
251.75205100652659
251.7390831364778
253.48080039750835
253.47747064505137
256.2518607829728
256.2424207303178
256.47866989195495
256.48457360463124
257.39140730117657
257.55932591702623
257.6047563578093
258.31096835514427
258.60416964489804
259.2230675523659
259.744707398504
260.1810703027913
260.2339565878985
260.8519925623679
261.0162321591163
261.09988189896853
261.09942343584123
261.09874102539044
261.3884084011136
261.4239567552075
261.70265992085456
262.8182405383212
263.01266853305293
263.23002426206745
263.26631757085187
263.32422852370564
263.32431998637037
263.3223735706327
263.4590811468303
263.4877913554257
263.4889308074545
263.56412658121525
264.432202302569
264.45270825873087
264.486549634539
264.64974438159345
264.7347272931533
264.86233281198463
264.8971393731548
264.93385921141964
264.93384476936245
264.9336141971297
264.95245724723003
265.0867727600717
265.14120877045514
265.1401611703897
265.3241486091301
265.3666611977055
265.46215511796
265.5342627372869
265.6797685309168
265.6896643139903
265.927768559553
265.9543463741585
265.93877702662303
265.9966983384125
266.0484243786826
266.3069484832191
266.3071332557928
266.32114157312816
266.7040422932144
266.95310402918955
266.96001726495246
266.96593833961316
266.9647648861653
267.01845368973767
267.01411227060606
266.9895167453663
266.9884620740849
266.9884620740849
267.0177084957041
267.0163985900142
266.99698343060896
267.0173699699609
267.2053828656486
267.2039759889172
267.18265356097464
267.26904710446917
267.26949125464097
267.27055103277115
267.2901660061408
267.2889448250883
267.33190978628033
267.3607077282636
267.39509643904836
267.39579919172706
267.4019699242691
267.42053120007046
267.4302344741602
267.430574417613
267.44991470614667
267.48571878232497
267.49175573487105
267.49159959545307
267.4906595129907
267.4939103286851
267.4958772883183
267.4958772883183
267.70013162828724
267.7136087509357
267.7134132306398
267.7158248943472
267.7172515432301
267.7166955464594
267.7166955464594
267.7166955464594
267.72321702413603
267.72372793702465
267.7305119065541
267.7305119065541
267.7288673943457
267.72839928199113
267.74277846104025
267.78482404527466
267.7889050627103
267.81726170137557
267.8168782581859
267.8136925588963
267.8135978106402
267.8135978106402
267.8135978106402
267.8135978106402
267.83401287999914
267.8354951128717
267.8421843551304
267.84246253986913
267.8396695285361
267.8396695285361
267.8396695285361
267.8396695285361
267.8396695285361
267.8396695285361
267.8396695285361
267.8396695285361
267.8396695285361
267.8396695285361
267.8396695285361
268.1279013740017
268.28547751231946
268.2745332056397
268.2773033226851
268.28134031140746
268.28134031140746
268.2921673480841
268.3337942035205
268.34334352152723
268.357114520672
268.36057057601
268.35840179923895
268.56140946734774
268.57189731998096
268.57282211069014
268.5801318757827
268.58463423431226
268.58485863122655
268.59089742537026
268.6013735681896
268.60100879101344
268.6035893220014
268.6094905740954
268.60891006225825
268.61630135553867
268.6291102377796
268.62953599152746
268.684128357368
268.68431909151457
268.6813812783698
268.6870610280154
269.1147488526384
269.130257449015
269.1209250575119
269.12036181262243
269.2532933259454
269.24674354986894
269.2464614977107
269.2473088520173
269.2473088520173
269.2539743605179
269.25713440824364
269.2615868858409
269.28071796089284
269.29181593358874
269.28565696881543
269.28551858679936
269.28551858679936
269.28551858679936
269.3029378953174
269.29799778573516
269.2990386641149
269.3074875440414
269.3081904512924
269.3082125477591
269.32799643170114
269.3559055918821
269.3637639424994
269.3665989216143
269.3664392311575
269.3699256815821
269.3780857281624
269.38478935584857
269.3766501621498
269.3761917686129
269.3761917686129
269.3761917686129
269.3761917686129
269.37911091161084
269.37911091161084
269.37911091161084
269.37943423320553
269.3915830080955
269.38961794422687
269.38961794422687
269.39050675988796
269.39050675988796
269.39876351415626
269.3941771384699
269.39417967455927
269.3943315018223
269.4365489274767
269.43653972929843
269.44685250354723
269.45186102092697
269.4485028173121
269.448976442702
269.4621149300766
269.46165439987834
269.46991333520293
269.4733394746859
269.4733944092089
269.47353088801253
269.47353088801253
269.481531390898
269.4809378902845
269.4800276514936
269.479325926254
269.479325926254
269.479325926254
269.479325926254
269.479325926254
269.479325926254
269.479325926254
269.4964401553734
269.49639200647715
269.4962941761856
269.4957209496926
269.4957209496926
269.4957209496926
269.4957209496926
269.50487215208364
269.50539830918535
269.50667747996545
269.50667747996545
269.50667747996545
269.50667747996545
269.50667747996545
269.6107757837252
269.7104763061697
269.71281395322336
269.7120285009486
269.7068884934816
269.7068884934816
269.7273370580654
269.7230165734248
269.7245553312731
269.720690141096
269.720690141096
269.720690141096
269.7283996561334
269.72790095085816
269.72790095085816
269.72925165881793
269.72925165881793
269.72925165881793
269.72925165881793
269.72925165881793
269.72925165881793
269.73188614914
269.73062244250275
269.73062244250275
269.73062244250275
269.73062244250275
269.7366422596209
269.7406028023002
269.7403815487313
269.74295223747566
269.7434233914122
269.7437265001392
269.7712348679014
269.76969962417974
269.76997754496415
269.77261296961166
269.797589548282
269.7988475869496
269.7994370859813
269.7990990949337
269.7990990949337
269.7990990949337
269.7990990949337
269.7990990949337
269.7990990949337
269.7990990949337
269.7990990949337
269.7990990949337
269.801238978929
269.801238978929
269.801238978929
269.801238978929
269.8116351429944
269.8105859980664
269.81417512807525
269.8157174550098
269.81579121560225
269.81579121560225
269.81579121560225
269.81579121560225
269.81579121560225
269.81579121560225
269.81579121560225
269.81579121560225
269.81579121560225
269.81579121560225
269.81579121560225
269.81579121560225
269.81579121560225
269.81579121560225
269.81579121560225
269.81579121560225
269.81579121560225
269.81579121560225
269.81800571696783
269.81800571696783
269.82255284937014
269.8283478624578
269.82376908056114
269.8279579743498
269.831491889044
269.831491889044
269.8373821881758
269.84663295055117
269.8458030606895
269.85399970282435
269.8530435405683
269.85267940146923
269.8597352673136
269.87146417234345
269.8715162392605
269.86961894040877
269.8888869537396
269.8879071738056
269.8879929383578
269.8925965514056
269.8931064289908
269.89338596893106
269.8935667710761
269.89638284999614
269.8965987437757
269.8965987437757
269.8965987437757
269.9036044871707
269.9037889822225
269.96959944216786
269.9623142519384
269.96317738776605
269.9633365392894
269.96760905419967
269.9821873242552
269.9876154898268
269.98371461553825
269.9814117124663
269.9852917748488
269.9852917748488
269.9852917748488
269.9852917748488
269.9852917748488
269.9852917748488
269.9852917748488
269.9852917748488
269.9852917748488
269.9852917748488
269.9852917748488
269.9852917748488
269.9852917748488
269.9852917748488
269.988139735358
269.988139735358
269.98820638226186
269.98820638226186
269.98820638226186
269.98820638226186
269.98820638226186
269.98820638226186
269.98820638226186
269.98820638226186
269.98820638226186
269.98820638226186
269.98820638226186
269.98820638226186
269.98820638226186
269.98820638226186
269.98820638226186
269.9910151648503
269.99090715056184
269.99090715056184
269.99118486980564
269.99118486980564
269.99118486980564
269.99118486980564
270.009193219643
270.010249733727
270.0019409807305
269.9992009769153
269.9992009769153
269.9992009769153
269.9992009769153
270.01336209895123
270.0167231468298
270.0153974303929
270.0113322882083
270.0237297648057
270.02332058038843
270.0235271828239
270.0237595055113
270.02770209571986
270.02770209571986
270.02779211300407
270.02810437211906
270.0370594490051
270.047462897296
270.0490450942926
270.04713274552716
270.0542447338607
270.0541921564149
270.05565758358915
270.05572758865736
270.05572758865736
270.05726561073755
270.05726561073755
270.06421551316583
270.0644475191278
270.064862425115
270.0643689672227
270.0643689672227
270.0643689672227
270.0643689672227
270.0643689672227
270.0643689672227
270.0643689672227
270.0643689672227
270.06421551316583
