with mode=1, handoff cost coefficient = 1.0
232.4441055482701
232.5743254877582
232.68100051779737
232.82522498508007
232.96612926823508
233.03882664668467
233.2793770162977
233.4122390209891
233.50975528646453
233.79361788983604
233.9867711011339
234.19731975762662
234.28593311573152
234.45176475308367
234.68607588062457
234.80617113112936
235.0989228476079
235.17210434477846
235.34492962722598
235.46692240822668
235.5644209421192
235.6333657385857
235.91618517461225
236.1271327597862
236.3541803347962
236.53494919608082
236.68895144006333
236.76989664259878
236.88635730471466
237.03318074277306
237.29081253764997
237.45957505826698
237.62074661733996
237.72895693358734
237.88734937595345
238.06003815038133
238.25242156403297
238.32644973087562
238.4732070826578
238.65377910101162
238.8562684359924
239.0753900832906
239.2788389576846
239.3372532532222
239.54588856151912
239.74080722956228
239.9168501258309
240.08821799790834
240.2892673314255
240.43143947185501
240.45095317447797
240.6557996219809
240.93047074331332
241.13176257808254
241.51895896257508
241.5833441756173
241.73877858055158
241.93889946058
242.0885214306666
242.19661466210843
242.26547993560607
242.36137997442862
242.6422227128324
242.78773305747552
242.87239916500198
242.9980196289143
243.18074120660478
243.49301781290202
243.66743102745946
243.87462554058845
244.1808584001418
244.27735657133462
244.5555977196
244.66972159454525
244.8615642871211
244.97440597496163
245.02327714285224
245.17309761752767
245.26174280913136
245.35470180631614
245.5327264725442
245.58674406625937
245.74102761210727
245.83199241055397
245.95622331160354
246.10032105389556
246.2793590183708
246.3646222744157
246.55714600949506
246.8392180241186
246.98818178597764
247.04950203334857
247.08040472641449
247.1952843253081
247.30381863760985
247.4657406951937
247.64643208971225
247.7435993554061
247.91551079226758
248.04465976807268
248.14427249541026
248.22597952947896
248.36724065157088
248.5284042470109
248.67261053224112
248.7486900774344
248.85442754499053
249.01503750031057
249.26558362827004
249.42027773023935
249.52609083280478
249.85939858922865
249.8871404485895
250.04456142000237
250.15315020927784
250.2550479846284
250.396437317603
250.53362792108186
250.57750137806818
250.70692951797076
250.83435175366756
250.90412240652512
251.04574448584938
251.10912263416972
251.24185073428583
251.30410121730154
251.42698516100222
251.47077268444826
251.63466885297984
251.690105397773
251.7215724441439
251.7577180205151
251.7796537983263
251.8654953886736
251.9611808458428
252.07609704948416
252.39926091062884
252.48984627052909
252.5208242557622
252.60140843864318
252.64965918908257
252.7045105408871
252.77322517772978
252.9640993659644
253.1960974247624
253.29563578361058
253.34697941439953
253.35027870935062
253.39755329879935
253.46372446651463
253.5670709059361
253.62454140572189
253.74306840126016
253.87863441077346
253.9898425453028
253.99030849526113
254.09100783047813
254.21406630223606
254.3300971957915
254.48505938632817
254.60473928550672
254.66400651521036
254.87201644642494
254.96773735517328
255.1565447438342
255.2345210972832
255.23165269548582
255.29901606077846
255.5128554954718
255.61717705713627
255.72996897619566
255.81973401107476
256.01938172010966
256.23825821339733
256.35847665103853
256.5363863964423
256.6399712364217
256.79459151687246
256.93755912044617
257.12224812490933
257.1816711655075
257.2204220723857
257.22896837034875
257.24511239216537
257.2714115401289
257.34376564817717
257.4620337909521
257.69192952123205
257.8698754407405
257.9679675659136
257.98972647725833
258.0226198772574
258.07935370648227
258.07780371526485
258.167828367574
258.1645058198895
258.3121806167437
258.3427156662495
258.36250708614165
258.4924265574356
258.68969994266877
258.83091161691834
258.8903368798691
258.9543137667234
259.0317228692286
259.0606795917618
259.0657835248258
259.08660239270216
259.13938826471065
259.193887045623
259.35733262685727
259.39295337470946
259.4469696197372
259.4945750468771
259.60352240818776
259.65856577615716
259.6557682625634
259.7263122308053
259.72259603575395
259.75234932787225
259.79154276744146
259.8053763853841
259.90277350974577
260.0838459447228
260.13821247422635
260.1665080445473
260.2000455005037
260.2103285121131
260.2487941751492
260.27077694240904
260.34780087680497
260.4434121950069
260.5301498360003
260.5774352739363
260.63400388573984
260.6781180630013
260.6949285697554
260.77824434582885
260.82500854858716
260.82892201499743
260.83689542910594
260.8867802635683
260.89485953941283
260.9192873921345
261.1573200810758
261.16038764747003
261.18904243077054
261.2100973742911
261.30996011006476
261.41526092412795
261.4155165542157
261.4590684171167
261.5808118922939
261.68124971371685
261.71565014274137
261.7279773638552
261.77031616124157
261.786925727566
261.8582651007831
261.9442422052545
261.98973357729943
261.99862907298495
262.0819804401197
262.2014038192545
262.2392094289846
262.3236494951975
262.3367947569314
262.38329974685206
262.4414806056534
262.5531832405073
262.62398773417095
262.661807685827
262.72891760738
262.79062714553237
262.86611343783505
263.0367283146828
263.0661814486095
263.0939248279509
263.1099034032161
263.12340789433307
263.1443853057634
263.28075230191143
263.3416970020886
263.352975518946
263.39023752260005
263.4625706537481
263.46592836759527
263.5784734539476
263.7005024386905
263.71791574983337
263.72639702299836
263.77736625439763
263.810405891288
263.84646658421264
263.94584694365625
263.9689090350624
264.0312350449347
264.1340312137734
264.16863032765366
264.17312940410585
264.19072703816755
264.25915951609585
264.2699316361434
264.2767862713872
264.3348650007747
264.34516955646046
264.3717572301252
264.3941522745537
264.4728148452467
264.4758513268356
264.5260715432616
264.57448640069236
264.79823689821416
264.81514916507007
264.82929653925726
264.86763316368854
264.9513052181885
265.0038002165798
265.06250638544907
265.1130376963503
265.1876317661103
265.2428737304622
265.2613471283649
265.29421563611453
265.29895173217636
265.425862613898
265.54463239185264
265.5621483347858
265.5663631300346
265.6107041552151
265.6184244468201
265.6536970575334
265.6541911469155
265.70161062885467
265.7942215617561
265.83033095058414
265.89173156437926
265.91940127479995
265.9457469724813
265.97027450853597
265.96617252371595
265.98765901719986
266.02826173563943
266.05007757548674
266.05709652741797
266.056485148395
266.0578990948634
266.099692570493
266.1006826723834
266.10723923028587
266.12082965859827
266.19679982697966
266.2713123350277
266.2751476093066
266.2876654843947
266.2950221040607
266.3152262218288
266.32801668833304
266.35008004862334
266.35934814596345
266.39583753429247
266.4344062679348
266.4325075713637
266.4928049228443
266.5511104305358
266.5614294005587
266.6214684896848
266.6617860362527
266.7360811143752
266.75339942470686
266.7553183904523
266.76261339454146
266.77296779488665
266.8755569479822
266.89135528218503
267.0395585693815
267.0435884695905
267.0600773575406
267.07773783088595
267.1002298027295
267.10391834563154
267.15327436266745
267.1771588114515
267.19523553263264
267.19976719098383
267.238819457006
267.3181661214954
267.330602139444
267.3751400158448
267.4011031322936
267.4126433826034
267.44307534556714
267.4529079046232
267.4984531114655
267.4998207637354
267.50543991255427
267.6019951625994
267.71019076742033
267.7457697003123
267.7702715988042
267.8089545952173
267.8161496485944
267.8214812816023
267.83002470558245
267.84462889670715
267.91881663500067
267.9662006163844
268.0214667981272
268.08472617031475
268.1280838520731
268.1822606878974
268.31562899665516
268.3428116141892
268.34863325213155
268.35386360147845
268.36772172785817
268.37411943928964
268.38542201763266
268.41900647574613
268.4219765744859
268.4039539981062
268.4155381459759
268.43701839327406
268.44813202034015
268.4526288017631
268.5199379726897
268.54525573615024
268.55384898308813
268.6416462975334
268.70375348779356
268.7146142013737
268.71724326661547
268.8147365172973
268.82227447134585
268.8240785636282
268.8561510758027
268.86592989543493
268.9120968077268
268.9887742847752
269.00646039027544
268.9962023581564
269.0927893884495
269.14142835718405
269.20717239747074
269.20445649509975
269.23263075034924
269.23489418033915
269.2496800881357
269.27927345120224
269.31317498542404
269.31363615608666
269.32380783277245
269.379114498357
269.3850038020565
269.41216924131413
269.4195399118026
269.46384411919394
269.4648249513414
269.5043922258831
269.5222283772232
269.61283677666637
269.61949221499344
269.65758020360596
269.6965810311336
269.7151688017442
269.7336435050773
269.7345750969655
269.7814038297658
269.7888225971321
269.79683654573626
269.7960782715331
269.84296270300837
269.87283265175483
269.9370738681539
269.9743164294864
269.9911689031558
270.0051972821771
270.027669872131
270.0711468739528
270.12697740004444
270.12816965444097
270.17462244060073
270.18986398938483
270.19282793622466
270.30022394706634
270.3295680879809
270.39696696664873
270.5066245858192
270.5899705092987
270.5915086136288
270.6317003345585
270.6381727542355
270.64625853149823
270.65853806802335
270.69782053215596
270.6897679121157
270.72378372510855
270.7564062219006
270.8291273041165
270.8434321492971
270.84707185385815
