with mode=0, handoff cost coefficient = 1.0
232.4441055482701
232.54366189093128
232.70083727623296
232.70439931326908
232.70426956074343
232.7434507562256
232.97013197161903
232.98786198186667
233.11857337845353
233.22521270855876
233.98471785791125
233.98816093147357
234.41416609334198
234.58937567655119
234.60750498314525
234.7781801363193
234.7636373119119
235.13781580878577
235.40097384882668
235.4866110467173
235.86446584951625
235.871148135668
236.00891391190814
235.99897567890233
235.99122752519924
236.09204092260458
236.54738425338905
236.73197114690208
236.90055556511257
236.92376404261822
236.996490012071
236.99661070228714
237.00258538515973
236.99128251643324
237.14954707104243
237.17176881173458
237.38597547185532
237.4526631227281
238.10562965073302
238.18902669890275
238.20170067518944
238.19307461297564
238.17894484112338
238.23071927346544
238.2532385252792
238.51334119219152
238.52400697352402
238.52701464913136
239.22085641403865
239.24032035968557
239.24574635695723
239.2738580496099
239.46853823985018
239.4558560843997
239.4313642968918
239.43710288499292
239.4679646309824
239.54613457345883
239.91243718013072
240.09825016781087
240.12039296396443
240.12056283800408
240.5088282276148
240.72137832193138
240.9821469504776
241.11249825109536
241.08585799551867
241.08584362275363
241.654875448016
242.18085054511502
242.1889169381619
242.38786964537
242.43064664262687
242.62457378916866
242.6371860088458
242.63750079630265
242.65101263913925
242.8171260932564
242.8172675521684
242.82826364447288
242.84323113566876
243.18529669705347
243.1978183061315
243.3314290572249
243.33128759831294
243.7584319146291
243.91806454447809
244.25935152834742
244.41031023831937
244.41031023831937
244.41031023831937
244.44875524984047
244.44583381825265
244.45018104786635
244.77070892354294
244.7720220092158
244.76455319693036
244.78275657889742
245.02232730281887
245.21604143547015
245.22870857079224
245.2516080968406
245.8793327214861
245.91469336842724
245.91431196436383
245.87466389217104
245.91036056329392
245.91009873333684
246.00906392244593
246.0088977318561
245.99793014046543
245.99793854747384
246.15741781487645
246.21547914418716
246.21547914418716
246.61963843540897
246.88882751080686
246.97686023495282
246.97969623359106
247.15223555445976
247.40760623416418
247.4960248527782
247.58393340692874
247.69449720625545
248.0470680838345
248.04710957997406
248.09637681697868
248.09639906053795
248.09639906053795
248.4997273214819
249.4156566055502
249.6124388139951
249.59930744951
249.5997403356463
249.61439041976126
249.61965148651802
249.66670160984307
249.93607781397668
250.01225529962426
250.01225529962426
250.01225529962426
250.0623934304452
250.39660013279246
250.39660013279246
251.12196953218955
251.11921619755628
251.09024342361528
251.09024342361528
251.07874596335705
251.12541709257442
251.11211001055517
251.22448044357512
251.20943371699815
251.42641843279472
251.4266927608363
251.41006712409904
251.4308793136241
251.4004517365548
251.74045160012975
251.77108722238717
251.77108722238717
251.77108722238717
251.73601622659567
252.3111465115855
252.30111469828415
252.31502179931584
252.43640530514898
252.44809352522105
252.43192229613044
252.65167980407256
252.72305207902798
252.81372839955895
252.81372839955895
254.07005855960404
254.34490944072405
254.34490944072405
254.34490944072405
254.42690715860994
254.6776357222092
254.6776357222092
254.85833847708534
254.85788704755248
254.97873989188878
254.984489527099
255.06660870247904
255.03898001068728
255.01182795986082
254.99250762688573
255.0023548208525
255.18951427475187
255.29576681718254
255.2951884171105
255.36145489953302
255.3614756687113
255.3509785556346
255.35270469621454
255.51692758979914
255.60326470096516
255.66238046507456
255.60136907905172
255.60623324862775
255.71175904054994
255.71175904054994
255.9721545717168
255.94570510127588
256.0185647533455
256.17504993181245
256.23808899739095
256.1993306308732
256.2076736742009
256.30975662668766
256.3010263699981
256.29343062028875
256.2956972774952
256.3091585711208
257.13869943404995
257.1495235110906
257.1690610529829
257.2038234383592
257.2795437689203
257.2755356741553
257.2646524326131
257.34141791887265
257.34141791887265
257.34114100635327
257.3421411643236
257.3360824143155
257.3526068932948
257.3534532176748
257.50488001996604
257.50485693502173
257.50485693502173
257.48366365470883
257.48366365470883
257.50488001996604
257.55753081220007
257.599781510832
257.8509777464545
257.8768663961294
257.8820757070514
257.978694385913
257.97980206156257
258.0042361674246
258.004247429947
258.04861747617974
258.0533117416002
258.1352016609242
258.1271881444258
258.1566698101131
258.16256230168335
258.16256230168335
258.1625806523685
258.1591821166815
258.1539803024203
258.1540551140258
258.2682418389766
258.2729022935635
258.27374651061695
258.26984040310555
258.27816349144473
258.27504170970906
258.3393698354693
258.3534198974273
258.3719097825083
258.3669089805313
258.3669211142656
258.3751806618372
258.4274752222596
258.63260436017885
258.63696191856457
258.6298073620157
258.6298073620157
258.6269406786611
258.7393858495439
258.7445115577577
258.75942423658375
258.7619444768279
258.77846646419084
258.77887887378944
258.80961823181264
258.90180618587647
258.99858376045626
258.98950437789983
259.004643145804
259.00464239657805
259.00484424190887
259.00484424190887
259.01038555417864
259.0985766180608
259.09857938424574
259.1502047523365
259.1502047523365
259.2014591174442
259.20620427445675
259.2094091215675
259.2228805833069
259.22290246648396
259.3099937564719
259.34631631638354
259.34632502013466
259.4123952953997
259.6234347824801
259.6234347824801
259.64991413985217
259.68385957220977
259.67513307720026
259.8246400595734
259.8563792320874
260.06149516206733
260.0615143484333
260.0615143484333
260.0955711231079
260.09278379165994
260.1056038774469
260.1226519854914
260.12609155079076
260.1810652910601
260.19069349380095
260.1906947873222
260.1906947873222
260.1906947873222
260.3521849108174
260.3521731679556
260.3521849108174
260.3527932871483
260.46911423164636
260.4824784503513
260.48392445575996
260.48392445575996
260.48394165477794
260.48394165477794
260.47884085432503
260.48149989844023
260.47795480364175
260.48394165477794
260.49331496855547
260.58917332034196
260.5918476266079
260.5932201454209
260.6196102358601
260.62078808350714
260.62937442190014
260.63746475911546
260.63746475911546
260.6864797663901
260.6876347495899
260.6955660061078
260.69781029781467
260.70556289106395
260.74085940100133
260.7521445433793
260.75423623219626
260.76283947171027
260.7639942144155
260.7613051605509
260.7766860278073
260.7765936811984
260.77430494993894
260.77428970054484
260.780929246001
260.8055360820087
260.8305141929892
260.83497091242344
260.8392109278179
260.89278429108225
260.91926646350635
260.92419198549396
260.9466545810307
260.9487626363016
260.9503970447682
261.01034831405383
261.0095036161739
261.0102617567338
261.01005302556325
261.01343228982256
261.01795641799754
261.01486987749837
261.01516809639685
261.01516809639685
261.0915509379264
261.1287483790133
261.1303523289259
261.18933077182163
261.2784974547049
261.31544599346336
261.31544599346336
261.31162287687704
261.44629312168723
261.462861358189
261.4878716367781
261.489841808943
261.5182061534209
261.52316345282725
261.5231440334213
261.5231440334213
261.5223661138131
261.52238700219795
261.6932650125285
261.6941883438468
261.7497037163386
261.77197721259114
261.7715453386541
261.7715453386541
261.82858738053795
261.8318561473217
261.83444530270543
261.83149026471074
261.83149026471074
261.83870533846215
261.8948013138563
261.8977912755096
261.92448662155846
261.98925909324913
261.99136845623127
261.9923390942548
261.99234724941965
261.9891693579696
261.99085106748623
262.0158176409476
262.0158176409476
262.04733947144604
262.05184267002824
262.0701077143328
262.07013545701807
262.0801658599949
262.0801753814355
262.14737548347597
262.14738200840077
262.14640812004353
262.14600770033485
262.1568063354445
262.15915877163854
262.15915877163854
262.15915877163854
262.1603806854942
262.1615805367873
262.1724938612698
262.1764703868769
262.1764703868769
262.17482456089465
262.1813496839598
262.1813496839598
262.20803251833667
262.3650546890453
262.3761549182821
262.383254620094
262.3839528750673
262.38441336579984
262.38441336579984
262.55467056181874
262.55872409232614
262.5615864553547
262.5666550535699
262.56744913815726
262.62393571133794
262.64826127308254
262.65523738917096
262.65523738917096
262.65523901299156
262.6563841252789
262.67843317431607
262.67843317431607
262.67843317431607
262.6875255563024
262.6875255563024
262.6943461248392
262.6927125600506
262.6944158206669
262.9825653720302
263.03062887526426
263.0450241927611
263.0670803518875
263.069393806039
263.070779905097
263.1664801294962
263.2139669434125
263.2343537503658
263.29030407734973
263.3162928026644
263.3716682094126
263.37239937555364
263.5376764273085
263.6080917828243
263.6156055098134
263.6376578033946
263.65870604055806
263.6599445426278
263.70743330360284
263.70980610210637
263.82658027905546
263.82657915466206
263.82658491150903
263.8790856024047
263.88195503494194
263.87957911421194
263.88006354361266
263.92262385870015
264.02330248124804
264.1029144752143
264.1958593680133
264.2188313463491
