with mode=0, handoff cost coefficient = 1.0
217.94813548475702
218.0992547906713
218.09335560790703
218.08604432010105
218.31053310129013
218.37479534929875
218.45128439200784
218.4495273575639
218.4760274215219
218.68261483727755
219.23084962242515
219.82448259407863
219.9543055533336
219.97167171028724
219.97405302968417
219.96909105923362
219.94763956224716
219.94759885982114
219.94766924736626
219.97405302968417
220.12478479496093
220.14182281104868
220.28646895451035
220.28070294911734
220.35413713740635
220.39423858723708
220.3977573391912
220.46073806222634
220.45873752846128
220.45874602759088
220.51646765284215
220.51979773285743
220.523751864506
220.53435828168566
220.5715409538747
220.913955289136
220.9138732886025
220.92683627664488
221.01138536339684
221.09470533178654
221.09478523727205
221.10118307604716
221.39472313512644
221.67285206773104
221.668776722324
221.67126454961436
221.75906040293967
221.83029285740773
221.89581345655037
222.12066386106233
222.16292963096976
222.1853970900522
222.19666106129745
222.21983143638047
222.22539738425357
222.36983245723457
222.37441407783226
222.38674912221904
222.56120965523948
222.62765473174636
222.96122641644456
222.96167725582137
223.18766889531827
223.19549930908553
223.19279042843672
223.41860132011905
223.42290730189492
223.4246000372122
223.43688023981954
223.56649762156516
223.56758912996744
223.57104352562072
223.5990660812406
223.5985693923902
223.73194115067594
223.7980214291067
223.87349900702014
224.12164617491686
224.2888026941975
224.28881380271503
224.28881200806734
224.3714364334391
224.46314941282736
224.6026237536339
224.60267610290475
224.61380631620403
224.6140154635509
224.69750305133658
224.8190977307503
224.88060601969934
225.00194363696912
225.01884038416492
225.33092345514765
225.38932999017345
225.38941633958694
225.62158782690904
225.75870908113478
225.77957582845693
226.01150051531005
226.0167013216635
226.13669363053805
226.13669363053805
226.14221033317028
226.27503299725265
226.27971305283722
226.27995337305305
226.27740726986718
226.32309859782495
226.32310495218417
226.33817658531945
226.64812873110628
226.6558843495076
226.67134259743503
226.66983440828054
226.75382591339775
226.76427336973262
226.78698655385284
226.78849474300733
226.80175909865324
226.825425059913
226.82540369584277
226.827708356209
227.1369075618928
227.20158167643507
227.20662807975128
227.36080114234193
227.366564678606
227.37013422328778
227.370438890648
227.37457040305713
227.7304617189369
227.87497635334344
227.8750101379855
228.01969613735315
228.3180077477003
228.368128669055
228.43361996484524
228.66093423964045
228.71309024310884
228.71222592435095
228.85944824353345
228.86158122570387
228.86602017119634
228.97445609109954
228.96561498921798
229.09604567832804
229.1558558147247
229.15065962854223
229.26975945218584
229.41188546657747
229.41468674195926
229.44974363638505
229.4484970159682
229.58841550350564
229.587650771126
229.65185670463447
229.65413687644627
229.92627578098234
229.92351754786532
230.05747067293396
230.0643310676124
230.1951844732818
230.26228638675968
230.50333364608633
230.54539216371293
230.63906170631034
230.63913931211917
230.63917330538825
230.7599612543602
230.83594931081342
231.0164742915327
231.01646143330336
231.01989043980552
231.01839301736715
231.26146597352647
231.34905313508014
231.3924866094106
231.43126411098845
231.4227552260373
231.4174771277744
231.54810263520386
231.5494790652936
231.57933204859546
231.6588457412602
231.67224283116005
231.75597183951834
231.7535963405237
231.75378620479307
231.7596093940415
231.76306442486316
231.99293801293283
231.9929883771958
231.99597268002572
232.24905144235225
232.26672861227567
232.29059987698935
232.31252423236268
232.3183350851535
232.32646057962302
232.3773890923269
232.5061641242077
232.72213755963776
232.7215395449992
232.72186238114014
232.78567488532985
232.79316229913024
232.8628955468609
232.90110790120085
232.90111166511886
232.9992035705984
232.9984244268449
232.99968991801933
232.99949688826314
232.99996238189385
233.13271149959155
233.14584170973677
233.15337394687123
233.15893237224088
233.49018307672588
233.4897659728304
233.5752450688493
233.5754417203475
233.69185060777718
233.68204409940537
233.68207081011272
233.68041313078746
233.67984068109658
233.970482438703
233.99922223347676
233.99906804316896
234.00933075560613
234.10931801960433
234.13031167881311
234.13040350795822
234.1305540208659
234.12591353399668
234.1337995744755
234.1337995744755
234.14078088569792
234.14079803206457
234.28897593364456
234.4068814810071
234.4019438295716
234.41389102491556
234.47633207903695
234.50397411484974
234.59052800425977
234.83177681659996
234.83177681659996
234.84662184509844
234.8409963680575
234.84377622541152
234.85073903716344
234.860561323774
234.86549084139915
234.95072970985342
234.94644657263274
235.02428206031226
235.02017548777638
235.0206180200484
235.02698497856107
235.02689652386852
235.03502874558978
235.03530240557785
235.0204701764101
235.2927933330933
235.28503710250075
235.2736482377423
235.26311273622215
235.26216631132473
235.3201581070198
235.36313179370745
235.4023262144209
235.46574275172654
235.46880630343296
235.51543643465635
235.5893557397143
235.58930318976238
235.59659458761362
235.59656654467443
235.60830111693707
235.6708252655976
235.68670787372017
235.85009156492777
235.91462564220507
235.94082979747463
235.9408714756636
235.94311339688554
235.9435259531187
236.04247608938118
236.04114094017223
236.04169725320304
236.0416997434238
236.07876801558368
236.1506672601574
236.15691389429344
236.2517956560035
236.34322601869508
236.34318935617847
236.34322601869508
236.34455737683348
236.35664459290376
236.35664525407444
236.36024540340577
236.55783268788173
236.62967054164955
236.62967447967617
236.62967447967617
236.6296443069055
236.7026872313461
236.7048277861124
236.70434438607163
236.71136171254443
236.9679481464139
237.17648198464502
237.2282002863856
237.26341590222668
237.26658742291644
237.26658742291644
237.42495703317041
237.5062342002366
237.55458278487703
237.55458278487703
237.61610168094694
237.70988326234115
237.7849032967316
237.7848742920445
237.78607938619965
237.79476296433785
237.84475026991603
237.91964564983238
237.91962168638247
237.99689027798638
238.11512762411894
238.11049367053076
238.1105107547571
238.273663788229
238.27704029034004
238.28757623074156
238.29109663943441
238.3099280855134
238.313478146736
238.311647260132
238.37627980331985
238.37776603386206
238.38317450670976
238.38317450670976
238.38320889408558
238.5947901291028
238.59762040151628
238.59843776736375
238.59848650113872
238.83125181738825
238.83124094321613
239.08410596294192
239.1788563662259
239.17743517333696
239.20098478578348
239.26268764084818
239.2627037866382
239.31461731225454
239.31537406860676
239.42361144013546
239.42361144013546
239.41625369958487
239.41916711877448
239.46904757806894
239.46907334435912
239.48328195261078
239.48328195261078
239.4915984904556
239.49427671311972
239.52943135535827
239.52943135535827
239.686918443056
239.7489010609454
239.79920239754324
239.79920239754324
239.80127439166242
239.809601926486
239.8118279245961
239.89678725396632
239.90381193476864
239.9768312205096
239.9908982425284
239.99424073653793
240.00932194774518
240.0779705503472
240.07902916428318
240.07579839884872
240.09124018025133
240.24364429088953
240.33612345322942
240.33131758787593
240.3265560616367
240.32119046374564
240.3762751749261
240.4671077617469
240.4913197176632
240.4874404150695
240.6092336311246
240.62352947096838
240.62350882120217
240.6234846912368
240.6218182267677
240.6309127215959
240.71821439172768
240.71823198799453
240.76797241309285
240.76797241309285
240.76797241309285
240.76797241309285
240.94641645196995
240.9511086205091
240.95114750499175
241.13062222230067
241.2875545666012
241.31650798700687
241.31652973563558
241.31652973563558
241.5158917218606
241.51589351885207
241.52228235583988
241.52534858509063
241.52200447439265
241.5210640728409
241.54425328971107
241.66039710692232
241.66043218687471
241.65845111261862
241.65084879704855
241.65080502245846
241.65372629935334
241.7532575946411
241.7532575946411
241.76812484960956
241.9001291185684
241.90013555455207
241.93096364671996
242.05227662427876
242.1351090204419
242.13963089199717
242.30034531212763
242.3216035509773
242.33325193802438
242.47704962564632
242.52088579556863
242.54203280389214
242.54400151233762
242.54400862375837
242.54437574579464
242.61302371638521
242.63219070416864
242.78538797252094
242.89579004647217
242.89580887524733
242.90215422057946
242.90215422057946
242.90215422057946
242.91430241597004
242.9211281649934
243.0630361270522
243.1898911212472
243.19082739005947
243.34797915728697
243.34797915728697
243.34379930135475
243.33627589962236
243.33627153460483
243.34797915728697
243.3475228767734
243.38124401029864
243.38160528882366
243.3822781457439
243.40103055222468
243.4087372431553
243.41076986568655
243.41903128568222
243.45839375217153
243.45925391617325
243.45991536877287
243.46329751584454
243.49765010282434
243.49765010282434
243.49790350317343
243.49894270306643
243.49734163382274
243.49777281693193
243.49888191186793
243.5042483941771
243.5021936866361
243.50705216046225
243.5415351667832
243.5419913144982
243.56211391733837
243.56075806701583
243.55918717918794
243.56037783794815
243.5592404185967
243.56211391733837
243.5635706459449
