with mode=1, handoff cost coefficient = 1.0
217.94813548475702
218.15364104187066
218.34597903649782
218.54103327638003
218.64296538246052
218.83434952028549
218.98225283047975
219.03600585892525
219.13407777942047
219.27290766794763
219.36231398474646
219.4470923429711
219.4878372190236
219.57772170262325
219.72894595768037
219.88657389267388
219.95627124058174
220.09415936355214
220.20332249155783
220.33823260604967
220.55113762242917
220.6089464899859
220.7373412833478
220.94745219030816
221.0959082842735
221.2940643314983
221.40084362232355
221.52002773485123
221.67258505973643
221.74620869537776
221.886968612948
221.95041093890453
222.06662672549092
222.25306776593
222.44376455894775
222.74542452469674
222.83948721798998
222.88035180509513
222.90510345781425
223.0227074022277
223.12798395259387
223.3906996926501
223.49113265177039
223.6850173256729
223.86369505824055
224.04303013491926
224.15239134894017
224.26331358696422
224.34251399033886
224.4394776135269
224.62145405916806
224.6739245810895
224.8339532126812
225.04476646337366
225.2983973564325
225.4213085895499
225.49961299635507
225.75518804870723
225.91316665604322
226.04156973490313
226.12101045457948
226.269331221982
226.44989460179548
226.532365770621
226.5889599505722
226.7216284991512
226.9427875203728
227.07741179558434
227.15253132348187
227.30560726536896
227.49172672776612
227.74444753555827
227.82656091592105
227.89167257329865
228.01201379800443
228.11072910394694
228.23158686230414
228.32641212367471
228.49432569816238
228.70735596216326
228.889852775044
229.18671632246762
229.2361251023224
229.3018259550972
229.3449536209531
229.46334920977796
229.5972893693403
229.74242254487558
229.84840938840267
230.0652583603243
230.12641213393522
230.27951408617568
230.28715859605353
230.3521980708733
230.43321854526036
230.47853120869232
230.50322365867575
230.5723453305827
230.6890774533785
230.71852155757117
230.80160418428636
230.95447502365664
230.97835354719237
231.0801607818157
231.14811805392333
231.27668976877965
231.34009302106006
231.4588298907095
231.6543792389296
231.76047149928044
231.9439351022051
232.00368655496038
232.09855835184027
232.21045935192916
232.34360002254883
232.40889191997948
232.66983953035648
232.77561820219583
232.81472896057443
232.95423883407622
233.0203395259425
233.04951505134278
233.20886700538037
233.33622336377172
233.47893571097904
233.6202318680876
233.72974822113173
233.76236715643088
233.84485808753567
233.96856453958958
233.9956914396097
233.99737008212438
234.0860293946452
234.1618666459889
234.18929264589576
234.23192188486843
234.3356031453628
234.41966103909897
234.51554171069003
234.68258078716548
234.88531716690764
234.89804169889413
234.92844899192085
234.9865367163908
235.09491425357743
235.34029244083158
235.4129679180117
235.59930756087024
235.62099152512076
235.69461113310572
235.7543102073717
235.81172006459607
235.85848721062402
235.88359707233738
236.00125416601884
236.02013458285302
236.2159806201438
236.2706880013931
236.32516962515228
236.39695937607348
236.4299803601781
236.47271623615552
236.53721573033016
236.6410562409497
236.73120970633892
236.72966256040172
236.9648014663007
236.9776594001898
237.10668691371063
237.1451772906777
237.231397574677
237.2480633955538
237.38101580984298
237.40745295419404
237.50033380486767
237.6027010365621
237.6444140607086
237.78245251812822
237.94533939415373
237.99155306385703
238.0228116073467
238.11078837645613
238.10936968213917
238.12500868318057
238.13478955987088
238.2468033037672
238.38722616703183
238.52947504673756
238.5957219812338
238.61476912245
238.6532165688077
238.6663966825188
238.70993287678286
238.9024325003577
239.02021837306532
239.03533521663144
239.10757806501834
239.1378279268474
239.324727992194
239.42933358502407
239.49100826368513
239.59338975608375
239.59336879387683
239.62179250688658
239.75260200954853
239.75193475168177
239.7735491618132
239.8077644175952
239.8649685780013
239.88007972675652
240.09591204265783
240.1421861224774
240.17872989270302
240.19264818628736
240.21383356739761
240.38659692874117
240.45450053947877
240.45998534876333
240.52542371129226
240.61585539872013
240.64541893331466
240.68872466551394
240.75038836855532
240.786693085958
240.86561509036997
240.89938775343896
240.96143932005052
241.02563286394894
241.02999086795805
241.0430636747676
241.0557118806563
241.07967948771054
241.16852052805407
241.19264289276654
241.23427341309474
241.31959352597374
241.36367955820606
241.3854385470757
241.45468320187277
241.5142272171227
241.56249913038636
241.60588189615285
241.61268547977446
241.69972291795966
241.76308854681992
241.77727900792289
241.8253244357524
241.88243878788447
241.90746347662397
241.93801138406673
242.03836374996814
242.1762050487135
242.23358652587152
242.23350213934245
242.27028419491242
242.29100028292953
242.45336733730383
242.5471946220022
242.5898408943067
242.6208014938383
242.7109900661679
242.74155058040367
242.80593279574313
242.85891322318247
242.92436808295284
242.98091136347705
242.98958573564312
242.99647001772618
242.99615738521598
243.01718979968956
243.0677448251724
243.08363719670567
243.13132136200278
243.1491446164236
243.17001116679592
243.16787949198113
243.2362970378142
243.32031646539326
243.45060476253278
243.49826428731117
243.5163628747688
243.5359797990384
243.54931860232986
243.62557629053572
243.62332677098095
243.72136781777937
243.74179981063767
243.75099716874365
243.7503729422218
243.81844162325083
243.81950661501514
243.81296097827484
243.82715159718649
243.86427577042866
243.86882441767324
243.98042693697158
244.01162853498275
244.0692177774081
244.14421579587957
244.25536981359568
244.25618319214388
244.2933955805371
244.32839156128057
244.32884632418853
244.37102915300494
244.3885067118807
244.3895621574731
244.47082248556595
244.55326455290913
244.6502851427455
244.7073296104123
244.72498806777617
244.77355071225978
244.78749500148604
244.7905069434589
244.91099204124743
244.91716993525534
244.9447274321792
244.9747737900908
245.0794324391467
245.13385887684865
245.15894197778434
245.1579622552749
245.21807290227756
245.22230831914058
245.30970957875556
245.34990552440726
245.38052659653923
245.45698251292615
245.47522324746654
245.54848611830135
245.5511663566566
245.5807975650907
245.5974310192312
245.6236902830572
245.64774721226303
245.70203895750575
245.7293669540353
245.78683578410528
245.84642863883408
245.89790119309822
245.94361706192683
245.9578342432801
245.9647877935433
245.9921779369185
246.0420855171454
246.04910836027364
246.0476730125427
246.04337088267715
246.23353211618326
246.2403495798354
246.2493391958959
246.27067958979546
246.35659864855313
246.41634355094993
246.47303558182114
246.5383771119328
246.55902325846534
246.63825243620454
246.6419211930136
246.68444495332042
246.6951496508027
246.734986674156
246.76189589772278
246.7962965752709
246.85027966012552
246.86281413297135
246.8639074690592
246.8928973247939
246.93374156944125
247.0197630389437
247.02731731155407
247.07642393814552
247.10398288549027
247.1353018702577
247.13729305489161
247.17519473933996
247.19983251923367
247.28475754987278
247.3157595000776
247.35466056610417
247.38340876098033
247.4372937773136
247.4422978745598
247.44967118679375
247.49984261108182
247.5562869945688
247.617374190694
247.6257176717867
247.64169159104654
247.67371410269953
247.6867605467056
247.68729899319092
247.71208164463837
247.73443159988796
247.7824080795566
247.80299735216866
247.8868395518828
247.9541913898461
248.01074119739863
248.03773918807946
248.10772287452968
248.17943207332763
248.19272040990947
248.20619846955833
248.20927658330083
248.2395694722378
248.2786428205452
248.3083763420191
248.32799163595868
248.33571083076455
248.34229287268798
248.4618106593478
248.49722837074344
248.55367928662127
248.61378206391484
248.62677807107036
248.65544813355532
248.7020921013688
248.7124103960732
248.7523289751323
248.81655471499909
248.8121005276457
248.86216267366183
248.8816308408026
248.88459224269906
248.948839734206
248.98469325906288
249.01577547347577
249.0737136822048
249.10007317696756
249.1636270963467
249.20860109652364
249.2070464763043
249.27479469694325
249.34148571044582
249.39853119328052
249.43441562614188
249.47801676099945
249.51453196202567
249.5349742740723
249.628198803206
249.67497683436673
249.72643866990416
249.75485761624037
249.7671550272929
249.91479894086063
249.93762691325077
249.94786775843227
249.98001427487887
250.0073775817459
250.01693057256313
250.04484346411584
250.0798954578214
250.08271216091322
250.1294306230904
250.1464475057171
250.2690066028224
250.29402812366567
250.29359288186987
250.33788714643956
250.39934065833324
250.4128123833556
250.42644602230993
250.4274642413234
250.45376770703146
250.45965720362847
250.50539405673229
250.54630856061365
250.54956884232885
250.58644423664094
250.60983761444197
250.61632087379394
250.61267548380664
250.6630371538564
250.67835475929746
250.67100156948243
250.68046642323333
250.7407221343411
250.76360900755583
250.77235376852124
250.79181696738218
250.7994766634622
250.81235910229063
250.8525213913248
250.87685925460028
250.91347781353056
250.96672136407804
251.05422526431255
251.05969203158708
251.08867522095576
251.15575647486946
251.15726712603112
251.19384501248408
251.21983439034852
251.28938011535033
251.38089342207118
251.4134515638486
251.4200316236679
251.43545430400354
251.50689712666983
