with mode=1, handoff cost coefficient = 1.0
206.6096537217651
206.64885664190845
206.83409322549065
206.9231350343126
207.1144579151714
207.18687760816772
207.23842065896443
207.45845353460751
207.48869586419653
207.6788027071351
207.78964472642295
207.83632290741676
207.9976055571345
208.06945878750318
208.15506575215971
208.2082210495568
208.30218115631249
208.43772440429868
208.61028597268933
208.71519566158804
208.8703383439406
208.92914450193533
209.0870050662828
209.2669505771335
209.40207670206783
209.63675663322206
209.7367493086498
209.90015758300996
209.9830905878467
210.02565879011365
210.09183570717795
210.2775413017112
210.37264896070528
210.44244476090756
210.54740366644614
210.6698540562794
210.78859496741623
210.97677422915984
211.01912188717895
211.05834428206163
211.13724070590925
211.27115257468682
211.40211637730684
211.51433461151925
211.6625965332384
211.79509176706523
212.0164789216101
212.11368278157988
212.1968426890804
212.38776045876048
212.4845400401187
212.5505088838066
212.62814941070934
212.6891824461769
212.8505311332856
212.93493282993697
213.0215899772249
213.3146581909308
213.46832318072188
213.60954255873952
213.83747754513797
213.9169539266992
213.97280228465604
214.02785693491552
214.1539024559394
214.27933494730593
214.35558395015957
214.44888663568167
214.56176878372952
214.74030855569944
214.80164115777535
214.9369797151289
214.98481077359844
215.05448719923785
215.22667381659068
215.28022748406286
215.36645688421208
215.4520778325754
215.5448687220828
215.62082511935586
215.69985404249144
215.80245219486844
215.99370214794143
216.10044080860024
216.28112120996934
216.54165863129583
216.63618521313026
216.75969302633357
216.94905164380992
217.08351643249924
217.3707134579582
217.47667269054415
217.5373741579216
217.76211761900547
217.9783440229378
218.0477078074146
218.11630055320364
218.18940618573134
218.30554373580884
218.3418012131144
218.44037661605836
218.5256461714636
218.58339468684377
218.6346868628031
218.72504959627668
218.7852690453421
218.87460542368257
218.9738866532513
219.107517152984
219.31220959333484
219.39607543541217
219.57363670036503
219.68059093577057
219.71155963010833
219.76579977959628
219.7706256378076
219.7940873196846
219.83673381582327
219.9394416712634
220.11428707257198
220.20864320018381
220.2439972098319
220.2696773957836
220.45467024189148
220.60246782795687
220.72899412363756
220.77731110799846
220.90322773802225
221.06489449085035
221.15734752528374
221.36266834544764
221.49774291111436
221.52535634352475
221.694236221332
221.79984740741384
221.82947386072058
221.96057809712997
222.00252955306948
222.04170822165213
222.1345619605223
222.18036583386666
222.2114931284594
222.23149529274474
222.24790730602692
222.34046531334704
222.50426875408218
222.53973458771083
222.64339519504665
222.68008096299445
222.79535525426607
222.82925145391854
222.83434133194234
222.92063939987173
223.0005392540549
223.01528150386878
223.0421216126987
223.08807165150716
223.1311817201802
223.18510801156827
223.21499617452375
223.24047879621062
223.24704940914557
223.31869838888025
223.35251445028507
223.47326452534227
223.49267563565144
223.5413227099981
223.55292808273583
223.5738301025682
223.70107029758347
223.80388752139604
223.91107648454772
223.99057855578315
223.99330512374135
224.02790394668028
224.0581002149462
224.08580727531577
224.10811322078854
224.12368245460067
224.18613006062193
224.20920746298646
224.24834501892536
224.25034203952305
224.28146891873905
224.2981203387012
224.3788320523675
224.3804739417203
224.42300592055025
224.50254315815525
224.59448435787516
224.68837617633798
224.73031046821205
224.7753256552198
224.8219729200712
224.82314234335234
224.91731170501802
224.946938145297
224.98717731389394
225.034749596285
225.11282783139345
225.11027974269803
225.14879175269238
225.19747041384204
225.24415084143143
225.29879849096795
225.31450093668252
225.3727753443285
225.44885673399955
225.46184083530318
225.56417462883505
225.63741142296408
225.6497950898847
225.6765626384328
225.78725970681234
225.88385687323148
225.90623483136127
225.90797114021348
225.9702361182921
226.04976557056958
226.0961792893119
226.12035378057288
226.12818363561524
226.13103023306104
226.26636255052983
226.33080739038263
226.4381226293111
226.47517312723204
226.4837279045253
226.4894053000053
226.52958997505547
226.64616653310247
226.74373693049043
226.74566405617455
226.75041284298973
226.79567477747997
226.8389103642952
226.85428180519972
226.85689746721545
226.90383303747558
226.92862542341155
226.9726592176537
227.01058877810374
227.0512648710777
227.07590024846132
227.13375374048752
227.14296889398193
227.18860170997615
227.19204693867638
227.20489723542886
227.25708293438612
227.2753762125418
227.29118882768742
227.30391633658203
227.3577808478043
227.37571018358636
227.38008966735543
227.44718301656394
227.44875587152464
227.46611234359975
227.48687656239787
227.5349358181143
227.53740625101284
227.60613958015128
227.63928907267376
227.6764999424396
227.72718009891756
227.82852681178102
227.83916162951803
227.88935251347684
227.966983407702
228.00540735779285
228.08380469300042
228.15819028446606
228.2369302233863
228.26680126743102
228.26782841645297
228.28935333397274
228.41961836746052
228.51360950837596
228.5663192305422
228.57770010242535
228.58981535841355
228.59899546511005
228.63515574896394
228.6339526363799
228.7627261518699
228.94387695234505
228.99399186790097
229.06059208713955
229.0706405116178
229.07093778004977
229.07535361344628
229.18248268637652
229.18898741737883
229.20095627127537
229.20317993628004
229.39628921270307
229.4432263620795
229.54918426823687
229.56884968500867
229.60979287430175
229.61187978504572
229.65097219066325
229.71077264130727
229.79266722191605
229.8121224518342
229.82521020195028
229.83616708696422
229.86387842991434
229.89448044507714
229.955511534192
229.98893203571387
230.0359321466021
230.07909763275285
230.1522863910117
230.1752624061817
230.21422155922005
230.24697419915285
230.27262214077686
230.32490103414068
230.3504231311794
230.37928457017347
230.3764288943715
230.43646723316573
230.50247888776107
230.5095052393844
230.54630435589533
230.5703195522027
230.58761277849516
230.6644924797325
230.72168815813325
230.7216162398518
230.7970509872961
230.8169323388961
230.82096501742132
230.81951372420613
230.84638399118347
230.90308256697278
230.91323321568046
230.96001265035014
230.97365326049794
230.99209398723775
230.99366659266343
230.99419249767345
230.9919257075663
231.0497139946282
231.05111132095135
231.10647194149902
231.12940848764862
231.1385377900202
231.16591200764375
231.17937039713317
231.2174250952461
231.231316388187
231.24516509534047
231.25085794251422
231.319755388209
231.32267485906954
231.34466837794506
231.35017658076634
231.34236833567473
231.39763084383577
231.42494198886135
231.4351349621489
231.46051386921235
231.4718158582858
231.51258968556252
231.56392170883356
231.60778453837338
231.64116766336815
231.65778499697578
231.6646489366216
231.6971381064947
231.70303409223777
231.80769458552336
231.80819395776155
231.84339789619784
231.8400344892756
231.84804769788994
231.89529808489294
231.89712949095244
231.90139593647731
231.90808030560834
231.9125167393963
231.92234374449737
232.02954444866734
232.05313836034415
232.06133511790176
232.08804131741672
232.12790867456195
232.1714879705502
232.17469209009369
232.2224934057979
232.25187447538838
232.26861738479332
232.34111291241788
232.382564983606
232.39469389351467
232.44349703862423
232.45082976610922
232.50943053340393
232.5291906287933
232.54880014923438
232.55873662112324
232.5633845405771
232.56403239007187
232.57560350737896
232.61366234089078
232.61555575415383
232.63857895484895
232.66614010878075
232.7084293096673
232.7432163191557
232.82194611245694
232.82428313644255
232.83633615166744
232.84049358264147
232.86333929906525
233.01553625335956
233.1049427239551
233.1099609002045
233.1302246238501
233.30306070097632
233.3358227453116
233.39966278754358
233.41324578019382
233.43225151946223
233.4491559473931
233.45563775841126
233.4825680621794
233.48645285393468
233.4866511727477
233.58374377087637
233.6378105005622
233.64466037863883
233.6614067160825
233.74132903741568
233.74460767536405
233.7537883606999
233.76039815405812
233.82326593133098
233.86504812254827
233.90464526793284
233.94105486397794
233.94733251251043
233.96695332668372
234.00127733439658
234.07818413720148
234.08705758088163
234.1259738687841
234.16874109258185
234.1891425623045
234.20954074137487
234.30414585569295
234.34430351127438
234.41663449008723
234.4464666176683
234.49934420748912
234.5406405310585
234.57122659005807
234.61602195656025
234.6215591339348
234.62677833049028
234.64210027795482
234.66677597492279
234.70471876159507
234.75480359887635
234.80034481127177
234.85773758958743
234.8616132956484
234.8694047591339
234.93271180753635
234.9496343244789
234.95562084103054
234.98618824709453
235.055680441187
235.09013958963757
235.22117639831654
235.23234987727406
235.27202362979654
235.3084295503289
235.38994547176495
235.3919229858976
235.40473667182363
235.42869353701607
235.43926313940386
235.51119767068684
235.51445960867824
235.57040203920295
235.63178250985135
235.68516684687788
235.74843808036792
235.7539332990734
235.82320642341108
235.86582499397593
235.894230959509
235.9103579513982
235.91195915162012
235.94771567796766
236.01227429687333
236.01227429687333
