with mode=3, handoff cost coefficient = 1.0
206.6096537217651
207.13799052037385
207.65987732193935
208.26539473386788
209.46208116357505
209.75779192304896
209.84796543237948
210.00994516382366
210.17826494181813
210.36413144968975
210.4047543358858
210.5311022186299
211.46128758187044
211.46014805880702
211.5337023853522
211.53410660340757
211.64634789122175
211.64597604311757
212.1221733804427
212.5370844533707
212.85343925458997
212.915429748805
212.99077547803248
213.08108890013412
213.0812595292475
213.12401904904405
213.12380345716727
213.43268265738604
213.43265063207846
213.432510493109
213.43244652665535
213.43244652665535
213.6822388475704
213.98052520980346
214.05359342851224
214.28318136810935
214.28349312707604
214.3197934486128
214.3194106101579
215.51287690050023
215.9153829981672
215.9157662329421
216.4181809210587
216.6051558281256
216.64912878596957
216.66651410268273
216.70144049982358
217.07098917092705
217.07068696027986
217.5837450804635
218.0404957403331
218.03976941560913
218.25403194593775
218.25659535472704
218.27956325677172
218.2797819474552
218.27916799497234
218.3248496657709
218.51774364371528
218.54347206270523
218.83694144916734
218.83736509672235
218.83716096931482
218.83659446011953
220.16591572632964
220.67646776196148
221.35396964703827
221.3743086747438
221.96285070795872
221.97769084652768
221.9782541855455
223.91109062118673
224.72364128725937
225.235918243023
225.63955026010694
226.4599387941569
227.4789192572723
228.63139325411865
228.9963934254442
229.19898863125738
229.6501931218097
229.70072364784681
229.96658052627092
229.94114473671462
230.04523850271656
230.20745848565042
230.36074195921697
230.36334700934933
230.57003321321633
230.69851556384944
230.69794835116159
230.71578539248574
230.97695891291093
231.06537840993857
231.06728753365303
231.08651702376966
231.1418432728338
231.3139501925489
231.3152451547345
231.5059705203862
232.11340932736013
232.11211089333042
232.1121241814302
232.1458110053386
232.39279766861006
232.4718609893638
232.6044412194482
232.68711325707957
232.71577961702624
232.74945860680648
232.7495452014356
232.7496814238228
232.7526997228924
232.7526997228924
232.80984909886044
232.80985532844673
232.863824802455
232.86395598737008
232.95785896747694
232.95778032335133
233.02134911311825
233.020967466631
233.03596978899984
233.03833627863824
233.03868255944533
233.13938234115503
233.13976154522348
233.12877421839116
233.223789363878
233.3400987139474
233.35109832694005
233.36482941983456
233.3872292036095
233.4067610383474
233.42153714877426
233.4200938881776
233.4309400717867
233.46949412401852
233.57978741579478
233.5977386883926
233.82034412636028
233.80315469737502
233.80652457186875
233.80545594901562
233.92892994787502
233.95173391947142
233.95605930943466
234.01440577252134
234.17387086774715
234.173865918736
234.4216517776147
234.42822237364467
234.4388743019088
234.48994087953554
234.5143692217689
234.55936931724298
234.56689130990438
234.76791725196503
234.779398373304
234.86305337132794
234.86285629730563
234.8612959397984
234.86129453083967
234.86129453083967
234.97023668929833
234.96065929966912
234.9857013843616
235.00097572808957
235.00093354561895
235.037823063492
235.0270597804722
235.04047145162292
235.57907990773703
235.57898194512677
235.5811195233646
235.58112042494557
235.58112042494557
235.7783954922592
235.81130950439936
235.81162674559775
235.81602066002947
235.81605154191456
235.82340681589525
235.82666771053945
235.82690581849496
235.92790240942958
235.92794578541202
235.92803769893231
235.9280306168061
235.9280306168061
235.9280306168061
235.9280306168061
235.9280306168061
235.9280306168061
235.94654529397417
235.95792158558208
235.95804855437729
235.95904447712547
235.95904447712547
235.95904447712547
235.99370034558507
235.99364619322085
236.15949192057246
236.16575150008595
236.1660258124054
236.16632440220042
236.18038986875055
236.18027457279842
236.17994142978753
236.18461563100263
236.18461563100263
236.18418270080886
236.1846150738913
236.19091936524913
236.19072734974955
236.19072734974955
236.22963482616794
236.2363635357863
236.23600691568188
236.23852695434007
236.23862484659284
236.23862484659284
236.23845487807924
236.2604490228771
236.26134411621845
236.24874186696255
236.24289850517002
236.2572844612038
236.271536627616
236.27162105031238
236.27153741950175
236.27153741950175
236.27153741950175
236.27153741950175
236.27153741950175
236.27153741950175
236.27153741950175
236.27153741950175
236.27153741950175
236.27153741950175
236.2886917253048
236.28889089990392
236.28690737391898
236.28730710653244
236.29204374804738
236.30349840352326
236.30369540542168
236.30911054117783
236.309245307959
236.30932893724318
236.30914536518466
236.31210789691144
236.31560453068695
236.31958622627147
236.3194886403064
236.32704928314544
236.3396446829551
236.34892676855614
236.34637580056219
236.3463123361411
236.34840500671413
236.35533509361898
236.3573297184716
236.35499955805315
236.35492881198212
236.35492881198212
236.36290589802923
236.3806226836571
236.38208681434742
236.3819088407622
236.3848171268962
236.38999623849458
236.386418868605
236.386418868605
236.386418868605
236.386418868605
236.39425010984053
236.3987818593872
236.39857173425958
236.3984056304792
236.3984056304792
236.40556070120127
236.40893377658287
236.40862987122816
236.41325074944342
236.4136098933444
236.41808980989285
236.42165633027778
236.42205787979333
236.42570064188084
236.42469179368868
236.42469179368868
236.42748596284113
236.42811912128002
236.42803884106962
236.4484885694192
236.4631274117961
236.46290522790665
236.46529448027306
236.47092893298716
236.48585800858066
236.48802780708513
236.5532175194226
236.55296442604785
236.5533374068677
236.55365283411274
236.5602054407464
236.56232099676745
236.57223719567222
236.57231061976128
236.57936657315182
236.58140250080035
236.58494303311946
236.5753645859739
236.5753645859739
236.57780434992213
236.60514769552572
236.6084583505401
236.6333840744552
236.63360938018013
236.65523196930647
236.65485642987616
236.65414476843196
236.65321495505964
236.65321495505964
236.65321495505964
236.65321495505964
236.65321495505964
236.65321495505964
236.65321495505964
236.65321495505964
236.66435133791407
236.661956078968
236.66467569177087
236.66609566848445
236.7455770396375
236.74463521425764
236.8281656568068
236.82724834875768
236.82865146183246
236.83199924512115
236.83383514494585
236.83409171809473
236.84027480941222
236.8438017356263
236.84365581724802
236.84371103771815
236.84392628483235
236.84392628483235
236.84392628483235
236.84392628483235
236.84392628483235
236.84392628483235
236.84392628483235
236.84392628483235
236.84392628483235
236.84392628483235
236.84674606426924
236.8467756634576
236.84695668758502
236.89565685128593
236.89560055881543
236.90225289798855
236.90222385633282
236.90372369681117
236.90387626109185
236.90387626109185
236.91380341733617
236.91371732300277
236.9139001838147
236.9137334042904
236.9137334042904
236.9137334042904
236.9137334042904
236.9137334042904
236.9173434018479
236.91744285036825
236.9175738944159
236.917708588043
236.92162535956737
236.92709382993917
236.92713753400514
236.9270645485883
236.9252573677655
236.9252573677655
236.9252573677655
236.9252573677655
236.9252573677655
236.9252573677655
236.9252573677655
236.9252573677655
236.9252573677655
236.9252573677655
236.9252573677655
236.9309299117466
236.9452788968478
236.94512264039184
236.9437717245661
236.94423498472455
236.94423498472455
236.94423498472455
236.94423498472455
236.94423498472455
236.94423498472455
236.94423498472455
236.94423498472455
236.94423498472455
236.94423498472455
236.94423498472455
236.94642093318606
236.94675858808637
236.9529942192013
236.9511039651993
236.9547923056948
236.95473267540802
236.95473267540802
236.95470464270215
236.95470464270215
236.95470464270215
236.95470464270215
236.95470464270215
236.95470464270215
236.95470464270215
236.95470464270215
236.95470464270215
236.95470464270215
236.95470464270215
236.95772404565474
236.95803956504767
236.95796631417005
236.95791965292682
236.95791965292682
236.96942323213602
236.9695549812086
236.9697893810773
236.9698158186706
236.9698158186706
236.9698158186706
236.9698158186706
236.9698158186706
236.9698158186706
236.9698158186706
236.9698158186706
236.9698158186706
236.9698158186706
236.9698158186706
236.9698158186706
236.9698158186706
236.9698158186706
236.9698158186706
236.9698158186706
236.9698158186706
236.9698158186706
236.9698158186706
236.9698158186706
236.9698158186706
236.98118547873236
236.97974826173134
236.97973815709946
236.9813936166439
236.9813936166439
236.9813936166439
236.9813936166439
236.9813936166439
236.9813936166439
236.9813936166439
236.98213525984852
236.98213525984852
236.98213525984852
236.98221985532354
236.98221985532354
236.98221985532354
236.98221985532354
236.98221985532354
236.98221985532354
236.98221985532354
236.98221985532354
236.98221985532354
236.98221985532354
236.98221985532354
236.98221985532354
236.98221985532354
236.98221985532354
236.98221985532354
236.98221985532354
236.98221985532354
236.98221985532354
236.98221985532354
236.98221985532354
236.98221985532354
236.98221985532354
236.98221985532354
236.98221985532354
236.98221985532354
236.98221985532354
236.98221985532354
236.98221985532354
236.98221985532354
236.98221985532354
236.98221985532354
236.98221985532354
236.98118547873236
