with mode=0, handoff cost coefficient = 1.0
206.6096537217651
206.60958247130046
206.6063408851666
206.64877443066817
206.63156065659152
206.61836731779485
206.77393052957078
206.81434244287502
206.89859312273376
206.8921231887834
207.0645335625362
207.12756029059943
207.14326346226275
207.6031550363584
207.9058692409384
207.91665886226232
207.97435840512108
207.97427108061456
207.9427070005308
207.9451244015718
207.94510050477496
208.45292926339673
208.65355901893224
209.2488549465969
209.24513718800213
209.18594623684132
209.18592262916272
209.54285580027314
209.56079983131
209.6309961083095
209.66452506887416
209.67687942976545
209.7058447035663
209.74803262473608
209.7466933693517
209.80538844013375
210.39040421705528
210.39074467625898
210.4055065036522
210.43173644821616
210.79284163752152
210.79172862727228
210.77451731331803
210.81766662795798
210.8436683775359
210.8488762997029
210.8825915952985
210.88628790238306
210.91922910775833
211.63659338946073
211.63659338946073
211.618610991659
211.65319766543502
211.65305659773486
211.8365002481545
211.8375998615204
211.90431862861934
211.96034507734942
212.01079768467872
212.01073152333888
212.01073152333888
212.05938734086436
212.07058705433147
212.16509639851938
212.17206042475715
212.18592399813258
212.235410754551
212.23538277954088
212.3815753995549
212.46935753149685
212.7954030939968
212.92727605421027
212.9481466156212
212.938091209062
213.10781026138375
213.3663442985522
213.37439344988113
213.37442442268693
213.5188121349802
213.51863158428023
213.70437022208012
213.68734765395465
213.62692226046553
213.62493476343573
213.95639440014062
213.95241584456093
214.1190578974469
214.9679418791298
215.29749717212653
215.30590722251188
215.30590722251188
215.32692916818277
215.33556491712656
215.34912428397038
215.34912428397038
215.42887918095207
215.42887918095207
215.49874233512324
215.62934459523703
215.6518886351411
215.67754190994387
215.7920572540144
215.79670636037923
215.80521017711723
216.18040414152486
216.1788793380845
216.12264918244645
216.12255231562608
216.43433094942588
216.43402060936904
216.4341631420566
216.46657172001582
216.46713448120204
216.4809545834489
217.16717571233417
217.17306248320924
217.1947664002512
217.72296628062554
217.7328043708783
218.6072125923076
218.6072125923076
218.90443788237786
219.04476299216492
219.12491790377297
219.22421948883994
219.21925742748496
219.45171032957344
219.64014211295995
219.76450864359174
219.81224858739702
219.85396616292707
219.85402356926465
220.1410408324003
220.25674126807277
220.228779713707
220.27774046147698
220.3169359647626
220.37904825613245
220.61001791104334
220.6101159197494
220.6133585357075
220.6645769172501
220.78595878626533
220.82295029297183
220.84471624404574
220.84160720403503
220.96125878075134
220.97247707069792
221.1569256064988
221.23626729028135
221.28895878128097
221.2917242303761
221.33601044822174
221.3360552387056
221.3360552387056
221.36278444500172
221.37033386014033
221.38513610053664
221.41060645614212
221.43087709233964
221.7242264690386
221.7611705086015
221.79355027215817
221.79412537998363
221.78986040648712
221.8123508046767
221.82372087090815
221.82602978983869
221.90302371146197
222.38432748675785
222.38432748675785
222.38194490885405
222.40517359379277
222.4656882618694
222.46573513092278
222.47445786273425
222.47458056901382
222.92873265739462
222.93088752462205
222.93358924168348
223.2923672531585
223.50618427519277
223.46309326745046
223.44834377761367
223.48851116728224
223.49287616415552
223.50618427519277
223.5518753029861
223.59752325364593
223.59752325364593
223.60369098228603
223.6037006859624
223.63006883880905
223.6267806750675
223.88374948747918
223.9277593580116
224.00882715258678
224.19370921635397
224.1937827611145
224.20187675185986
224.20564938767484
224.2535551218745
224.25693138936214
224.25718052947167
224.3057512927889
224.3485657229266
224.40256666867094
224.41770678967197
224.41771539249515
224.45596347716582
224.46047242903774
224.4663251098555
224.6269356652537
224.65865798650574
224.65868389062476
224.66128815616568
224.66128815616568
224.66568101655744
224.665690532948
224.66617612861663
224.7186916931624
224.7186916931624
224.7772123054941
224.77731335887128
224.78294939086072
224.7832844377092
224.79683250808569
224.80246818590052
224.89805461368957
224.89805461368957
224.8980489532703
224.8946332025933
224.93445541606275
224.94624388637902
225.118875660966
225.12540763093784
225.12540763093784
225.1239308425375
225.15738006935754
225.15745105228115
225.18059592294622
225.1882183424936
225.19024892405014
225.2025721860222
225.2042955226297
225.20824268601322
225.2841035932258
225.36478013866886
225.545226575922
225.54785188715175
225.5457719975537
225.54585850478236
225.55401849785383
225.62706006620752
225.62706006620752
225.69616417044696
225.70313417075255
225.7007195742106
225.701385145871
225.70150362746236
225.76757620743984
225.7870173642283
225.78648558718825
225.78648558718825
225.79188515684277
226.0368892714615
226.0901263326347
226.08290094842593
226.0813527718906
226.07949855594927
226.08932452533463
226.0901263326347
226.1100157291909
226.12217362234193
226.12761983080597
226.1460779705233
226.1481928647215
226.18542159569714
226.18544380589051
226.18545267823137
226.39291763807324
226.39829662196848
226.39793917593468
226.58890381761637
226.58893273630017
226.5974849323783
226.5980431858946
226.69659903359533
226.71137206355658
226.75555860823943
226.7594128020567
226.79020536596883
226.79243883759935
226.87108136771323
226.8725789274043
226.87346471842974
226.89069079345606
226.9325769688953
226.93257951783417
226.9326033478417
226.99597078610807
226.99598160515816
227.0229807912013
227.2099995198925
227.21167793411325
227.21167448631198
227.2119842218691
227.21303506681585
227.213880656535
227.213880656535
227.23376759788565
227.24787118803005
227.2522155760908
227.2522345831424
227.25346820723576
227.25827514077747
227.2782912382588
227.27987423228285
227.28849488830633
227.32292468413436
227.3550013732538
227.35671200851124
227.36080628771612
227.37527817057156
227.3752800259859
227.39815287089738
227.40288959193884
227.40451042125886
227.40451042125886
227.40211813692366
227.40264603085012
227.402638411594
227.40627491769192
227.40721450005623
227.40935504051288
227.41055446791876
227.4265142042297
227.44004031888068
227.44005241276298
227.44018893300847
227.4416093399915
227.4416093399915
227.44161409816886
227.44170095529242
227.54364362361707
227.54364362361707
227.54364362361707
227.57315910391924
227.59877865113452
227.59811143525764
227.59811143525764
227.6322970618497
227.63351624242188
227.63352466885254
227.68496819335184
227.68496819335184
227.68554656477465
227.69284596483203
227.69380986059465
227.69949671709455
227.7010517447214
227.71694144953247
227.71980003897752
227.73724350749663
227.73730245316952
227.7373637638252
227.73831322584235
227.75314289749096
227.83339237156488
227.86720354982236
227.86740699806407
227.88230217566974
228.01567254767974
228.0160856707977
228.0160856707977
228.0249627618165
228.02791819493422
228.0418144315192
228.04071628568636
228.04214908470723
228.06081269936055
228.19526585585137
228.1968610668891
228.20445503806448
228.21110182481053
228.21037836139772
228.28459176196262
228.28459176196262
228.28376462318877
228.28376462318877
228.30042770173532
228.30119399265254
228.30393265119065
228.30570329042362
228.3277248646944
228.33033017811596
228.33184449719568
228.33277261708434
228.33363479092614
228.35859212357582
228.3673298813959
228.36735314719073
228.46340245533935
228.49522004396775
228.66534289068105
228.66514255927132
228.66515318890686
228.665610594152
228.6665680680561
228.66368335737127
228.67917355689983
228.7088318146297
228.7100698284789
228.7162510399248
228.71826887265345
228.7240485671596
228.7585887566816
228.7569124720581
228.782502375352
228.88339191166318
228.88382210403154
229.05536701554422
229.05648945221816
229.0800561360547
229.08004551457265
229.16084449962642
229.16730733027381
229.17967833518196
229.1816948615805
229.26129685029323
229.26351451797854
229.26320923702085
229.28196215114966
229.28285706605527
229.28338495346947
229.28284287904313
229.28518331059016
229.30166779991643
229.29786953465424
229.31049528263702
229.3114939677124
229.31157695720637
229.48888300266026
229.49057403510267
229.49115958712392
229.49283851841486
229.50972816597815
229.5103627163787
229.63309923258953
229.63179386630665
229.6323508659631
229.6345036591352
229.6337369923573
229.64317361849874
229.64407600620103
229.64407600620103
229.64407600620103
229.72311252005142
229.72311252005142
229.7231255773856
229.72406083408424
229.72387701267834
229.7411624917864
229.74343756735195
229.74364918043182
229.76531643845652
229.77626615457834
229.78054707955945
229.80014301496223
229.82745549679981
229.82912139201426
229.827763392716
229.83882517880824
229.85876822065097
229.8856949548142
229.89807196315815
229.92853444880419
229.92853371655562
229.9297559485328
229.92975144388888
229.9522076354772
229.95002802614258
229.9596496977419
229.9596496977419
229.97718743274018
229.97708093794205
230.02779637303104
230.1074506955694
230.11107907681003
230.1388482356464
230.13965974249592
230.13965974249592
230.15665443507973
230.1623940063935
230.16431396512775
230.1649624348115
230.17653330792757
230.20499277094174
230.20503933501888
230.20503933501888
230.20787420672394
