with mode=3, handoff cost coefficient = 1.0
217.52893796957306
217.75982560930618
218.23680362990308
219.58726774107788
220.58340274369803
221.15877430406107
221.3242767097319
221.36147158623908
221.66331031794059
221.7771725683593
222.18276926905511
222.18270599711215
222.6829833572151
222.7693394589887
222.73189398498621
222.731655034721
223.24977496437234
223.24939054219814
223.24937378676603
223.30523594847176
223.30519967843367
223.30371758871726
223.38563277555832
223.44357246164827
223.44346421981058
223.50737415692737
223.50724330132795
223.55740584329348
223.57485507363543
223.8031750518831
224.15115946737492
224.20905150420367
224.2084408185593
224.24184039696465
225.404317498727
225.78882022957913
225.7867284125413
225.88339620599066
225.89036866337585
226.54885039155536
226.61964254597999
226.6233706007593
227.00815096220998
227.1208721352072
227.784827305342
227.79071441670206
227.8648343344681
228.46255071450219
228.46220581487862
228.46241699085627
228.45978510915202
228.72835378793937
228.9833864866099
229.30465322744342
229.27481302960052
229.58328650643767
229.76193204607304
229.7655984803701
229.766326592955
229.76588003258047
229.80614201479307
229.82133421689514
229.82163195154635
230.08801391550944
230.640341676361
232.03340082725103
233.40528665076053
233.81410069757732
234.4014062681924
234.5058317497653
235.0104739104662
235.08632117895084
235.6933794026501
236.36020058878032
236.47023497663352
237.36772407007837
237.44975694813292
237.44998075785037
237.45672699362552
237.47858108352696
238.02580826026437
238.0049397495856
238.30953373368058
238.29899420280717
238.45391443505576
239.20092522569945
239.42961539166083
239.5121954814929
240.1310528071194
240.13529579607055
240.28718332433778
240.44546494014799
240.55690887324852
240.56633517493626
240.7408075045453
240.95826842396755
241.08882909185826
241.09031422686317
241.14728824568365
241.51759896875927
241.52388449415065
241.60769189327098
241.60609470806074
241.72332887933084
241.72039763280924
241.86757832872118
242.24328640872096
242.43447992949132
242.5579124052166
242.8326968537917
242.89765081324666
242.96771574658842
242.9699050870476
243.0472797648472
243.04624244768755
243.10796610253684
243.12008584212873
243.12433800233904
243.5291046162205
243.60870006350663
243.60146812429406
243.63119110976692
243.92099859594074
243.95298457839576
243.9576246933617
244.01777326761476
244.02729193830626
244.02733256292822
244.02747658779992
244.06829889703684
244.13549520560218
244.13621310327363
244.13609688482322
244.15205933298958
244.15844882126893
244.15529906370614
244.33256815060872
244.38442356798134
244.39626996229015
244.4468767853657
244.43716459153117
244.43777695085308
244.43742791234598
244.48742945909004
244.53662036023016
244.55215520002503
244.55954319494606
244.65669346845516
244.65683784142004
244.65698784593656
244.7365084495114
244.77169891577682
244.79510893003555
244.80533666810345
245.09064354828462
245.08049498903523
245.08139001602464
245.09049735401106
245.09049735401106
245.09812392148874
245.1121315249945
245.11213510451054
245.10241268982168
245.17509383830122
245.16108494273107
245.16178385261108
245.2245800024772
245.22389467642816
245.22418138363363
245.22411899222786
245.22411899222786
245.22411899222786
245.22411899222786
245.22850000015478
245.24099571838872
245.24198022065718
245.2611716321153
245.2610902724416
245.26081393065357
245.25009111490664
245.28858376150203
245.28837551603362
245.30924108390033
245.31199687016493
245.31762959396337
245.3177756970652
245.4170846928784
245.41752131282365
245.47397609513135
245.48992575976354
245.50124190249227
245.50477973416363
245.50756745916857
245.51397643183333
245.55972705396175
245.57283461778405
245.5965908465766
245.65385524877803
245.65269453362578
245.6859632570257
245.69613049334927
245.73870144359313
245.73891200548007
245.73886681992028
245.72489566177993
245.7564734471183
245.7479045925587
245.74999050724438
245.75468642546804
245.75468642546804
245.75468642546804
245.75975588380143
245.77221465390573
245.77231270154147
245.77221502624684
245.7900149012853
245.82137592316013
245.82332377067416
245.92052684978876
245.90845636002942
245.97319947569233
245.96686258843246
245.9633933373343
245.9957348285079
245.99526213523728
245.99707490263057
245.9961830089245
245.9961830089245
245.9961830089245
246.10806082875314
246.10770320424908
246.11427974228607
246.11373410327303
246.11363046877534
246.11344160051078
246.11344160051078
246.11978066422444
246.12376147023485
246.1262135724793
246.12627775895885
246.13527339620578
246.13486361304103
246.13441542140038
246.1643145940766
246.18234007839334
246.1822918161293
246.1860179874937
246.18607918886198
246.18580786908655
246.19057326919489
246.19057326919489
246.19057326919489
246.22809026425585
246.22810763783008
246.22829126874865
246.2268309736338
246.23217415848546
246.23615957583405
246.29040708478192
246.30114707409797
246.29352928843136
246.2952180765053
246.29438841443707
246.29438841443707
246.29438841443707
246.30962576259486
246.32911292448108
246.32865968550175
246.3294980811727
246.3569630097487
246.35322304690965
246.364051409176
246.36176688079235
246.36168178455216
246.3616685019927
246.3616685019927
246.3616685019927
246.3616685019927
246.3616685019927
246.3616685019927
246.3616685019927
246.3677702439768
246.36767113217644
246.36779412554654
246.36801173286972
246.36801173286972
246.37212368830143
246.37594310093135
246.37649156950363
246.37447009182472
246.37574718239193
246.37574718239193
246.42874733003322
246.42817255867175
246.4382122891388
246.43991930033815
246.44812854041743
246.44597149400505
246.45618777001226
246.45696143041164
246.45707326054077
246.4573946545624
246.52588542084226
246.53007158638704
246.58634018409697
246.59321537519273
246.5948955747004
246.5946577976518
246.5958467261666
246.5965025812412
246.5978454025072
246.59725591664656
246.59725591664656
246.60122046328357
246.60115186650356
246.6004663499863
246.62463422710587
246.620559029624
246.62045126625455
246.62295131772876
246.62295131772876
246.6233523675904
246.623179634148
246.62595412317475
246.62987652031288
246.62947297900436
246.63200444713797
246.63197887784148
246.63262327870055
246.6352123013888
246.63518220156286
246.6364756215428
246.63646744431338
246.63646744431338
246.63646744431338
246.63646744431338
246.63646744431338
246.63646744431338
246.63646744431338
246.63646744431338
246.63646744431338
246.63646744431338
246.63646744431338
246.63646744431338
246.63646744431338
246.63646744431338
246.6395285075631
246.64045896575448
246.6404998146158
246.6622532547762
246.66248292103626
246.66459436083431
246.66596449885105
246.66725397761627
246.6665749396907
246.6665749396907
246.6665749396907
246.6665749396907
246.6665749396907
246.6665749396907
246.66849606183217
246.66849606183217
246.66849606183217
246.6815307495491
246.69204791744363
246.69242172177837
246.69397828114666
246.695326403327
246.6969543289086
246.6959894444135
246.69809912567797
246.69895405176925
246.69895405176925
246.78919763693943
246.7886834464505
246.7910004611305
246.7913078625665
246.79578455093446
246.80080732629136
246.80430160990733
246.8215988322046
246.82171222244943
246.81905522039048
246.81909818582912
246.81909818582912
246.81909818582912
246.81909818582912
246.81909818582912
246.81909818582912
246.81909818582912
246.8225531413114
246.82263010747573
246.82263010747573
246.82263010747573
246.82263010747573
246.82263010747573
246.82513397555815
246.82577178922008
246.82508542662265
246.82508542662265
246.82508542662265
246.82508542662265
246.82508542662265
246.8260334901237
246.8260334901237
246.8260334901237
246.8260334901237
246.8260334901237
246.8260334901237
246.8260334901237
246.8260334901237
246.8260334901237
246.82844240138564
246.82844240138564
246.8321058042049
246.83194984978442
246.8330696763797
246.83313438960488
246.83313438960488
246.83546362361042
246.83705291616397
246.83711180682974
246.83645732179698
246.83645732179698
246.83645732179698
246.83645732179698
246.83645732179698
246.83645732179698
246.83645732179698
246.83645732179698
246.83645732179698
246.83645732179698
246.83645732179698
246.83645732179698
246.83645732179698
246.83645732179698
246.83645732179698
246.83645732179698
246.83645732179698
246.8382923179388
246.8400363186325
246.8400363186325
246.8400363186325
246.8400363186325
246.8400363186325
246.8400363186325
246.8400363186325
246.8400363186325
246.8400363186325
246.8400363186325
246.8400363186325
246.8409358196918
246.8497911321036
246.85064798774837
246.8503082688154
246.86623055271082
246.8670252763051
246.86541317850688
246.86610259142245
246.86610259142245
246.872571868409
246.8732430104739
246.87323985352756
246.87301692298914
246.87301692298914
246.87301692298914
246.87301692298914
246.87301692298914
246.87301692298914
246.87613628238176
246.87613628238176
246.87831071923026
246.87668369945283
246.87668369945283
246.87668369945283
246.87668369945283
246.87668369945283
246.87668369945283
246.87668369945283
246.87668369945283
246.87668369945283
246.8791212535041
246.88077589737028
246.88373537167757
246.88370399641977
246.88377197678315
246.8855152901773
246.8855152901773
246.8855152901773
246.8855152901773
246.8855152901773
246.89758744427445
246.89442670466124
246.89439011240287
246.89518351760955
246.89518351760955
246.89518351760955
246.912969023449
246.92050480182388
246.92246130297033
246.92268220646912
246.9246153017356
246.92460937488096
246.9257334694133
246.93248211937842
246.93338125509672
246.93351115358638
246.93395535386256
246.93552746322982
246.93693534235842
246.9375414109961
246.9375414109961
246.9375414109961
246.9375414109961
246.9375414109961
246.95485880949886
246.9550946044068
246.95504421989475
246.95519149276126
246.95519149276126
246.95519149276126
246.95519149276126
246.95519149276126
246.9590747701528
246.9590747701528
246.95900661050263
246.9591156398621
246.96490560526388
246.9648132802115
246.96499212147052
246.9647269654908
246.9647269654908
246.9647269654908
246.9647269654908
246.9647269654908
246.9647269654908
246.9647269654908
246.9647269654908
246.96490560526388
