with mode=1, handoff cost coefficient = 1.0
217.52893796957306
217.6381497325444
217.75634418742064
217.81354071035014
217.88835824102017
217.98959425725212
218.04354704852798
218.1196058953572
218.218692587181
218.3139253228444
218.50597755107333
218.6669645620803
218.74062835235986
218.80409190644494
218.94895203409058
218.9779710999729
219.0893160839768
219.12305801738717
219.2376231067066
219.42633027569968
219.6621938418572
219.70272888031286
219.780778195345
219.85061490119782
219.8747714122232
219.9187755320278
219.9868038413422
220.1006120976495
220.16720655462203
220.3855425503746
220.58871399599883
220.61713317427908
220.67547209158164
220.84054664332268
220.92079571458171
220.99293047554417
221.0817941139622
221.15176221082442
221.28047414084742
221.37825521462366
221.51283425455614
221.52756702393063
221.6412445839385
221.74261948847376
221.79404844860056
221.82987156950446
221.85760211886264
221.98973138811905
222.12662976492032
222.16266070898422
222.309115140207
222.47506611907804
222.5032004609704
222.53548843089106
222.58230282799366
222.73888850236594
222.81897415481973
222.90982885666614
222.92588183478628
222.9979679375989
223.0188554875695
223.1267396930046
223.20577471663142
223.3664861138573
223.56574173297847
223.70967699160514
223.80627080583298
223.9439325401461
224.02760796245
224.10400939437307
224.27958688536683
224.36896750996976
224.40496879043468
224.54850335162902
224.6089728693477
224.76150426287384
224.87285274047957
224.96999175173838
225.08797374259788
225.16835091358314
225.29327929741518
225.3930366939098
225.50072079652807
225.63784380851013
225.67516776753797
225.78163493854154
225.94082957979177
226.03860142811095
226.20166609119667
226.33926222325292
226.4069901713242
226.4973186722272
226.5907680450066
226.68143281411426
226.74170915577488
226.88515538995173
226.9580603394089
226.9745712562834
227.0208225817996
227.2714328726836
227.34068898900526
227.3784121467691
227.4802848711682
227.57122066559648
227.69741563385924
227.81877641337886
227.89053559344384
227.91395621134473
227.96704113885386
228.0447181772731
228.0986637853291
228.29413126152176
228.40729780675355
228.5442595106692
228.67891674253292
228.83235646982416
228.8632444028563
228.9080635121952
228.93526578429484
228.9791844095817
229.07249484866801
229.1797071177793
229.26005817052112
229.33713138934462
229.4726004925027
229.58994021124792
229.7372303477149
229.7845944709859
229.81012679171522
229.90784421800325
229.9254903605797
229.9534054409985
230.01110754130028
230.11141433471707
230.11553736723192
230.27120794588603
230.36962697023557
230.45275947455247
230.6498529019814
230.7331493774977
230.88137341126225
230.9188573195906
230.98964253962174
231.0920451933284
231.19521676616955
231.23638766696664
231.32623408716316
231.45551586274686
231.59927713695257
231.731913325413
231.81076873425368
231.8318751513177
231.93898743998912
231.99490759330152
232.04136690573
232.1135386516243
232.17249769338235
232.2060578405281
232.26975660424085
232.35420110316923
232.46851083614806
232.49988269010913
232.61101846014319
232.65370658481828
232.72771341924866
232.81192337948823
232.85048113232668
232.97663622012954
233.09736540370832
233.13025662490114
233.16906304295244
233.244782158126
233.37270779089255
233.4155412400168
233.44158791662792
233.53546648718165
233.55010766463784
233.58935200620434
233.6818672427514
233.84288866317507
233.8469441884661
233.90605790972688
233.9388276801908
234.0061530029624
234.1406273943136
234.14463020579802
234.15601805241462
234.20575673630117
234.24577241820757
234.3707395025049
234.42900171748346
234.50082260991002
234.53481712320513
234.5988408334149
234.6692502707906
234.69666922793252
234.7720651068446
234.85632384095132
234.88148467316648
234.90119331945567
234.98568117957979
235.05306013333654
235.12626712062644
235.13776929639695
235.26882542783943
235.29458073606787
235.42121559052893
235.42949571499443
235.47054572017967
235.5615508137007
235.61351098528579
235.66469931174765
235.68016485847042
235.77473188364252
235.86447448385044
235.97534838851965
236.00338797729628
236.05828948398207
236.15618139939423
236.20841493365407
236.29598059870807
236.38684648199467
236.44109360092196
236.49391422587712
236.49541852272904
236.57394919092374
236.634308795975
236.7153738367728
236.80560416856136
236.80709965522036
236.85086539603114
236.93005065136632
236.9433473876908
236.97333698857955
237.02700426134342
237.07081031900694
237.09759395120193
237.10107219762136
237.1516204878659
237.19787817839202
237.22259903609987
237.28948405707774
237.394825578874
237.41221060556666
237.50760004428736
237.51239962510545
237.57914848128152
237.59838390459615
237.67298466907042
237.692166839492
237.73018795463392
237.73931589202033
237.7935099542423
237.827138459572
237.90761522381703
237.91634845791503
237.9748783698501
238.05263774134067
238.17648285213548
238.2268645380447
238.2525673156484
238.30299329080228
238.3539304198792
238.42057597013567
238.50841981389715
238.57286352895989
238.61314835224942
238.6711250375409
238.70827280102625
238.73462692638066
238.79410654747346
238.8253038974994
238.83432877578556
238.89647993189598
238.91643201646158
238.98126793402497
239.00463208056522
239.04537708806953
239.10014896607532
239.16574595533856
239.17660702410942
239.2032066098524
239.2764879564375
239.30046146760202
239.33305330390812
239.37019228636456
239.43822982583129
239.4805816842707
239.53822666231426
239.58839359172708
239.6576121806673
239.69222041405007
239.71703150118842
239.7498965231796
239.77347242386404
239.86745395103836
239.87503272473586
239.95728951027726
239.98533330677824
240.05004208943927
240.1218933019629
240.12421652187047
240.20751396675556
240.26618907756006
240.28058139135356
240.319980143905
240.35998490782302
240.43971998836665
240.45928151058797
240.53260244060112
240.62715979764644
240.66785510733274
240.68815320127834
240.76267139961797
240.7759897455548
240.82899253056283
240.87290840596845
240.9783504227278
241.0142305095406
241.0383085987709
241.06825937447536
241.13108409850756
241.16288698796882
241.1898280437566
241.28713398493883
241.28707062207044
241.28411056176876
241.28995971198108
241.38136618599333
241.40869356740671
241.4911298791307
241.56787179080703
241.57388613092365
241.57254930866867
241.59353890460113
241.65292905866093
241.69856047287806
241.7379661009418
241.7536289593505
241.8301202247991
241.92803981496343
241.98927258653873
242.02141106888942
242.06025894325228
242.08631512075996
242.13582152415918
242.20959673009867
242.2354502980852
242.25825575722226
242.3082954807612
242.31635117285182
242.32650476474743
242.33177302628394
242.39185486850454
242.4054296283741
242.45278421806998
242.45650546963913
242.48469044911042
242.52722303317492
242.576326766462
242.63521807179816
242.6599811208832
242.69071360226047
242.77172124815738
242.8166148364786
242.8420298428089
242.88619072473907
242.91458481997523
242.91300414717693
242.98121674424726
242.9868545812
243.0335456359975
243.0349248408233
243.06329911883103
243.0660719036704
243.10958282835534
243.11270208268306
243.15830972650093
243.17643679657897
243.1797108142576
243.26210237368534
243.2986227067149
243.30739050449284
243.3347564800163
243.35297634117526
243.36084874301855
243.38025156722293
243.45672910413506
243.49169587497894
243.58122073112068
243.58713178576113
243.6302031706328
243.6893108869558
243.71901372297046
243.72062136532188
243.7971268996953
243.80447481662648
243.87984704366724
243.89785946705356
243.89704553833405
243.9335436334513
243.93996308147229
243.98624061231857
244.01446916842087
244.13847718053975
244.1559713665987
244.21626804997769
244.2532324201881
244.3290489656363
244.34038193723535
244.34105939669388
244.41041495664905
244.55027244412062
244.59848399639105
244.61333831623455
244.67980608070172
244.73112919281968
244.81613312447445
244.87291166608134
244.93517996760755
245.00391166341336
245.0322237118494
245.05840608948392
245.0896095144575
245.12457469123922
245.14628973400696
245.1430250463984
245.19886833098062
245.20280758226602
245.27583111881066
245.3024338221602
245.33424428256458
245.36395614953213
245.40805140973956
245.46456477653277
245.47218260234666
245.556613449449
245.56745824392203
245.61814844016902
245.6408597579957
245.70073070329428
245.70755830654707
245.78637323159987
245.79166213684653
245.8111795498731
245.8538994176356
245.94339679485103
245.96972894989858
246.01775615877028
246.07582646287028
246.12967319784218
246.201555697712
246.23801216417482
246.27660340216025
246.27653991115412
246.3139327735908
246.35809208894528
246.367611943776
246.44755200668925
246.48916536643677
246.5173701991229
246.52621460185685
246.60872492991672
246.6493944629723
246.65069203973238
246.7197266303154
246.73715397145213
246.76447782386987
246.8290593271796
246.8664958083471
246.88234285712127
246.89095285852522
246.8964020573973
246.98912600031267
247.0506419522601
247.06953288674902
247.08921507310532
247.12007042028574
247.1177668987482
247.16021587224338
247.1785204652213
247.19779298009774
247.25147307059063
247.28737036346718
247.31080451570853
247.34957828526396
247.37510635817065
247.38073567687928
247.41267142504577
247.52902579388325
247.60455291752228
247.63121966320784
247.66057853736152
247.65866236877616
247.67664394572142
247.75235053942902
247.76184858479786
247.86472161079044
247.9248208909677
247.94491624427064
247.96779705407604
