with mode=0, handoff cost coefficient = 1.0
217.52893796957306
217.61324040274462
217.6131726107384
217.84154554185528
217.89963009103374
218.10088292401232
218.11831376673226
218.1381814182247
218.39123178813577
218.39916296233355
218.3979115188217
218.4094386127011
218.62759919535387
218.86281200092202
218.85628524513757
218.85680833540235
218.98753566553987
218.98754466914897
219.06231837992985
219.28614318089808
219.30022324122055
219.31372948471704
219.40003628068774
219.95050726331843
219.95018891153512
219.95397953449378
219.98058313004714
220.07493460915447
220.07495882158753
220.42343733559792
220.4880464486621
220.47297230037813
220.4767296235936
220.44363807042703
221.04190832158076
221.0678837401323
221.0939898900702
221.09208290635416
221.12987182819234
221.1381828716057
221.16376883816412
221.16547923497842
221.17897845679926
221.19794270211037
221.1978228530686
221.6558017720263
221.64665561101936
221.73499826758965
221.73499826758965
221.7349843146237
222.31103000771657
222.414806259969
222.74330313023694
222.73942509725563
222.7363313635198
222.74253417051727
222.74686207251173
222.96523821532512
223.06130648356404
223.12776992103815
223.1281748501803
223.12816609242836
223.2325156542262
223.23206055495254
223.25782971918326
223.23330970360732
223.27072922467198
223.7453808181733
223.7453730684248
223.77669607390166
224.08169449439896
224.4432415046398
224.71526599282484
224.71580120722402
224.71565447616697
224.92939774408342
225.0167737752319
225.35489287958796
225.63554082597344
225.8763613273711
225.86557463448656
225.8667898754149
225.86337051210398
225.89202208154086
226.15223061018122
226.20786590243222
226.24829463860257
226.56583679597088
226.54721796920037
226.54721796920037
226.5901438978364
226.61756349890544
226.67443144692493
226.91871750310537
226.91633897258527
226.95986018951905
227.42725964365653
227.46199893784254
227.4678673617553
227.45669624874316
227.47203292802234
227.49722176442847
227.65294596321962
227.9816868261416
228.15309524891762
228.24212945570082
228.25015755460203
228.3227538438702
228.30119860844354
228.30120979808805
228.30123747627505
228.51857006538313
228.48388054810675
228.48765781808657
228.52395335766457
228.54086733811405
228.5457095309806
228.5529028448212
228.58995955477477
228.58987387700918
228.60529372879293
228.63781733704442
228.6404287277696
228.6419084239365
228.72925246499406
228.72926564795665
228.74496729737257
228.74444857317272
229.21443105163343
229.21513124352498
229.27566895217464
229.33347603000828
229.33347603000828
229.44784298048302
229.4694136506581
229.4694136506581
229.50666764283085
229.54266279491756
229.56575906434898
229.5754797708235
229.575341808495
229.57314679124704
229.54373217066362
229.7616507003998
229.75702834041522
229.83644776776129
229.8389447122671
229.99751623486253
229.99839466745448
230.33991032000628
230.76427418480193
230.77566016383648
230.84856738709382
230.92870033888582
230.9503647222834
231.11738307750866
231.20377377664502
231.3493438702688
231.42103429112709
231.42103429112709
231.4210480885233
231.66796381508644
231.66010207908832
232.1423140363367
232.16194625564572
232.16194625564572
232.22157921254856
232.22157921254856
232.22157921254856
232.15428020205226
232.15887172614035
232.22157921254856
232.32589079997226
232.3777612397908
232.38788514908308
232.38788514908308
232.38919127121397
232.3893491093714
232.48264841587425
232.68277933022642
232.68376053360154
232.6838093099756
232.68750633871727
232.70149025353297
232.7134703972376
232.7134703972376
232.7134805054582
232.7137636457767
232.72273322951338
232.73187769783155
232.7829337342677
232.80323830988166
232.92614133948948
233.03287652049158
233.04104781881276
233.04180442941092
233.05192411485683
233.05192411485683
233.06019311077782
233.0463615889585
233.1085128294179
233.11273799230156
233.1181410699973
233.11818367029124
233.1204111367582
233.13887977576454
233.14182894980837
233.37045630025438
233.56680410685215
233.57392444787214
233.58583725060086
233.5752952211501
233.5752952211501
233.62608758520037
233.6273863189019
233.72769381155956
233.77469489459344
233.777904282085
233.940206948075
233.94579802134123
233.95166467098366
234.00205433931995
234.002064981626
234.0261959037922
234.16325078179653
234.16326833364846
234.16358163423692
234.16358163423692
234.16944857496458
234.30991900528502
234.33107474316725
234.33109065238958
234.33045318024563
234.3474574995922
234.34409314206167
234.34654165962567
234.5490380906703
234.74482606304804
234.87744756160473
234.87744756160473
235.0751248522736
235.10024815900434
235.29977995690035
235.319286027998
235.31949822823788
235.3229349473693
235.32850093846778
235.5471609540719
235.61254275855993
235.6350095276197
235.65272785024302
235.65272785024302
235.92555449641262
235.9477851332512
235.97056253347935
235.9779393005764
235.9779393005764
236.0008857448103
236.09929716998303
236.09927370430526
236.10504088798024
236.10485881558725
236.09001719626673
236.09131492902782
236.09131492902782
236.29685853591405
236.3152324524855
236.3158975758291
236.32360007520853
236.32619893789015
236.3389517488333
236.34161882762302
236.34161882762302
236.35452215065763
236.39167656265744
236.3933653208856
236.3978434497613
236.4008867149916
236.4008867149916
236.40145874711337
236.46364598224153
236.6215471238992
236.70747721460145
236.82671647299543
236.8290236690142
236.83345067434686
236.8163629415598
236.80502357290757
236.80369027483042
236.80369027483042
236.84777955399474
236.8488673674052
236.88189024334673
236.88460216686192
236.88460216686192
237.05667352049713
237.05667352049713
237.06070856883608
237.05990519496314
237.08806248546688
237.09019245868086
237.0902551466959
237.0895036713156
237.12412718401825
237.1197862372159
237.1197862372159
237.17068666993927
237.17969419164862
237.18164516369652
237.15757567295415
237.3587449869975
237.39126180120215
237.39126180120215
237.3898354180126
237.56854775729784
237.58600190859482
237.60244375423707
237.63047602428162
237.62704453724126
237.62604253042798
237.69872572390418
237.70182613779696
237.7054435017376
237.71133718925554
237.71121784126163
237.71121784126163
237.71642494981472
237.8131387249913
237.81409275105432
237.8193892173403
237.83893345775363
237.93763852913574
237.93764010318142
237.93764010318142
237.96542724785238
237.96541873354855
237.96659738497178
237.98450542645045
237.98455792951435
237.9966323135104
238.15200549935219
238.2143160455203
238.22333122090473
238.3374524135229
238.3361144207337
238.45453961474374
238.58489984833983
238.7416529649448
238.90421696490012
238.90184188207357
238.95950346131252
238.9583473719998
238.96184167387392
238.9690132962382
238.96968778518982
238.97266817364277
239.1031096891005
239.30937787269966
239.31537758499886
239.32107131053905
239.325732989408
239.38982943171663
239.41261665938816
239.41261665938816
239.42511919518458
239.42635753251372
239.42636509396843
239.42636509396843
239.45082756878514
239.45173398361914
239.45173398361914
239.45173398361914
239.4520739008255
239.45194141813965
239.45194141813965
239.45187626940879
239.56158078572957
239.56158245659753
239.80571764401537
239.8244817465519
239.8244878687749
239.83714092458604
239.99094256722515
240.11172353045666
240.1783702115177
240.20013956441136
240.20014226638386
240.20250794131618
240.20121477921083
240.2048242818009
240.3115320406138
240.3141058584847
240.31440952538884
240.3144118960093
240.51600522077325
240.51402115843194
240.51407696689967
240.52673297081677
240.58772055394522
240.58949511516929
240.63316539141252
240.7151579697607
240.98794285380774
240.98369818283857
240.98150337882004
240.98150337882004
240.98158124571398
240.98794285380774
240.98962752255974
240.98882233908253
240.99434440750522
240.99899098769876
240.99922717683987
241.039780215128
241.04935983548245
241.0511371883514
241.0511371883514
241.0511371883514
241.0514064781443
241.05804351203375
241.05804252383524
241.05928566322302
241.05928665142153
241.05936955739355
241.0862971027039
241.08710767435105
241.09202479740298
241.09191344127782
241.09191344127782
241.12174782199418
241.12236057741455
241.134398442826
241.1343971729334
241.13663141038302
241.13726520428094
241.13776478138817
241.13865405164063
241.13864593002728
241.18567716644617
241.25159715966777
241.25340327414767
241.25340327414767
241.25340327414767
241.33164300378178
241.34287253511576
241.38953802425794
241.38956650011934
241.39673740640325
241.39749279889824
241.39751013226157
241.403028164158
241.40303147292704
241.48756910448853
241.50723375712914
241.51244842301722
241.51426548233277
241.51426548233277
241.53062756286414
241.5730284412122
241.57643240162824
241.57697962340998
241.58183699318317
241.58262635010533
241.58599027618436
241.592703164735
241.59434440063907
241.59434440063907
241.60849261479382
241.6554630181914
241.65514036949642
241.65621543730194
241.6780893014767
241.67808885291015
241.72070033205753
241.72070033205753
241.72263526246405
241.7262168708066
241.8031568968112
241.8008250647915
241.802740416916
241.80274698368103
241.8033432402305
241.80441865374422
241.82197925748477
241.8276373061112
241.84339870306232
241.84440712169172
241.84494733925658
241.8907802009984
241.8907895135941
241.89080314407732
241.89116231597475
241.89123212160712
241.95069031935628
241.95069031935628
241.95069446452672
241.95069446452672
241.96041372290563
241.96258432075007
241.96323247249828
241.96323247249828
