with mode=0, handoff cost coefficient = 1.0
175.06487558035948
175.10201210433252
175.15929408720223
175.1591119374844
175.20661925923918
175.31682693839474
175.4282339784564
175.41547027863294
175.4154762642123
175.70623754459484
175.73430527042552
175.73393091500685
175.95145368482605
175.98198589022434
176.30645138813554
176.36265965669935
176.4045472843618
176.4485830671107
176.55444336486113
176.83590756753554
176.81901273188947
176.82347482599732
176.99788758942327
177.01608421524375
177.1853670617375
177.1801375771165
177.26851472510444
177.2953262703585
177.48436247901176
177.58844768290348
177.62066446302975
177.84276125887703
177.93541901385413
177.99986809853127
177.9979661683848
178.35459980012317
178.3326284420548
178.34666983398967
178.34653621508502
178.5142836866502
178.53598688131095
178.54853907768194
178.56427968106786
178.61823686266516
178.83815840849073
178.88674828588566
179.30917515984487
179.31016437132908
179.31358333208993
179.29656275727982
179.30138049629323
179.31310520108985
179.3201104072407
179.48590160003337
179.4876653222009
179.7475345893142
179.75790876283773
179.7913091486644
179.9934924514016
180.01380891222112
180.01378302349184
180.03580992018914
180.037137715989
180.037137715989
180.09039743157967
180.46238835665207
180.541319697323
180.543357010078
180.5438530335632
180.54373414372412
180.54376593805256
180.56617464875285
180.57053479414316
180.576609296066
180.5871819180499
180.6114132572764
180.6114132572764
180.61330105220804
180.61330105220804
180.63698661453782
180.63896110627059
180.6389662987064
180.65574576951798
180.66050301365058
180.68680347329519
180.82629170915507
180.80759385884002
180.8828509273176
180.8819531500645
180.89009772906246
180.9719977820628
180.9655444766514
181.09552729988178
181.24195561153064
181.32178190050928
181.36729640704993
181.36729392031893
181.58619315494767
181.7500689704198
181.88311653130023
182.06154396315546
182.28395728117044
182.39768520999277
182.49520845601072
182.50022924047894
182.50022287791074
182.81924841904953
182.80802423564742
182.81552788930344
182.99025124612263
183.32034423658124
183.32489862416838
183.2872146593622
183.29028776572022
183.39014684162962
183.71762400061283
184.1267627882351
184.46054925918492
184.6783570447883
184.67567358224684
184.68288593956046
184.6951105662621
184.69866385079473
184.94817557195918
184.97561678224426
185.09144840147337
185.13662891708586
185.26632601037758
185.57251510294083
185.55596274455777
185.5403739112072
185.5403739112072
185.85264716197133
186.13010905733833
186.13010905733833
186.2911246952849
186.2911239059644
186.26321526392832
186.26436017238072
186.25707847840698
186.2911246952849
186.30889888931497
186.32098641406773
186.32276137804052
186.38561010043134
186.52756625752497
186.53111033568703
186.69050273217618
186.71261722330337
186.7259117971701
186.72591264477387
186.73836922244504
186.73836922244504
186.73836922244504
186.74139879493146
186.87879960223057
186.87879960223057
187.04419518165156
187.17766228783393
187.17771418769155
187.1781250407176
187.18516189421302
187.1935890433044
187.20599186757838
187.20669381632237
187.2069596772212
187.21352097579802
187.3369120604668
187.37443047933854
187.38246409012854
187.38516562253426
187.3777726590231
187.52641850128634
187.52439133662045
187.5244061718851
187.53194163329965
187.54962068059174
187.5754953444058
187.58325406049448
187.6248744459098
187.63908842243643
187.64327708159774
187.64357071201601
187.6629788655112
187.77829650483687
187.77856056508477
187.7785918364914
187.77903228452925
187.77916853251156
187.94031954372596
187.94031954372596
188.06175081179867
188.06175840660126
188.14378790549284
188.14378790549284
188.15017053572166
188.15652561568942
188.15652561568942
188.2247925155534
188.31215896844375
188.3896552674457
188.39515182115173
188.39515182115173
188.51516499756062
188.57007425044642
188.57007425044642
188.65263684841528
188.65263684841528
188.6581370744517
188.65962813680324
188.65962813680324
188.65991949382857
188.65980511845714
188.68197458788265
188.68197458788265
188.6820542874243
188.73466167366934
188.7346597838484
188.89061375031037
188.89247712217886
188.9630485010507
188.9630485010507
188.96200760960153
188.9678508964259
188.98059078359105
188.98059078359105
188.9805827021892
188.99756452316845
188.99756452316845
188.99766716101144
189.00242973074583
189.01584450279583
189.01590981328056
189.0151078961595
189.01551654446408
189.01551654446408
189.01551654446408
189.0928126522762
189.092835642905
189.09424488298217
189.10373051481153
189.1053316447209
189.10633015827412
189.21723855911165
189.2249329006
189.2898855766864
189.2898855766864
189.2898855766864
189.2898855766864
189.35257697083694
189.36273886779628
189.3752345228222
189.3919934952587
189.39863796927386
189.39863796927386
189.46223164051773
189.4627752979224
189.54120371997394
189.54147659259607
189.54568512038136
189.55450975111748
189.67658229583304
189.7513706025251
189.88893350048266
189.88893330627351
189.88857578475472
189.95059968139117
189.95727400021994
190.0242923997428
190.0305927081768
190.0305927081768
190.03880884061596
190.03887199505832
190.08220021727965
190.09635303931356
190.09635303931356
190.25173240687434
190.26266023431307
190.27410215612494
190.30811751026022
190.31978281828648
190.3204153430183
190.3209408435177
190.32822973212188
190.32822973212188
190.4241714433896
190.4230842099343
190.42309280096111
190.42309280096111
190.47555389361852
190.47555389361852
190.47615074136326
190.47615428444476
190.4767516956173
190.50438053644066
190.52135402900794
190.52223504861385
190.52391508062416
190.52310055156022
190.6202275713915
190.62021449015353
190.62021595968102
190.6277164977795
190.75942325942074
190.89712914930516
190.90196895725853
190.96237157654207
190.9870001228714
190.99164225076862
190.9923303222567
191.1431542786764
191.1431542786764
191.28673082550569
191.28673510184657
191.36626354174055
191.3714404642664
191.36646093944142
191.36005425650166
191.46842316163972
191.5749469892819
191.5960716506786
191.59635661384075
191.73019009678612
191.73019009678612
191.87246526783932
191.87246526783932
191.87246526783932
191.87245128769362
191.87959957345183
191.88066517474945
191.9859488991336
191.99823690895275
192.01690662332987
192.03032640833112
192.03176292934438
192.0374256519367
192.22462193378232
192.22462193378232
192.224635913928
192.31045647563687
192.3013285518247
192.43191107945893
192.43121733501883
192.47651372008846
192.47593459174766
192.47548547043309
192.47992509702652
192.47992509702652
192.47992509702652
192.56576486055184
192.57020765526028
192.57951458822333
192.57951458822333
192.57968444577273
192.58840175181422
192.58840175181422
192.5881415250156
192.58810510954714
192.58767937005757
192.58840175181422
192.6104414221622
192.61179069956248
192.637018476389
192.63727995743355
192.6372818445286
192.68372943599408
192.68403707634613
192.70920436255125
192.71173274112812
192.76203908268604
192.76812146978332
192.77327861693854
192.8360932139134
192.8818429180533
192.8846068685086
192.88921938709697
192.88921938709697
192.91521915384402
192.91882602936695
192.91886370652628
192.9193262048219
192.92037357112423
192.92083022080126
192.9263979046495
192.96657094706453
192.96928776065536
192.99894118402312
193.04655182718315
193.04735873226636
193.04765718817376
193.05036497759562
193.11017809201527
193.1584967385418
193.15926037300608
193.16408470640474
193.16944356963617
193.16939210372226
193.16956602651948
193.1707622555977
193.17162836363568
193.20836796862355
193.25255723823585
193.25364441796643
193.28738960446273
193.2875192978515
193.29975681438444
193.29871711343642
193.36217057381833
193.40129020962493
193.4588460991181
193.46035528181784
193.469529141329
193.47278286991153
193.47329107899563
193.47738309826084
193.48255042861703
193.48294384216283
193.49065562578053
193.49094454183412
193.49251162236087
193.5594723704649
193.56086403408898
193.56102659852053
193.62249475976697
193.6243925792513
193.63938057612094
193.63938057612094
193.64842327186463
193.6484264561054
193.6498513830255
193.65006947858186
193.6498169051002
193.6498169051002
193.65282857037195
193.6770606660704
193.68092771076354
193.69509835776827
193.74424023442873
193.77067739760295
193.77067941981016
193.77138105428895
193.8077401840939
193.8070919626912
193.8076637339461
193.80858210591703
193.90182378742523
193.90432336394858
193.93915598379866
193.93920715919484
193.94965553066774
193.9548407607138
193.9771644542445
193.97879126957133
193.97879126957133
193.97724460802016
193.9772451352771
194.06937686688573
194.06937686688573
194.06937686688573
194.1056124368521
194.1056103848081
194.1694715138214
194.1694704709104
194.1694704709104
194.188314322404
194.188314322404
194.19215089526907
194.20919515064816
194.20919515064816
194.24526853144522
194.24763287365596
194.24763287365596
194.25293645186878
194.25322956113803
194.25322956113803
194.25322956113803
194.25590316245228
194.25563608116664
194.25594368628867
194.2773089553745
194.27897974520988
194.28105988272108
194.2809494024506
194.29290258929345
194.29339003136684
194.35292021052206
194.38225360181568
194.4088613799482
194.4097773228065
194.4398591208319
194.49513032962545
194.55069140407548
194.55084252450948
194.55084000855194
194.55036316386582
194.55036316386582
194.5789923355906
194.5789923355906
194.59236014297718
194.59236327799482
194.5956004168135
