with mode=1, handoff cost coefficient = 1.0
175.06487558035948
175.14963366131718
175.25008031655463
175.27426079188294
175.3336650599781
175.45683138556876
175.54291805049226
175.63221376873875
175.72266066344912
175.78320749080248
175.86830745948316
175.9183169759168
176.02453061184048
176.09424694917226
176.14704625502316
176.32464969713558
176.47320707537105
176.54289060923026
176.73200010518985
176.79890876765185
176.98666874097609
177.1092450421882
177.22366443544792
177.37003783513697
177.43878615036158
177.48554102920997
177.587271610687
177.65605405825957
177.6937284778478
177.75529201771133
177.79775412805074
177.89193305330616
177.96250580713627
178.03352131853975
178.19596605973513
178.3067495939897
178.42354798316373
178.5646914668369
178.5939864260015
178.75764791616209
178.86278558885715
178.9229913343449
179.04280717450783
179.17385758219012
179.3262287346114
179.43945358760698
179.48926179296595
179.54517997387225
179.61324773436468
179.66514214932658
179.77175976668403
179.84613370203164
179.92251207931662
180.00559000402694
180.1265072631786
180.2084336718955
180.26045743988035
180.33839513505242
180.37910297622113
180.45001309123575
180.5355659330621
180.64892745131337
180.73659739849404
180.80981944721336
180.9174398577538
180.9896935664468
181.07973098519605
181.16310532927307
181.16027175108337
181.30574010846368
181.34411810809925
181.3952938953153
181.45445916533117
181.5300035765128
181.5910495192743
181.7053429759171
181.75392841493476
181.808748756079
181.89055121412562
181.98251650912263
181.99446421605262
182.0809184402886
182.21507114122207
182.3123493961932
182.39379784096164
182.4288138997937
182.5533681025532
182.66122767198095
182.7719831831142
182.82435208520653
182.85908716878308
182.87864401393864
182.91914230034607
182.96405678041342
183.09620800064704
183.24711747801908
183.28138372830125
183.3516977848385
183.363801013737
183.41597520331857
183.4515048254189
183.5084712891624
183.56850296475633
183.64152335267326
183.74659770392526
183.75066612666942
183.82892496811502
183.87127877171258
183.94221953192692
183.99873902289195
184.1216354438727
184.1747545064299
184.28088590288564
184.34385548191472
184.47706343886026
184.59493068167407
184.62106255828917
184.63462980088863
184.781815042363
184.78672512274352
184.80248689589604
184.8815507609615
184.90907279540056
184.94803173623154
185.0043732259508
185.08956058808766
185.1565011642097
185.24893243636083
185.33393627306933
185.42549847358853
185.56106423865648
185.6777686043523
185.7567929284628
185.7616145167824
185.84251231860293
185.86653216567754
185.95634242089972
186.0333696342876
186.0820741171211
186.15488600039603
186.19580743413516
186.230841228736
186.32241080562073
186.34597009934043
186.39205885433765
186.51801134299313
186.6177337375151
186.65063692372334
186.74064532449643
186.7990396119873
186.88047434739926
186.92037190480835
186.98715986426575
187.0842205664457
187.11941323477086
187.1616452832334
187.1816783850084
187.22830791858877
187.25561808950002
187.39086643948292
187.48773990448058
187.57591703363457
187.61565396993004
187.68168248529634
187.73099002855025
187.75581101864324
187.79209104597533
187.83607323425963
187.8548154006259
187.87061458846586
187.87983519658354
187.94842903557353
187.99033625839195
188.07427721726492
188.1386930178548
188.21176259649866
188.30722886165617
188.36701721097944
188.41226116205823
188.45537069375803
188.49993334334195
188.51097640200018
188.57332575964068
188.62941894544153
188.67770270849854
188.71376883665926
188.75370824670165
188.79384641431668
188.82813591509222
188.88264055940073
188.91923126185299
188.96301375340468
189.0176820783703
189.04396780665158
189.04661963093156
189.06228455934024
189.13198772912048
189.23907379112714
189.32172736179666
189.40330511298714
189.43923994955654
189.44748565187442
189.49970349890847
189.53844870007967
189.651746792435
189.66493285839968
189.7090660082379
189.78500307627453
189.8284648333844
189.87173974462698
189.95180549077836
190.08165040213098
190.16629833503373
190.21586688100106
190.28806046603646
190.29270752488446
190.32692359286997
190.36622049037442
190.37361621114516
190.4566902496757
190.4788070315106
190.53874153986723
190.5739957242244
190.60799332729246
190.64725953324455
190.72171668828742
190.7862009533783
190.88282128934532
190.91358056790162
191.01997526848854
191.05976797640335
191.1160754965366
191.12228357295004
191.12735352835804
191.15703373995495
191.18513181585877
191.215604708945
191.24918937474422
191.3225434828317
191.34509759337462
191.39451359093056
191.4400219053766
191.51855217700046
191.56521086156832
191.56338020482647
191.5969631265045
191.617498537233
191.63437606129355
191.66425125697796
191.68513373234518
191.6916096859383
191.75777099649778
191.78389859624386
191.82673766607195
191.84264267104155
191.8515193565759
191.86285541091567
191.90425751733417
192.0016135629536
191.99658086153988
192.0939929209537
192.1186173210792
192.13515078963556
192.1441532423719
192.1937736760354
192.24775934209129
192.25437267352515
192.29785327473238
192.32348320271808
192.35607988401637
192.36951164227077
192.41081934550982
192.4649220461012
192.47354484488662
192.48671765769436
192.48904022221325
192.4838610445924
192.52472757013845
192.53256988505078
192.56445960333164
192.58338555201158
192.6294889862214
192.6624024086984
192.69346971719668
192.73670485527873
192.77435427154157
192.81585262869189
192.84446583988543
192.86264964533785
192.90567416497433
192.93680487209704
192.95787179545198
192.97695588576954
193.03137555091394
193.0419811534723
193.06749282784693
193.10618175946092
193.1243263213758
193.17267963010906
193.19989912528405
193.25449143437356
193.3647726503577
193.38473574803209
193.42776474641903
193.43860799059823
193.50303075078085
193.53805721364097
193.575496917661
193.57903848479683
193.61170570981085
193.61446390164323
193.61678248386406
193.62411690955102
193.66877067079417
193.67602788337774
193.72701170608934
193.8111245813088
193.81655371863602
193.8443578009923
193.8832706648171
193.8989055873793
193.90678937216248
193.9136115209804
193.951699781409
193.96599599507036
193.96886574160814
193.97744981616904
193.98001175918242
194.00405265686743
194.0066519473342
194.01160773322607
194.03826443981038
194.0642826357017
194.1303985953362
194.13818683357846
194.18123176863068
194.21460144859367
194.2153372545551
194.2368214781121
194.26826327088057
194.30301581224606
194.34717830880638
194.3678629718171
194.43254462939512
194.4700365305811
194.49022375664615
194.51749177936983
194.53082668521404
194.53188623008225
194.59561589416134
194.59848039330927
194.64607558024
194.69763646927436
194.77810626186644
194.791747530251
194.85959939243133
194.8612354103254
194.86316999982512
194.86792123302124
194.86884021103364
194.8902784706729
194.9311762192684
194.93298199008296
194.97266327842155
195.03135183850264
195.06163507505707
195.07070648516762
195.12477435637697
195.1500555617068
195.20635848661217
195.27154696495685
195.27420211445875
195.29850127787898
195.29496335952786
195.3571783253173
195.37063187545726
195.3904329926999
195.39410282640716
195.4368816613912
195.45676118923964
195.51829225260036
195.5277362301225
195.5540559004468
195.55381639110925
195.5721105305225
195.57467331995176
195.59715354993602
195.65143608788873
195.65031742356857
195.6500599938329
195.66452956634
195.77945111327008
195.78372370326244
195.79503684006195
195.82993980175067
195.85655336452209
195.88839136600092
195.89115108087637
195.96360035732886
195.976233524409
195.9809595554092
196.0728114198949
196.07403859834054
196.10665695535536
196.12880149375653
196.15897070255554
196.16032484570297
196.18132345387463
196.18428189178874
196.208925467941
196.20854010136142
196.2608345696169
196.30120135139387
196.31322812380134
196.33501641113818
196.4177935793554
196.4500837759514
196.49295262586188
196.52646017035593
196.55173943004579
196.58382703486643
196.63584708239293
196.69818014218347
196.7384455480405
196.7872353610185
196.81231388334098
196.8804915694354
196.88087988724752
196.8794691047472
196.90566734461044
196.90589565952172
196.94545520049581
196.97686820606387
197.0235550469648
197.05697042208496
197.08529670068765
197.13368533954394
197.18517774117672
197.21348858028784
197.25773439905055
197.2924534671851
197.33616317901271
197.45384895859317
197.51393756196956
197.5427359887364
197.59494450871503
197.67984240315025
197.70657345658813
197.75083839101504
197.78762617396671
197.88302439455953
197.91277350738847
197.9635808417739
197.9975425470881
198.0635471193342
198.14389349957247
198.22588174598488
198.2333893071051
198.3077084066826
198.3698441856166
198.39978176351468
198.43103665578752
198.47719518570656
198.51088269390922
198.57632417052304
198.61320990504552
198.66363524798265
198.66457488477127
198.66886512424358
198.68247143317294
198.73471090664714
198.78257200234856
198.78608468434675
198.7874255243111
198.81534186280723
198.84211703213256
198.90293787692875
198.9120369056609
198.9263200895739
198.93592112072622
198.9358559817361
198.9878988810387
199.05518714319163
199.06880009356104
199.0986134515428
199.12414823625005
199.17522882308214
199.18965475149878
199.2127020536758
199.22533667370934
199.2721301828471
199.28737943528023
199.3447617009515
199.367173280814
199.39304466340582
199.44326598626557
199.47883184703508
199.5344144837283
199.5544967537202
199.5973300508248
199.59876285952677
