with mode=0, handoff cost coefficient = 1.0
183.69798406671194
183.74921660406437
184.4671335100851
184.5730107417236
184.5719935164802
184.6697096609625
184.70249097789386
184.70243738903403
184.92390984804524
184.96958019299626
184.95273786628553
184.95738630944146
184.9574101384578
185.22470086936087
185.241466401221
185.32919905792184
185.63685646181645
185.7242421929129
186.03105455692491
186.44561295518182
186.43444055952398
186.43905713629522
186.5653827777149
186.81837331586794
186.8201577304719
186.88539093073717
186.92742521594687
186.9942017943825
186.99528739771716
186.99528739771716
186.99528739771716
187.10582858473234
187.46976380077118
187.94326655087585
187.98809512810732
188.1196883643046
188.11998450526244
188.20176350399242
188.20845136395485
188.2699538552291
188.28012395842535
188.6697306398653
189.02554194136195
189.02612390280714
189.25413797424716
189.32201857673027
189.47173874716927
189.60919179967388
189.63368277372538
189.63368277372538
189.98033929015102
190.02550106801496
190.16384773553227
190.26683289841614
190.33776093254738
190.3444366330916
190.36988581573348
190.6595115067547
190.6437095811618
190.6437095811618
190.69779189471006
190.710418372224
190.71078432988236
191.10749479106954
191.1734548351422
191.18616632781095
191.2139593668872
191.62473341368593
191.63564770448448
191.88741997467622
191.93524360212126
192.0581534077823
192.4429241734673
192.4726178495191
192.4947568374585
192.67868162591287
192.68219785793866
192.72854206039398
192.80860375016357
193.03722714567402
193.0371908415517
193.05250160283745
193.0402894017295
193.04061820014556
193.07483278194752
193.07474965065916
193.04770411885931
193.04770411885931
193.2241606681294
193.21691065254208
193.21691065254208
193.53141115739777
193.53197066357535
193.65989900538028
193.66362421187927
194.10951916232085
194.1071615664278
194.70204900958902
194.68979858917209
194.67353384728614
194.86903311718254
194.94226263686568
195.05559024134453
195.0543086673253
195.05592327709536
195.0566546508079
195.08044320902815
195.14732749634487
195.1677457926773
195.22132977611994
195.2670130091799
195.36668463956863
195.36668463956863
195.36668463956863
195.36738952551553
195.44555097534027
195.44555097534027
195.45115320692554
195.60824351272254
195.6024627564779
195.6185933853925
195.60575648446985
195.67700658245298
195.67606293632898
196.01484618259968
196.0479139490458
196.0692296304967
196.2499510105443
196.72582284663852
196.8428655590674
196.8428655590674
196.84840787315198
196.84840787315198
196.85958070646444
196.88790124978854
196.93234525237955
197.03946690209526
197.09769211929984
197.18470351967392
197.26846635620868
197.37220295212694
197.3552516295506
197.37457335964683
197.74355405858148
197.7859978171727
198.14802004258797
198.14802004258797
198.14756143702047
198.15369208215392
198.19212329201235
198.3248315854821
198.34071638013364
198.36152559851487
198.36152559851487
198.66866250585437
198.7959423120388
198.77139371988187
198.7714625337838
198.7688891473602
198.76925616904123
198.7959423120388
198.79364680000936
198.8160030231464
198.84773651631005
198.95269549676365
198.95948200206266
198.96348735667794
199.04808720338596
199.05407089076957
199.05622472968045
199.06991190005436
199.11484857387794
199.11804289923657
199.1196494653792
199.1196494653792
199.14989437783476
199.14994962237608
199.29402097459072
199.29733899511874
199.29748142429258
199.31080838937518
199.31080838937518
199.31094878486394
199.42640318618461
199.42667268126704
199.426631142328
199.4355118091834
199.4355876009027
199.4677074123797
199.46770996537236
199.4679871321093
199.60774873895036
199.72477111071106
199.72477884933502
199.72478394616058
199.7258278322723
199.84061539735214
199.84142807105363
199.8449134987536
199.8449134987536
200.16861042417074
200.17484772460787
200.16865737388727
200.16865737388727
200.20246734842706
200.20246734842706
200.30661434354778
200.36438567363066
200.36624059341347
200.39736794820007
200.39736794820007
200.40732465313505
200.4078227089546
200.4078227089546
200.40818630559772
200.4082097324585
200.40790917728447
200.41590526945004
200.48932553559825
200.60462107876165
200.73468855334778
200.7518501893004
200.75707007600116
200.75740001246777
200.75772491721392
200.78115780845044
200.77928102722282
200.78430935245865
200.908913201272
201.05303492904315
201.0865908298147
201.08699236347863
201.202866577758
201.2030539700649
201.2063678284289
201.2063678284289
201.21434361430556
201.21444811805546
201.52374290112584
201.52374290112584
201.52741270675187
201.5284758667683
201.53067833888014
201.53067833888014
201.53369116094603
201.54417921095177
201.55315727980383
201.562633670287
201.5649962955193
201.56176617150092
201.5756687723052
201.58288788264005
201.59011327499766
201.6735199995335
201.6735199995335
201.67360220103168
201.6914736299228
201.83069794985903
201.83070352239912
201.93408060561808
201.93432832930486
201.9343248060558
201.93603007061125
201.9764035793292
201.97354394031453
201.98922712350426
201.98967865181714
201.99049407977307
202.34002146690992
202.35604119981934
202.35996724301435
202.36551554419242
202.3655764162788
202.3712231426962
202.41588229230524
202.4129677086443
202.4129677086443
202.49849589880895
202.536665629799
202.87886825089285
203.05167484068076
203.19174732377346
203.19174732377346
203.19991063044722
203.19991063044722
203.3667039070096
203.37080915980377
203.37084490121956
203.36833945984355
203.43381297944887
203.4344296462137
203.4659945197947
203.46821730755892
203.46821730755892
203.46823768446967
203.5099293917816
203.50691956045148
203.5071022264324
203.8310553373203
203.84191643111123
203.84191643111123
203.87415886404972
204.03607067136883
204.04001060387475
204.04958830574094
204.10003080972933
204.10656507899242
204.11127770066918
204.10942442897962
204.29088247689754
204.29078885673084
204.29338966231848
204.29338966231848
204.3315948753268
204.33453562392302
204.33568409306955
204.43897578983044
204.54233142436448
204.54233142436448
204.65471266334978
204.6829995194634
204.70897039189038
204.8515750964423
204.84813541041015
204.84816597981785
204.98870203536276
204.99733468480804
205.0037709268783
205.00325760512652
205.11610345916472
205.36161727992453
205.36274094158702
205.3632809361262
205.4750280994381
205.4750280994381
205.58951237085887
205.58951237085887
205.60768802153285
205.60768802153285
205.64388828503886
205.71056242363127
205.8576065710499
205.85900813295765
205.85429135477298
205.8692971861189
205.87168738949038
205.87281144521222
205.9549632105955
205.9761178763174
205.99719183681174
206.0767122847028
206.07280468875825
206.0802925391891
206.08470573866157
206.08470573866157
206.08686087839044
206.0903333125347
206.20003409849147
206.24476854845625
206.24476854845625
206.24663002056604
206.24663002056604
206.24346430353285
206.24787292804587
206.24787292804587
206.2495472390217
206.2495472390217
206.2495472390217
206.2461008967918
206.24874484834254
206.2495472390217
206.24891559615412
206.41227602384689
206.4678149162278
206.4922476058235
206.4922476058235
206.4944121683094
206.5102443743309
206.52350811338084
206.5237431292128
206.5237431292128
206.52720000576787
206.52721160660695
206.52705814552212
206.53527093263585
206.53788815902115
206.57098594302764
206.5896160321181
206.59561553860425
206.59565698674916
206.5961875895028
206.70987930924178
206.71640298595986
206.74838626358053
206.75073603039786
206.75307629584148
206.9109838376266
206.91172220980724
206.91176247878442
206.9130236667443
206.91332750367744
206.9134898730514
206.91467891295437
206.92739924860177
207.0461482228135
207.0455394396901
207.04577616229778
207.05234450818713
207.0742741370407
207.0766454748222
207.0766454748222
207.1318791125116
207.13302615331892
207.1339775941043
207.1339775941043
207.15065785869007
207.15029791106505
207.16394493170526
207.16394493170526
207.16394493170526
207.20690722877777
207.32234729995486
207.32235578427407
207.33002393845186
207.38821384088814
207.38821384088814
207.38815975716173
207.38815975716173
207.41690171126416
207.46516847153768
207.4637518754602
207.51557175874447
207.51557175874447
207.5161425353518
207.52792984223217
207.61049024009284
207.6725527401815
207.6731281524763
207.67683158100252
207.6790648485527
207.69230262890588
207.6928844051252
207.69852254017593
207.7557893915065
207.75531926144942
207.7568193445958
207.7568193445958
207.7569587986971
207.7569632092568
207.76444330489176
207.76444330489176
207.77687085784024
207.78866480090034
207.81367221434013
207.81475552766736
207.81842979385138
207.826267153023
207.826267153023
207.82551602771383
207.82557670514186
207.82682626417176
207.8269871286089
207.87399023027305
207.8862315521576
207.89073856855174
207.89073856855174
207.91421698357595
207.91681359434165
207.91685586948745
207.91698650618665
207.91698650618665
207.9319229949555
207.93208992449362
207.9321612259542
207.93281871155153
207.93404308442277
207.93404308442277
208.0466438035485
208.0465580298811
208.04725495545048
208.07455253527394
208.07455253527394
208.07462200482382
208.07568210722383
208.07644011226034
208.13952092082832
208.14376614210795
208.14465255101913
208.19833201964906
208.19916874983878
208.25478917514067
208.25169435377032
208.3071174365681
208.3114944708284
208.33292766133602
208.33322915008088
208.33176797067503
208.33176696784838
208.3317676125088
208.33129090184812
208.48439885147937
