with mode=1, handoff cost coefficient = 1.0
183.69798406671194
183.86577326636913
184.03488320848746
184.04992834823614
184.161018010488
184.29684130108222
184.4189287530523
184.53810546926863
184.6171297201006
184.79114601574267
184.91433927466102
185.00443139671557
185.0613795187147
185.14059921452744
185.29289797289505
185.51642569195008
185.77448892395975
185.88217227881054
186.0784601657693
186.20425768096766
186.35524020420092
186.49791790536395
186.6618357849729
186.843716901162
186.93036924193018
187.01822409478504
187.08615327718778
187.16839582439093
187.34631020861468
187.4657125360579
187.61515105774936
187.7426593439107
187.8135725260832
188.02225519553724
188.13195472697154
188.22561376493803
188.36528377663404
188.4980132429096
188.58626178433005
188.7271741060161
188.8685120586312
188.90518001756482
189.06242801033093
189.15027784509041
189.26345487384012
189.438471271035
189.54498217500253
189.5936326798754
189.6888738107802
189.84967783770517
189.86902698482155
189.93933458986714
190.0683451930644
190.17507583628608
190.2482620368335
190.3335602725866
190.38228111156582
190.53568992706997
190.66673189145013
190.77762062852878
190.83166780020426
190.99023683076783
191.1136919875907
191.14114309454408
191.1830071910105
191.31317450804207
191.3973125074768
191.42512473214538
191.46124427460018
191.51868230475318
191.5562652201062
191.74572900387741
191.90671659941208
191.9987454445492
192.0782353102743
192.14404345801483
192.23272207948727
192.31465913152934
192.3696766040371
192.4586262101754
192.51045387221814
192.53834446906563
192.6419293797045
192.80125550386865
192.98638164201708
193.06444660147923
193.09415787915046
193.14263850147933
193.20102564010153
193.303342355201
193.36258101743633
193.37452931755107
193.40694004069925
193.60942138812842
193.7137148057534
193.84111671586686
194.08717450065527
194.13811430284093
194.1583244270115
194.23885354299438
194.2668748463594
194.29255268015655
194.41728813201476
194.47695965787375
194.55296834886332
194.608084268836
194.789510214967
194.8454700378246
195.0239847166299
195.17881062706917
195.22402669194847
195.246064620182
195.361356108459
195.4008083214315
195.42670208158296
195.50536201850537
195.5328095435528
195.63978507696777
195.6410889371203
195.73709203773456
195.7756902789535
195.78192960913216
195.91865549819693
195.93398148288392
195.94445369978732
195.99140052357637
196.17224959266366
196.39276142883517
196.4761751547785
196.5253246234182
196.6575317475517
196.74231234989117
196.78838698177492
196.83050325984422
197.03735761557024
197.0917584788176
197.1333587882523
197.19779237840544
197.3373812327585
197.3401840353293
197.468805419622
197.6451062567323
197.65876151714315
197.81720863181496
197.87687722071152
197.92580908580092
198.02201273019384
198.0605512959318
198.1435735864811
198.16196974304418
198.27901630089377
198.32051629065805
198.36609049103777
198.43520318607366
198.45945632941545
198.46241431140075
198.52039398689087
198.55648829481896
198.63122054707952
198.66589906523853
198.6838134346121
198.69195802821264
198.84763174033782
198.87277427713252
198.9659999847275
199.0289885663135
199.04754029598826
199.1481864773967
199.1766446536355
199.22408283958757
199.33561325441136
199.39305663297955
199.40593467917435
199.58101823987758
199.59403387393795
199.67828661073543
199.69877276437398
199.8069699553949
199.86760220996032
199.88244248348232
199.9916344213667
200.02057041190596
200.04805379834815
200.10678200717737
200.1565776258886
200.16682605371216
200.2935291932574
200.32046529707006
200.34239193222206
200.37333010375934
200.37739096273467
200.4103416833601
200.41425752031597
200.4120297985076
200.4324777250452
200.44882990451688
200.4933570326459
200.51720393280476
200.5919326444203
200.61786350829652
200.71638831364697
200.86993256136745
200.96460006725545
200.98113163221834
201.11939796833587
201.21784140395616
201.28132509134068
201.34425876937263
201.35450326082508
201.4240572388349
201.4410181435936
201.4918701652987
201.61193912561944
201.69844851345775
201.7456013741676
201.8249505422982
201.9110449646817
201.91365724004905
201.9483750466642
201.9730125185361
201.97228972964606
202.02909060142198
202.05058882315672
202.05572443477004
202.07494271494556
202.09350026713784
202.16948852980988
202.1929123248778
202.2562046748956
202.2894034025819
202.33861526089126
202.3809783619373
202.39194208786105
202.41538918722216
202.46896176939075
202.48737234592187
202.48791693956792
202.54898588428983
202.6222948188016
202.693756264371
202.72715427937024
202.73896657041917
202.7703494225099
202.82538388497224
202.98358205963052
203.03233772230774
203.03618908186004
203.1014068890666
203.10948759544272
203.1120748360583
203.1952780097607
203.21458771603463
203.2774236292747
203.28573222537787
203.2984810762863
203.34294908544277
203.49439079702603
203.50899530242492
203.61526942713834
203.65579206518632
203.70460220607382
203.72082899502468
203.80736742819408
203.82677817716464
203.9027045502843
203.92483807013505
203.92729472578904
203.92937214194825
203.99312875409134
204.00421422718887
204.06992215347782
204.08279183883647
204.14510023927227
204.1924747998993
204.25421348538129
204.25537875659296
204.3333986659929
204.36112780395715
204.43501182134017
204.46530253341095
204.47071053151404
204.4753005210824
204.51903422588938
204.5482627424079
204.571989691256
204.64172165647315
204.64019114075376
204.6520442071954
204.65917202443458
204.70449956011953
204.73224118290312
204.7609312103383
204.78383960413794
204.83250766978279
204.8576223145395
204.92501246037244
204.92798873157045
204.93720458475593
204.95093705415314
204.9501595836484
204.95347900763227
204.9674783475527
204.97029944106544
204.97239066871785
205.0073089641592
205.0814154150577
205.1506037965978
205.20910025799384
205.2368271474565
205.24563228233666
205.29255812658982
205.30340409346869
205.30815776687592
205.35928903922158
205.38292187849822
205.39664579977497
205.39519954238662
205.4882179255206
205.51941759235524
205.52521813938768
205.566852380174
205.6527511847815
205.66247684345907
205.6903065500076
205.73276266527148
205.73473363043982
205.80822228035672
205.8182318653072
205.9044851145179
205.9058735785873
205.95836916705136
206.0007880633291
206.03260681752937
206.045569319342
206.05777563929487
206.15601029514394
206.20114092178
206.2752035203433
206.3165983349434
206.35107168314946
206.3567601409455
206.3570387949883
206.42608741622382
206.43417853222854
206.43695036178477
206.46520502418733
206.47573047696957
206.51105814307712
206.54566865062137
206.54525690862013
206.6312256689559
206.66816036504073
206.66584432186906
206.71550560864944
206.75818099419877
206.7652369403881
206.77929650945615
206.78766127181035
206.79441927170603
206.79411098026407
206.7949608302049
206.7939379285095
206.79753002094176
206.8305320260841
206.83670252662583
206.8442589403156
206.84686989320676
206.88173149459556
206.88762341553377
206.8859118738436
206.89165392814368
206.92327308594417
206.94285005946213
207.03005881167917
207.04662286211567
207.0831800579548
207.12437427391757
207.18408435056116
207.23289619556897
207.2390187751707
207.25645349466643
207.25616740532703
207.25115258766667
207.28653425772416
207.28707840724456
207.28671368159902
207.32316731964534
207.3415434910477
207.3467222099653
207.4256748145004
207.46612488256375
207.47941523459866
207.54805501765048
207.5479902023207
207.5729979554138
207.58437936554282
207.69976203660795
207.69779405383824
207.70079047527824
207.75995898506937
207.78090723205426
207.78885485821618
207.80080019226912
207.86246500174786
207.95228337750143
208.03944158853483
208.0466290633804
208.07683084135016
208.11804433282458
208.24308475407472
208.2734048730202
208.3522383097077
208.41541746510111
208.48333820489586
208.48393535210977
208.49153619216872
208.49236273819326
208.50380954718958
208.5719538151301
208.590365129566
208.6181825239738
208.680819087094
208.74237374164775
208.74979077213777
208.77611341408513
208.82314147472468
208.82914618536276
208.96271939804006
208.98479613210728
208.98771851180143
209.07138684665352
209.10670353196156
209.18010016774755
209.23233624257057
209.31433149888386
209.33111376080848
209.36440677013576
209.4400276899737
209.46817783942384
209.47321418716052
209.47816831942302
209.5576338140582
209.59098720595034
209.65102951977642
209.67444864871564
209.80164392876307
209.84763766408796
209.87718340707286
209.98113117239123
210.0060029410967
210.05495504601453
210.15304244802996
210.15640395794188
210.16294707288048
210.23898707811043
210.27908361146152
210.3575895523106
210.3617424982983
210.4085391872201
210.41021159765614
210.45543667550572
210.5062076333816
210.50679713988941
210.50541868495696
210.55041062144736
210.55454841121377
210.57790372671423
210.60409152668547
210.63316779056606
210.6581874933314
210.69057138917861
210.7193959895323
210.80832441077402
210.94527918913371
210.9838956291903
211.0111267959306
211.06416008026898
211.0999304047065
211.1089541542171
211.113274174052
211.1656626689207
211.17090855248668
211.24086835328004
211.33886658053245
211.39050492797506
211.3890534829091
211.4189254680934
211.46595203088694
211.5438354946442
211.5894274596257
211.59203929691967
211.64760649654255
211.6822022080265
211.71396462309252
211.72657314232006
211.74788471981782
211.75886517899465
211.8200276537484
211.8372566802922
211.90597345918385
211.90597345918385
